subjectcode,sentences,wordtypes,swordtypes,lextypes,slextypes,wordtokens,swordtokens,lextokens,slextokens,ld,ls1,ls2,vs1,vs2,cvs1,ndw,ndwz,ndwerz,ndwesz,ttr,msttr,cttr,rttr,logttr,uber,lv,vv1,svv1,cvv1,vv2,nv,adjv,advv,modv
741,1,47,4,27,4,94,6,49,6,0.52,0.12,0.09,0.08,0.08,0.20,47,16,16.00,17.80,0.50,0.88,3.43,4.85,0.85,12.93,0.55,0.67,5.33,1.63,0.16,0.50,0.14,0.06,0.20
646,1,99,15,69,15,207,16,105,16,0.51,0.15,0.15,0.15,0.59,0.54,99,16,17.60,17.60,0.48,0.90,4.87,6.88,0.86,16.74,0.66,0.63,10.70,2.31,0.16,0.61,0.16,0.10,0.26
546,1,50,5,30,5,83,6,46,6,0.55,0.13,0.10,0.00,0.00,0.00,50,18,17.30,17.00,0.60,0.90,3.88,5.49,0.89,16.73,0.65,0.56,2.78,1.18,0.11,0.65,0.22,0.07,0.28
504,0,0,0,0,0,0,0,0,0,0,0,0,0,0,0,0,0,0,0,0,0,0,0,0,0,0,0,0,0,0,0,0,0,0
634,1,84,19,52,17,169,32,97,29,0.57,0.30,0.23,0.16,0.78,0.62,84,18,17.00,18.70,0.50,0.94,4.57,6.46,0.86,16.35,0.54,0.59,11.28,2.38,0.20,0.55,0.09,0.06,0.15
630,1,43,8,27,7,81,16,51,15,0.63,0.29,0.19,0.10,0.10,0.22,43,18,15.50,15.80,0.53,0.85,3.38,4.78,0.86,13.24,0.53,0.80,6.40,1.79,0.16,0.42,0.16,0.06,0.22
648,1,99,20,67,20,231,32,124,32,0.54,0.26,0.20,0.12,0.38,0.43,99,15,17.60,17.90,0.43,0.85,4.61,6.51,0.84,15.18,0.54,0.79,15.04,2.74,0.15,0.52,0.08,0.07,0.15
921,1,49,4,31,4,63,4,38,4,0.60,0.11,0.08,0.00,0.00,0.00,49,14,18.50,18.60,0.78,0.85,4.37,6.17,0.94,29.66,0.82,1.00,6.00,1.73,0.16,0.72,0.24,0.08,0.32
589,1,57,8,34,7,106,10,49,8,0.46,0.16,0.14,0.08,0.08,0.20,57,19,15.20,18.20,0.54,0.89,3.91,5.54,0.87,15.22,0.69,0.77,7.69,1.96,0.20,0.55,0.14,0.12,0.27
705,0,0,0,0,0,0,0,0,0,0,0,0,0,0,0,0,0,0,0,0,0,0,0,0,0,0,0,0,0,0,0,0,0,0
564,1,53,8,33,7,81,9,45,8,0.56,0.18,0.15,0.20,0.20,0.32,53,14,16.90,18.40,0.65,0.89,4.16,5.89,0.90,19.77,0.73,0.60,1.80,0.95,0.07,0.70,0.20,0.11,0.31
904,1,80,9,55,9,139,12,83,12,0.60,0.14,0.11,0.00,0.00,0.00,80,17,17.50,19.10,0.58,0.93,4.80,6.79,0.89,19.14,0.66,0.72,9.39,2.17,0.16,0.65,0.16,0.06,0.22
664,1,93,13,61,13,196,16,111,16,0.57,0.14,0.14,0.10,0.29,0.38,93,15,17.20,17.30,0.47,0.82,4.70,6.64,0.86,16.23,0.55,0.58,10.45,2.29,0.16,0.50,0.12,0.08,0.20
750,1,56,5,36,5,105,8,58,8,0.55,0.14,0.09,0.00,0.00,0.00,56,11,17.10,17.20,0.53,0.84,3.86,5.47,0.86,14.96,0.62,0.78,5.44,1.65,0.12,0.44,0.21,0.14,0.34
839,1,82,15,48,14,161,19,82,17,0.51,0.21,0.18,0.12,0.38,0.43,82,18,17.20,17.50,0.51,0.93,4.57,6.46,0.87,16.62,0.59,0.54,7.04,1.88,0.16,0.60,0.09,0.09,0.17
883,1,82,15,53,13,134,19,66,17,0.49,0.26,0.18,0.18,0.36,0.43,82,18,17.40,17.40,0.61,0.91,5.01,7.08,0.90,21.21,0.80,0.91,9.09,2.13,0.15,0.73,0.17,0.12,0.29
640,1,124,23,79,22,242,29,117,27,0.48,0.23,0.19,0.13,0.52,0.51,124,18,18.30,18.10,0.51,0.91,5.64,7.97,0.88,19.57,0.68,0.68,14.23,2.67,0.18,0.61,0.15,0.11,0.26
853,1,28,5,18,5,60,7,33,7,0.55,0.21,0.18,0.29,0.57,0.53,28,18,15.20,17.00,0.47,0.88,2.56,3.61,0.81,9.55,0.55,0.71,3.57,1.34,0.15,0.45,0.12,0.03,0.15
526,1,66,8,44,8,115,9,66,9,0.57,0.14,0.12,0.00,0.00,0.00,66,20,18.10,17.90,0.57,0.90,4.35,6.15,0.88,17.61,0.67,0.69,7.56,1.94,0.17,0.68,0.18,0.06,0.24
699,1,58,9,40,8,81,10,48,9,0.59,0.19,0.16,0.13,0.27,0.37,58,19,18.30,18.20,0.72,0.91,4.56,6.44,0.92,25.11,0.83,0.80,9.60,2.19,0.25,0.76,0.15,0.10,0.25
636,1,102,23,72,23,187,27,110,27,0.59,0.25,0.23,0.10,0.19,0.31,102,17,18.70,18.00,0.55,0.92,5.27,7.46,0.88,19.61,0.65,0.62,8.05,2.01,0.12,0.64,0.15,0.06,0.21
919,1,41,5,23,5,74,6,38,6,0.51,0.16,0.12,0.00,0.00,0.00,41,15,16.40,16.20,0.55,0.80,3.37,4.77,0.86,13.62,0.61,0.45,2.27,1.07,0.13,0.57,0.13,0.13,0.26
562,1,74,15,48,15,154,19,83,19,0.54,0.23,0.20,0.18,0.36,0.43,74,16,17.40,17.80,0.48,0.86,4.22,5.96,0.85,15.03,0.58,0.73,5.82,1.71,0.10,0.50,0.19,0.06,0.25
587,1,96,19,66,17,216,29,114,27,0.53,0.24,0.20,0.08,0.17,0.29,96,16,17.60,18.20,0.44,0.91,4.62,6.53,0.85,15.47,0.58,0.67,10.67,2.31,0.14,0.51,0.11,0.10,0.21
604,0,0,0,0,0,0,0,0,0,0,0,0,0,0,0,0,0,0,0,0,0,0,0,0,0,0,0,0,0,0,0,0,0,0
662,1,55,12,36,11,77,14,46,13,0.60,0.28,0.22,0.08,0.08,0.20,55,18,17.90,18.30,0.71,0.95,4.43,6.27,0.92,24.35,0.78,0.75,6.75,1.84,0.20,0.81,0.20,0.13,0.33
888,1,20,3,15,3,33,3,21,3,0.64,0.14,0.15,0.00,0.00,0.00,20,12,14.00,11.40,0.61,0.60,2.46,3.48,0.86,10.60,0.71,0.60,1.80,0.95,0.14,0.64,0.14,0.10,0.24
642,0,0,0,0,0,0,0,0,0,0,0,0,0,0,0,0,0,0,0,0,0,0,0,0,0,0,0,0,0,0,0,0,0,0
703,1,52,7,33,7,91,13,53,13,0.58,0.25,0.13,0.00,0.00,0.00,52,12,17.30,18.00,0.57,0.82,3.85,5.45,0.88,15.79,0.62,0.89,7.11,1.89,0.15,0.57,0.17,0.13,0.30
517,1,81,15,57,14,190,24,106,23,0.56,0.22,0.19,0.10,0.30,0.39,81,17,17.10,17.80,0.43,0.88,4.16,5.88,0.84,14.02,0.54,0.57,9.63,2.19,0.16,0.52,0.12,0.05,0.17
592,1,46,7,28,6,67,8,34,7,0.51,0.21,0.15,0.22,0.44,0.47,46,17,17.30,18.10,0.69,0.92,3.97,5.62,0.91,20.42,0.82,1.00,9.00,2.12,0.26,0.71,0.15,0.15,0.29
651,1,80,12,52,12,156,18,86,18,0.55,0.21,0.15,0.14,0.41,0.45,80,19,18.20,17.20,0.51,0.89,4.53,6.41,0.87,16.58,0.60,0.68,10.23,2.26,0.17,0.50,0.16,0.07,0.23
545,1,24,4,14,3,31,4,17,3,0.55,0.18,0.17,0.25,0.25,0.35,24,17,16.90,18.50,0.77,0.85,3.05,4.31,0.93,20.01,0.82,0.75,2.25,1.06,0.18,0.90,0.12,0.00,0.12
661,1,54,10,36,9,86,14,48,13,0.56,0.27,0.19,0.00,0.00,0.00,54,18,17.80,18.20,0.63,0.93,4.12,5.82,0.90,18.52,0.75,0.50,1.50,0.87,0.06,0.76,0.21,0.08,0.29
610,1,61,11,40,11,127,14,73,14,0.57,0.19,0.18,0.16,0.47,0.49,61,17,16.60,16.90,0.48,0.85,3.83,5.41,0.85,13.90,0.55,0.68,8.89,2.11,0.18,0.46,0.11,0.10,0.21
654,1,38,9,25,8,65,12,35,11,0.54,0.31,0.24,0.00,0.00,0.00,38,17,16.10,17.70,0.58,0.85,3.33,4.71,0.87,14.10,0.71,1.00,6.00,1.73,0.17,0.55,0.14,0.11,0.26
794,1,88,24,58,23,163,28,87,27,0.53,0.31,0.27,0.13,0.27,0.37,88,15,18.20,18.10,0.54,0.89,4.87,6.89,0.88,18.28,0.67,0.67,6.67,1.83,0.11,0.63,0.10,0.09,0.20
844,1,24,4,13,4,36,5,18,5,0.50,0.28,0.17,0.17,0.17,0.29,24,15,16.30,15.20,0.67,0.75,2.83,4.00,0.89,13.75,0.72,0.83,4.17,1.44,0.28,0.75,0.11,0.00,0.11
602,1,98,22,67,21,209,38,112,37,0.54,0.33,0.22,0.12,0.50,0.50,98,18,17.60,16.40,0.47,0.85,4.79,6.78,0.86,16.37,0.60,0.59,11.28,2.38,0.17,0.62,0.14,0.06,0.21
647,1,89,19,60,18,197,39,108,38,0.55,0.35,0.21,0.19,0.96,0.69,89,18,17.40,18.10,0.45,0.89,4.48,6.34,0.85,15.26,0.56,0.69,12.46,2.50,0.17,0.51,0.12,0.06,0.18
502,1,20,4,12,4,27,4,16,4,0.59,0.25,0.20,0,0,0,20,15,15.80,15.00,0.74,0.75,2.72,3.85,0.91,15.72,0.75,0,0,0,0.00,0.70,0.25,0.06,0.31
531,1,118,15,77,15,222,23,129,23,0.58,0.18,0.13,0.15,0.76,0.62,118,18,19.20,17.90,0.53,0.93,5.60,7.92,0.88,20.06,0.60,0.64,13.36,2.58,0.16,0.63,0.12,0.11,0.22
521,1,56,14,42,14,115,14,68,14,0.59,0.21,0.25,0.19,0.76,0.62,56,17,16.10,16.60,0.49,0.85,3.69,5.22,0.85,13.59,0.62,0.67,9.33,2.16,0.21,0.52,0.18,0.04,0.22
749,1,44,10,32,10,65,12,42,12,0.65,0.29,0.23,0.20,0.40,0.45,44,17,17.40,17.30,0.68,0.90,3.86,5.46,0.91,19.39,0.76,0.90,8.10,2.01,0.21,0.71,0.17,0.12,0.29
913,1,46,6,24,6,73,7,39,7,0.53,0.18,0.13,0.00,0.00,0.00,46,18,17.10,17.90,0.63,0.87,3.81,5.38,0.89,17.31,0.62,0.56,2.78,1.18,0.13,0.65,0.18,0.05,0.23
773,1,52,5,32,5,89,6,44,6,0.49,0.14,0.10,0.00,0.00,0.00,52,18,17.50,17.00,0.58,0.92,3.90,5.51,0.88,16.28,0.73,0.69,6.23,1.77,0.20,0.67,0.20,0.05,0.25
849,1,66,7,47,7,122,9,71,9,0.58,0.13,0.11,0.12,0.25,0.35,66,17,17.00,18.50,0.54,0.88,4.23,5.98,0.87,16.31,0.66,0.75,9.00,2.12,0.17,0.67,0.15,0.08,0.24
885,1,100,11,64,9,228,15,132,13,0.58,0.10,0.11,0.09,0.37,0.43,100,16,17.60,18.80,0.44,0.90,4.68,6.62,0.85,15.53,0.48,0.56,13.40,2.59,0.18,0.47,0.08,0.06,0.14
785,1,79,9,50,9,166,17,79,17,0.48,0.22,0.11,0.10,0.20,0.32,79,17,16.60,17.10,0.48,0.89,4.34,6.13,0.85,15.28,0.63,0.80,12.80,2.53,0.20,0.47,0.19,0.08,0.27
525,1,65,10,37,9,136,16,75,15,0.55,0.20,0.15,0.07,0.07,0.18,65,15,17.40,17.90,0.48,0.88,3.94,5.57,0.85,14.20,0.49,0.60,5.40,1.64,0.12,0.47,0.12,0.04,0.16
846,1,73,14,49,14,135,23,69,23,0.51,0.33,0.19,0.00,0.00,0.00,73,16,16.60,17.30,0.54,0.88,4.44,6.28,0.87,17.00,0.71,0.71,7.14,1.89,0.14,0.69,0.14,0.07,0.22
746,0,0,0,0,0,0,0,0,0,0,0,0,0,0,0,0,0,0,0,0,0,0,0,0,0,0,0,0,0,0,0,0,0,0
697,1,91,15,62,15,197,24,124,24,0.63,0.19,0.16,0.08,0.24,0.35,91,17,17.30,15.70,0.46,0.88,4.58,6.48,0.85,15.70,0.50,0.49,8.76,2.09,0.15,0.54,0.10,0.06,0.17
656,1,97,18,70,18,244,28,130,28,0.53,0.22,0.19,0.08,0.25,0.35,97,16,17.30,16.60,0.40,0.85,4.39,6.21,0.83,14.23,0.54,0.44,7.11,1.89,0.12,0.53,0.11,0.07,0.18
689,1,80,12,50,10,162,18,94,16,0.58,0.17,0.15,0.05,0.05,0.15,80,15,17.80,16.40,0.49,0.85,4.44,6.29,0.86,15.93,0.53,0.62,8.05,2.01,0.14,0.53,0.11,0.04,0.15
519,1,60,6,39,6,124,11,69,11,0.56,0.16,0.10,0.06,0.06,0.17,60,17,16.90,17.90,0.48,0.85,3.81,5.39,0.85,13.90,0.57,0.61,6.72,1.83,0.16,0.50,0.10,0.07,0.17
730,1,84,15,58,15,147,17,81,17,0.55,0.21,0.18,0.08,0.08,0.20,84,15,18.50,18.60,0.57,0.92,4.90,6.93,0.89,19.33,0.72,0.77,7.69,1.96,0.12,0.72,0.17,0.09,0.26
704,0,0,0,0,0,0,0,0,0,0,0,0,0,0,0,0,0,0,0,0,0,0,0,0,0,0,0,0,0,0,0,0,0,0
701,1,26,2,17,2,32,2,19,2,0.59,0.11,0.08,0.00,0.00,0.00,26,17,17.70,17.90,0.81,0.85,3.25,4.60,0.94,25.12,0.89,0.50,0.50,0.50,0.05,0.86,0.32,0.21,0.53
801,1,77,15,50,14,148,21,82,20,0.55,0.24,0.19,0.14,0.43,0.46,77,16,17.10,17.70,0.52,0.87,4.48,6.33,0.87,16.60,0.61,0.71,10.71,2.31,0.18,0.57,0.15,0.07,0.22
868,1,74,8,50,8,115,10,66,10,0.57,0.15,0.11,0.06,0.06,0.18,74,18,18.70,18.60,0.64,0.92,4.88,6.90,0.91,22.18,0.76,0.81,10.56,2.30,0.20,0.70,0.11,0.17,0.27
569,1,27,6,17,6,38,7,24,7,0.63,0.29,0.22,0.00,0.00,0.00,27,18,16.00,17.00,0.71,0.90,3.10,4.38,0.91,16.82,0.71,0.67,2.67,1.15,0.17,0.64,0.21,0.04,0.25
819,1,57,9,40,8,114,12,70,11,0.61,0.16,0.16,0.12,0.24,0.34,57,18,16.10,15.90,0.50,0.82,3.77,5.34,0.85,14.05,0.57,0.59,5.88,1.71,0.14,0.44,0.17,0.10,0.27
563,1,34,4,20,3,58,5,31,4,0.53,0.13,0.12,0.00,0.00,0.00,34,17,16.50,17.30,0.59,0.88,3.16,4.46,0.87,13.41,0.65,0.71,3.57,1.34,0.16,0.47,0.19,0.06,0.26
516,1,41,5,26,5,67,5,39,5,0.58,0.13,0.12,0.12,0.12,0.25,41,17,16.90,18.40,0.61,0.92,3.54,5.01,0.88,15.63,0.67,0.75,4.50,1.50,0.15,0.50,0.21,0.10,0.31
643,1,57,5,35,5,101,8,53,8,0.52,0.15,0.09,0.00,0.00,0.00,57,14,17.40,18.30,0.56,0.85,4.01,5.67,0.88,16.17,0.66,0.69,6.23,1.77,0.17,0.61,0.17,0.02,0.19
889,1,43,8,26,8,68,9,41,9,0.60,0.22,0.19,0.10,0.10,0.22,43,17,17.10,17.90,0.63,0.88,3.69,5.21,0.89,16.87,0.63,0.70,4.90,1.57,0.17,0.53,0.22,0.05,0.27
612,1,35,8,23,8,54,10,32,10,0.59,0.31,0.23,0.44,1.78,0.94,35,16,17.00,17.10,0.65,0.80,3.37,4.76,0.89,15.94,0.72,0.78,5.44,1.65,0.22,0.79,0.12,0.06,0.19
622,1,103,27,77,26,191,28,99,27,0.52,0.27,0.26,0.24,1.44,0.85,103,18,17.10,17.90,0.54,0.90,5.27,7.45,0.88,19.40,0.78,0.88,19.36,3.11,0.22,0.70,0.20,0.03,0.23
566,1,49,7,35,7,87,10,51,10,0.59,0.20,0.14,0.12,0.25,0.35,49,15,15.70,17.40,0.56,0.83,3.71,5.25,0.87,15.09,0.69,0.62,6.25,1.77,0.20,0.64,0.16,0.04,0.20
547,0,0,0,0,0,0,0,0,0,0,0,0,0,0,0,0,0,0,0,0,0,0,0,0,0,0,0,0,0,0,0,0,0,0
831,1,65,15,43,14,105,18,59,16,0.56,0.27,0.23,0.21,0.64,0.57,65,16,17.30,18.40,0.62,0.85,4.49,6.34,0.90,19.61,0.73,0.71,7.14,1.89,0.17,0.75,0.17,0.12,0.29
791,1,72,7,46,7,163,15,88,15,0.54,0.17,0.10,0.12,0.36,0.42,72,16,17.40,17.20,0.44,0.84,3.99,5.64,0.84,13.79,0.52,0.60,9.00,2.12,0.17,0.46,0.10,0.05,0.15
807,1,33,4,18,3,49,4,27,3,0.55,0.11,0.12,0.25,0.50,0.50,33,16,16.40,17.60,0.67,0.85,3.33,4.71,0.90,16.64,0.67,0.62,3.12,1.25,0.19,0.50,0.22,0.07,0.30
677,1,103,20,63,19,214,25,101,24,0.47,0.24,0.19,0.04,0.04,0.14,103,17,17.50,17.70,0.48,0.88,4.98,7.04,0.86,17.10,0.62,0.69,12.46,2.50,0.18,0.58,0.14,0.06,0.20
742,1,58,10,36,9,124,16,67,15,0.54,0.22,0.17,0.30,0.90,0.67,58,18,17.50,17.50,0.47,0.88,3.68,5.21,0.84,13.28,0.54,0.90,8.10,2.01,0.13,0.49,0.13,0.06,0.19
734,1,37,6,27,6,71,8,43,8,0.61,0.19,0.16,0.17,0.33,0.41,37,18,15.90,17.80,0.52,0.92,3.10,4.39,0.85,12.11,0.63,0.58,4.08,1.43,0.16,0.53,0.21,0.07,0.28
756,1,88,14,64,14,178,18,96,18,0.54,0.19,0.16,0.10,0.20,0.32,88,17,17.80,18.00,0.49,0.89,4.66,6.60,0.86,16.55,0.67,0.70,9.80,2.21,0.15,0.61,0.17,0.10,0.27
591,1,72,12,46,11,132,20,69,19,0.52,0.28,0.17,0.00,0.00,0.00,72,13,16.90,18.90,0.55,0.87,4.43,6.27,0.88,17.08,0.67,0.85,9.31,2.16,0.16,0.55,0.19,0.07,0.26
848,1,50,9,34,8,98,11,56,9,0.57,0.16,0.18,0.08,0.08,0.20,50,18,16.10,17.80,0.51,0.88,3.57,5.05,0.85,13.57,0.61,0.75,6.75,1.84,0.16,0.52,0.16,0.09,0.25
745,1,61,7,32,6,116,9,51,8,0.44,0.16,0.11,0.18,0.36,0.43,61,17,16.10,16.50,0.53,0.85,4.00,5.66,0.86,15.27,0.63,0.64,4.45,1.49,0.14,0.61,0.20,0.02,0.22
914,1,85,18,56,17,176,26,90,24,0.51,0.27,0.21,0.13,0.27,0.37,85,16,17.80,18.40,0.48,0.89,4.53,6.41,0.86,15.95,0.62,0.67,6.67,1.83,0.11,0.64,0.13,0.10,0.23
845,1,49,11,31,11,74,12,39,12,0.53,0.31,0.22,0.14,0.14,0.27,49,15,16.30,17.60,0.66,0.83,4.03,5.70,0.90,19.52,0.79,0.86,5.14,1.60,0.15,0.68,0.26,0.05,0.31
804,1,60,13,40,12,129,16,67,15,0.52,0.22,0.22,0.20,0.40,0.45,60,18,15.80,17.50,0.47,0.83,3.74,5.28,0.84,13.40,0.60,0.80,6.40,1.79,0.12,0.55,0.22,0.04,0.27
710,1,13,2,8,2,14,2,9,2,0.64,0.22,0.15,0.00,0.00,0.00,13,13,13,13,0.93,0.93,2.46,3.47,0.97,40.81,0.89,1.00,2.00,1.00,0.22,0.83,0.11,0.00,0.11
657,0,0,0,0,0,0,0,0,0,0,0,0,0,0,0,0,0,0,0,0,0,0,0,0,0,0,0,0,0,0,0,0,0,0
565,1,73,11,49,11,136,12,72,12,0.53,0.17,0.15,0.08,0.08,0.20,73,15,17.80,17.00,0.54,0.88,4.43,6.26,0.87,16.85,0.68,0.92,10.08,2.25,0.15,0.60,0.11,0.08,0.19
625,1,123,22,84,20,263,30,135,28,0.51,0.21,0.18,0.12,0.47,0.49,123,15,18.60,17.70,0.47,0.88,5.36,7.58,0.86,17.74,0.62,0.71,16.94,2.91,0.18,0.62,0.17,0.09,0.26
901,1,64,13,41,13,108,17,62,17,0.57,0.27,0.20,0.20,0.60,0.55,64,11,18.10,16.40,0.59,0.84,4.35,6.16,0.89,18.20,0.66,0.73,8.07,2.01,0.18,0.63,0.10,0.05,0.15
733,1,103,20,71,18,197,23,110,20,0.56,0.18,0.19,0.17,0.83,0.65,103,17,17.90,18.20,0.52,0.92,5.19,7.34,0.88,18.69,0.65,0.67,13.33,2.58,0.18,0.61,0.14,0.08,0.22
588,1,11,2,7,2,11,2,7,2,0.64,0.29,0.18,0,0,0,11,11,11,11,1.00,1.00,2.35,3.32,1.00,NaN,1.00,0,0,0,0.00,1.00,0.57,0.00,0.57
522,1,54,7,35,6,122,12,64,11,0.52,0.17,0.13,0.00,0.00,0.00,54,17,14.50,17.10,0.44,0.85,3.46,4.89,0.83,12.30,0.55,0.75,6.75,1.84,0.14,0.50,0.11,0.03,0.14
707,0,0,0,0,0,0,0,0,0,0,0,0,0,0,0,0,0,0,0,0,0,0,0,0,0,0,0,0,0,0,0,0,0,0
590,1,57,8,34,8,112,13,61,13,0.54,0.21,0.14,0.00,0.00,0.00,57,16,16.50,16.90,0.51,0.86,3.81,5.39,0.86,14.32,0.56,0.71,7.14,1.89,0.16,0.42,0.11,0.07,0.18
779,1,90,15,62,14,174,23,95,22,0.55,0.23,0.17,0.11,0.22,0.33,90,16,17.00,17.10,0.52,0.88,4.82,6.82,0.87,17.53,0.65,0.89,14.22,2.67,0.17,0.57,0.13,0.07,0.20
782,1,19,2,11,2,24,2,13,2,0.54,0.15,0.11,0.00,0.00,0.00,19,15,16.50,16.30,0.79,0.75,2.74,3.88,0.93,18.78,0.85,1.00,2.00,1.00,0.15,0.75,0.15,0.08,0.23
632,1,82,12,56,12,176,18,93,18,0.53,0.19,0.15,0.08,0.15,0.28,82,18,17.20,16.20,0.47,0.84,4.37,6.18,0.85,15.20,0.60,0.69,12.46,2.50,0.19,0.50,0.12,0.09,0.20
653,1,101,17,72,17,226,21,120,21,0.53,0.17,0.17,0.10,0.30,0.39,101,18,17.40,18.10,0.45,0.87,4.75,6.72,0.85,15.84,0.60,0.63,12.03,2.45,0.16,0.59,0.17,0.06,0.23
678,1,88,11,55,9,191,15,100,12,0.52,0.12,0.12,0.00,0.00,0.00,88,19,17.60,16.90,0.46,0.87,4.50,6.37,0.85,15.46,0.55,0.50,6.50,1.80,0.13,0.60,0.09,0.10,0.19
790,1,82,13,57,12,165,19,91,17,0.55,0.19,0.16,0.17,0.50,0.50,82,15,16.10,17.80,0.50,0.88,4.51,6.38,0.86,16.19,0.63,0.67,8.00,2.00,0.13,0.60,0.15,0.11,0.26
754,1,86,14,55,11,155,21,84,18,0.54,0.21,0.16,0.04,0.04,0.14,86,19,17.50,18.40,0.55,0.93,4.88,6.91,0.88,18.75,0.65,0.67,10.67,2.31,0.19,0.62,0.11,0.11,0.21
688,1,86,16,60,16,180,25,109,25,0.61,0.23,0.19,0.05,0.05,0.16,86,15,17.00,16.30,0.48,0.81,4.53,6.41,0.86,15.86,0.55,0.45,4.05,1.42,0.08,0.58,0.12,0.06,0.18
759,1,122,23,89,23,254,33,144,33,0.57,0.23,0.19,0.09,0.28,0.38,122,16,17.50,18.70,0.48,0.92,5.41,7.65,0.87,18.16,0.62,0.66,13.78,2.62,0.15,0.53,0.15,0.10,0.25
753,1,80,15,53,13,170,18,86,16,0.51,0.19,0.19,0.00,0.00,0.00,80,18,17.80,17.40,0.47,0.91,4.34,6.14,0.85,15.20,0.62,0.65,8.45,2.06,0.15,0.60,0.09,0.09,0.19
910,1,75,12,50,12,141,20,80,20,0.57,0.25,0.16,0.21,0.84,0.65,75,15,17.70,17.60,0.53,0.88,4.47,6.32,0.87,16.85,0.62,0.74,10.32,2.27,0.17,0.52,0.16,0.10,0.26
814,1,80,9,50,9,151,12,82,12,0.54,0.15,0.11,0.12,0.25,0.35,80,15,17.40,16.80,0.53,0.87,4.60,6.51,0.87,17.21,0.61,0.56,5.06,1.59,0.11,0.59,0.18,0.10,0.28
673,1,67,7,39,7,134,11,63,11,0.47,0.17,0.10,0.07,0.07,0.19,67,17,17.70,15.70,0.50,0.87,4.09,5.79,0.86,15.03,0.62,0.43,2.57,1.13,0.10,0.66,0.17,0.10,0.27
581,1,32,7,18,7,54,8,29,8,0.54,0.28,0.22,0.00,0.00,0.00,32,18,16.30,16.90,0.59,0.88,3.08,4.35,0.87,13.21,0.62,0.83,4.17,1.44,0.17,0.53,0.14,0.07,0.21
720,1,47,7,30,7,87,8,44,8,0.51,0.18,0.15,0.10,0.10,0.22,47,16,15.80,17.60,0.54,0.85,3.56,5.04,0.86,14.07,0.68,0.70,4.90,1.57,0.16,0.62,0.14,0.11,0.25
574,1,67,13,47,12,127,17,74,16,0.58,0.22,0.19,0.20,0.40,0.45,67,14,16.90,16.80,0.53,0.86,4.20,5.95,0.87,15.94,0.64,0.80,6.40,1.79,0.11,0.58,0.23,0.09,0.32
532,1,59,8,38,8,116,9,68,9,0.59,0.13,0.14,0.13,0.39,0.44,59,18,16.80,18.00,0.51,0.86,3.87,5.48,0.86,14.52,0.56,0.57,7.35,1.92,0.19,0.50,0.13,0.10,0.24
818,1,41,5,25,5,66,5,36,5,0.55,0.14,0.12,0.00,0.00,0.00,41,15,16.10,17.60,0.62,0.85,3.57,5.05,0.89,16.01,0.69,0.60,3.60,1.34,0.17,0.63,0.08,0.11,0.19
842,1,65,9,42,9,113,15,67,15,0.59,0.22,0.14,0.07,0.07,0.19,65,16,18.20,17.30,0.58,0.91,4.32,6.11,0.88,17.55,0.63,0.64,5.79,1.70,0.13,0.60,0.15,0.10,0.25
740,1,40,5,23,5,60,6,30,6,0.50,0.20,0.12,0.12,0.12,0.25,40,18,17.10,17.90,0.67,0.90,3.65,5.16,0.90,17.96,0.77,0.88,6.12,1.75,0.23,0.62,0.23,0.03,0.27
571,1,45,8,29,8,89,9,48,9,0.54,0.19,0.18,0.17,0.33,0.41,45,17,16.50,18.10,0.51,0.89,3.37,4.77,0.85,12.83,0.60,0.67,5.33,1.63,0.17,0.48,0.15,0.02,0.17
886,1,71,12,44,10,151,12,82,10,0.54,0.12,0.17,0.04,0.04,0.15,71,18,17.50,17.60,0.47,0.89,4.09,5.78,0.85,14.49,0.54,0.52,6.26,1.77,0.15,0.56,0.11,0.09,0.20
665,1,84,11,55,10,176,17,94,16,0.53,0.17,0.13,0.18,0.53,0.51,84,17,17.40,17.90,0.48,0.86,4.48,6.33,0.86,15.70,0.59,0.71,8.47,2.06,0.13,0.61,0.15,0.09,0.23
674,1,57,7,36,6,106,9,54,7,0.51,0.13,0.12,0.09,0.09,0.21,57,14,17.40,17.90,0.54,0.82,3.91,5.54,0.87,15.22,0.67,0.82,7.36,1.92,0.17,0.53,0.13,0.09,0.22
906,1,78,9,44,8,161,11,77,9,0.48,0.12,0.12,0.06,0.06,0.18,78,15,17.90,17.80,0.48,0.87,4.35,6.15,0.86,15.47,0.57,0.44,3.06,1.24,0.09,0.57,0.17,0.06,0.23
847,1,110,12,72,12,255,16,121,16,0.47,0.13,0.11,0.00,0.00,0.00,110,16,17.30,17.50,0.43,0.89,4.87,6.89,0.85,15.86,0.60,0.71,12.04,2.45,0.14,0.54,0.15,0.08,0.23
890,1,98,15,67,14,192,20,106,19,0.55,0.18,0.15,0.18,0.89,0.67,98,17,17.90,17.70,0.51,0.89,5.00,7.07,0.87,17.85,0.63,0.64,11.57,2.41,0.17,0.60,0.14,0.09,0.24
854,1,51,10,33,10,97,12,54,12,0.56,0.22,0.20,0.06,0.06,0.18,51,15,16.50,16.90,0.53,0.81,3.66,5.18,0.86,14.14,0.61,0.62,6.25,1.77,0.19,0.62,0.09,0.11,0.20
881,1,164,37,122,36,378,55,201,54,0.53,0.27,0.23,0.13,0.80,0.63,164,19,17.20,18.00,0.43,0.86,5.96,8.44,0.86,18.32,0.61,0.64,18.69,3.06,0.14,0.59,0.15,0.08,0.23
732,1,72,6,45,5,192,13,93,12,0.48,0.13,0.08,0.07,0.15,0.27,72,20,16.40,17.40,0.38,0.89,3.67,5.20,0.81,12.24,0.48,0.48,6.26,1.77,0.14,0.44,0.13,0.09,0.22
907,1,92,23,70,23,188,27,110,27,0.59,0.25,0.25,0.18,0.73,0.60,92,18,17.70,18.20,0.49,0.90,4.74,6.71,0.86,16.66,0.64,0.68,10.23,2.26,0.14,0.61,0.17,0.07,0.25
862,1,107,15,70,14,225,27,128,26,0.57,0.20,0.14,0.08,0.16,0.28,107,19,18.30,18.50,0.48,0.94,5.04,7.13,0.86,17.14,0.55,0.68,11.56,2.40,0.13,0.49,0.15,0.09,0.24
762,1,106,17,73,16,192,19,103,18,0.54,0.17,0.16,0.12,0.35,0.42,106,19,17.40,17.90,0.55,0.92,5.41,7.65,0.89,20.21,0.71,0.77,15.38,2.77,0.19,0.63,0.15,0.09,0.23
909,1,50,7,29,6,102,11,52,10,0.51,0.19,0.14,0.06,0.06,0.17,50,17,15.90,17.50,0.49,0.84,3.50,4.95,0.85,13.03,0.56,0.47,3.76,1.37,0.15,0.60,0.06,0.12,0.17
715,1,84,18,53,17,159,25,83,24,0.52,0.29,0.21,0.23,1.14,0.75,84,16,17.70,17.80,0.53,0.88,4.71,6.66,0.87,17.49,0.64,0.77,13.14,2.56,0.20,0.62,0.06,0.08,0.14
884,1,112,31,82,29,243,43,134,39,0.55,0.29,0.28,0.25,1.50,0.87,112,16,17.50,18.30,0.46,0.87,5.08,7.18,0.86,16.92,0.61,0.58,8.17,2.02,0.10,0.58,0.19,0.09,0.28
709,1,46,4,30,4,67,5,42,5,0.63,0.12,0.09,0.09,0.09,0.21,46,17,18.10,18.40,0.69,0.92,3.97,5.62,0.91,20.42,0.71,0.73,5.82,1.71,0.19,0.71,0.17,0.02,0.19
800,1,50,9,31,8,100,14,54,11,0.54,0.20,0.18,0.11,0.21,0.32,50,17,16.00,17.60,0.50,0.90,3.54,5.00,0.85,13.29,0.57,0.58,6.37,1.78,0.20,0.45,0.11,0.07,0.19
628,1,45,8,27,7,69,10,33,8,0.48,0.24,0.18,0.17,0.17,0.29,45,18,17.00,18.40,0.65,0.90,3.83,5.42,0.90,18.21,0.82,0.67,2.67,1.15,0.12,0.78,0.21,0.06,0.27
871,1,57,8,38,8,97,10,49,10,0.51,0.20,0.14,0.08,0.08,0.20,57,16,17.10,17.10,0.59,0.86,4.09,5.79,0.88,17.10,0.78,0.85,9.31,2.16,0.22,0.74,0.18,0.10,0.29
700,1,122,20,95,20,246,28,151,28,0.61,0.19,0.16,0.08,0.25,0.35,122,17,18.30,18.40,0.50,0.90,5.50,7.78,0.87,18.77,0.63,0.64,14.69,2.71,0.15,0.56,0.17,0.09,0.25
594,1,51,7,31,7,94,9,50,9,0.53,0.18,0.14,0.08,0.08,0.20,51,15,17.70,16.40,0.54,0.85,3.72,5.26,0.87,14.66,0.62,0.69,6.23,1.77,0.18,0.58,0.10,0.08,0.18
611,1,75,23,50,22,135,29,71,28,0.53,0.39,0.31,0.40,1.60,0.89,75,18,17.90,17.90,0.56,0.93,4.56,6.45,0.88,17.78,0.70,0.70,4.90,1.57,0.10,0.70,0.15,0.07,0.23
687,1,92,26,67,26,219,35,123,35,0.56,0.28,0.28,0.26,2.06,1.02,92,15,16.80,16.50,0.42,0.83,4.40,6.22,0.84,14.54,0.54,0.61,11.65,2.41,0.15,0.51,0.13,0.07,0.20
527,1,69,7,48,7,125,11,72,11,0.58,0.15,0.10,0.05,0.05,0.16,69,16,18.10,17.90,0.55,0.85,4.36,6.17,0.88,17.04,0.67,0.74,10.32,2.27,0.19,0.60,0.17,0.12,0.29
660,1,59,7,37,7,103,9,56,9,0.54,0.16,0.12,0.14,0.29,0.38,59,17,18.20,18.60,0.57,0.90,4.11,5.81,0.88,16.74,0.66,0.71,7.14,1.89,0.18,0.69,0.12,0.04,0.16
576,1,42,4,26,4,72,5,39,5,0.54,0.13,0.10,0.12,0.12,0.25,42,15,16.00,17.10,0.58,0.85,3.50,4.95,0.87,14.74,0.67,1.00,8.00,2.00,0.21,0.53,0.15,0.08,0.23
775,1,87,17,59,17,205,23,120,23,0.59,0.19,0.20,0.06,0.11,0.24,87,17,17.30,16.20,0.42,0.84,4.30,6.08,0.84,14.36,0.49,0.46,7.31,1.91,0.13,0.47,0.10,0.09,0.19
838,1,47,6,30,6,76,6,40,6,0.53,0.15,0.13,0.08,0.08,0.20,47,18,17.00,16.90,0.62,0.85,3.81,5.39,0.89,16.95,0.75,0.83,8.33,2.04,0.25,0.77,0.20,0.05,0.25
542,1,16,1,10,1,22,1,12,1,0.55,0.08,0.06,0.00,0.00,0.00,16,16,14.70,14.80,0.73,0.80,2.41,3.41,0.90,13.03,0.83,0.67,1.33,0.82,0.17,0.86,0.17,0.00,0.17
675,1,88,12,51,11,211,23,110,22,0.52,0.20,0.14,0.06,0.12,0.25,88,16,16.50,17.00,0.42,0.86,4.28,6.06,0.84,14.22,0.46,0.52,8.76,2.09,0.15,0.44,0.07,0.06,0.14
551,1,73,16,49,16,149,24,81,24,0.54,0.30,0.22,0.14,0.43,0.46,73,16,17.50,17.30,0.49,0.86,4.23,5.98,0.86,15.24,0.60,0.67,9.33,2.16,0.17,0.56,0.12,0.07,0.20
820,1,108,11,75,10,237,15,133,14,0.56,0.11,0.10,0.10,0.31,0.39,108,17,17.90,17.80,0.46,0.90,4.96,7.02,0.86,16.52,0.56,0.62,11.17,2.36,0.14,0.56,0.13,0.08,0.20
840,1,32,4,16,4,40,4,18,4,0.45,0.22,0.12,0.00,0.00,0.00,32,18,18.10,18.20,0.80,0.90,3.58,5.06,0.94,26.48,0.89,0.75,2.25,1.06,0.17,0.91,0.17,0.00,0.17
758,1,30,6,19,6,39,8,24,8,0.62,0.33,0.20,0.25,0.25,0.35,30,13,16.90,16.50,0.77,0.65,3.40,4.80,0.93,22.22,0.79,1.00,4.00,1.41,0.17,0.64,0.25,0.08,0.33
596,1,59,10,39,9,102,15,56,14,0.55,0.25,0.17,0.15,0.31,0.39,59,19,17.50,18.70,0.58,0.91,4.13,5.84,0.88,16.97,0.70,0.85,9.31,2.16,0.20,0.56,0.18,0.05,0.23
878,1,80,13,54,10,198,21,106,16,0.54,0.15,0.16,0.05,0.05,0.15,80,19,17.40,17.80,0.40,0.91,4.02,5.69,0.83,13.40,0.51,0.59,7.68,1.96,0.12,0.45,0.13,0.07,0.20
706,1,53,8,37,7,98,8,54,7,0.55,0.13,0.15,0.00,0.00,0.00,53,17,15.10,16.50,0.54,0.84,3.79,5.35,0.87,14.85,0.69,0.64,5.79,1.70,0.17,0.61,0.13,0.07,0.20
809,1,50,7,34,7,97,9,51,9,0.53,0.18,0.14,0.38,1.12,0.75,50,19,16.30,17.00,0.52,0.89,3.59,5.08,0.86,13.72,0.67,1.00,8.00,2.00,0.16,0.55,0.18,0.04,0.22
528,0,0,0,0,0,0,0,0,0,0,0,0,0,0,0,0,0,0,0,0,0,0,0,0,0,0,0,0,0,0,0,0,0,0
724,1,87,10,55,9,202,14,101,13,0.50,0.13,0.11,0.15,0.45,0.47,87,16,17.50,17.60,0.43,0.89,4.33,6.12,0.84,14.53,0.54,0.70,9.80,2.21,0.14,0.45,0.12,0.07,0.19
874,1,79,22,55,22,148,32,84,31,0.57,0.37,0.28,0.12,0.24,0.34,79,19,17.80,17.40,0.53,0.91,4.59,6.49,0.87,17.28,0.65,0.76,9.94,2.23,0.15,0.63,0.19,0.05,0.24
561,1,38,4,28,4,72,6,48,6,0.67,0.12,0.11,0.00,0.00,0.00,38,19,16.70,17.50,0.53,0.92,3.17,4.48,0.85,12.43,0.58,0.50,3.00,1.22,0.12,0.69,0.21,0.08,0.29
735,1,37,4,21,4,52,4,29,4,0.56,0.14,0.11,0.20,0.20,0.32,37,17,17.50,17.60,0.71,0.85,3.63,5.13,0.91,19.92,0.72,0.80,3.20,1.26,0.14,0.65,0.14,0.10,0.24
796,1,40,6,24,6,84,9,45,9,0.54,0.20,0.15,0.17,0.33,0.41,40,17,16.10,16.60,0.48,0.80,3.09,4.36,0.83,11.49,0.53,0.58,4.08,1.43,0.16,0.43,0.13,0.04,0.18
605,1,47,8,32,8,96,13,55,13,0.57,0.24,0.17,0.00,0.00,0.00,47,14,15.90,16.90,0.49,0.83,3.39,4.80,0.84,12.67,0.58,0.60,5.40,1.64,0.16,0.54,0.09,0.07,0.16
739,1,77,11,46,11,150,19,74,19,0.49,0.26,0.14,0.17,0.33,0.41,77,17,17.70,18.00,0.51,0.91,4.45,6.29,0.87,16.35,0.62,0.92,10.08,2.25,0.15,0.51,0.16,0.09,0.26
760,1,69,11,43,11,151,16,78,16,0.52,0.21,0.16,0.11,0.22,0.33,69,16,17.40,18.20,0.46,0.87,3.97,5.62,0.84,13.96,0.55,0.56,5.56,1.67,0.13,0.49,0.14,0.05,0.19
860,1,34,3,21,3,81,4,39,4,0.48,0.10,0.09,0.00,0.00,0.00,34,16,15.30,14.90,0.42,0.74,2.67,3.78,0.80,9.66,0.54,0.47,3.27,1.28,0.18,0.50,0.13,0.05,0.18
816,1,63,12,40,12,112,17,59,17,0.53,0.29,0.19,0.08,0.08,0.20,63,16,17.40,17.40,0.56,0.88,4.21,5.95,0.88,16.81,0.68,0.67,5.33,1.63,0.14,0.76,0.20,0.00,0.20
824,1,62,15,44,13,102,17,61,15,0.60,0.25,0.24,0.17,0.50,0.50,62,16,18.80,17.40,0.61,0.94,4.34,6.14,0.89,18.66,0.72,0.89,14.22,2.67,0.26,0.58,0.18,0.05,0.23
578,1,84,19,51,18,174,26,85,25,0.49,0.29,0.23,0.16,0.47,0.49,84,16,17.10,17.60,0.48,0.87,4.50,6.37,0.86,15.87,0.60,0.79,11.84,2.43,0.18,0.50,0.13,0.07,0.20
711,1,133,28,99,27,241,32,137,31,0.57,0.23,0.21,0.12,0.62,0.56,133,18,18.70,18.60,0.55,0.93,6.06,8.57,0.89,21.98,0.72,0.72,21.02,3.24,0.21,0.70,0.19,0.09,0.28
633,1,103,11,67,11,203,20,110,20,0.54,0.18,0.11,0.10,0.20,0.32,103,18,18.20,17.80,0.51,0.90,5.11,7.23,0.87,18.07,0.61,0.60,7.20,1.90,0.11,0.65,0.13,0.07,0.20
752,1,84,11,54,11,179,15,97,15,0.54,0.15,0.13,0.05,0.05,0.16,84,17,16.30,17.50,0.47,0.89,4.44,6.28,0.85,15.45,0.56,0.65,8.45,2.06,0.13,0.50,0.13,0.07,0.21
899,1,67,10,42,9,122,13,61,11,0.50,0.18,0.15,0.00,0.00,0.00,67,19,17.20,18.80,0.55,0.93,4.29,6.07,0.88,16.72,0.69,0.77,7.69,1.96,0.16,0.59,0.13,0.13,0.26
639,1,50,11,32,11,77,12,41,12,0.53,0.29,0.22,0.12,0.12,0.25,50,18,17.30,18.70,0.65,0.90,4.03,5.70,0.90,18.98,0.78,0.88,6.12,1.75,0.17,0.73,0.17,0.07,0.24
826,1,70,11,50,10,165,15,96,14,0.58,0.15,0.16,0.12,0.24,0.34,70,18,16.30,17.60,0.42,0.86,3.85,5.45,0.83,13.20,0.52,0.71,8.47,2.06,0.12,0.50,0.16,0.05,0.21
922,1,78,15,54,14,161,22,84,21,0.52,0.25,0.19,0.13,0.27,0.37,78,18,17.90,17.50,0.48,0.86,4.35,6.15,0.86,15.47,0.64,0.67,6.67,1.83,0.12,0.63,0.17,0.10,0.26
865,0,0,0,0,0,0,0,0,0,0,0,0,0,0,0,0,0,0,0,0,0,0,0,0,0,0,0,0,0,0,0,0,0,0
795,1,111,19,76,19,220,22,112,22,0.51,0.20,0.17,0.04,0.04,0.15,111,17,17.20,18.10,0.50,0.90,5.29,7.48,0.87,18.47,0.68,0.70,11.13,2.36,0.14,0.62,0.16,0.09,0.25
905,1,60,5,36,5,132,8,64,8,0.48,0.12,0.08,0.06,0.06,0.17,60,16,17.50,16.80,0.45,0.87,3.69,5.22,0.84,13.13,0.56,0.59,5.88,1.71,0.16,0.56,0.17,0.06,0.23
763,1,65,10,45,10,91,12,58,12,0.64,0.21,0.15,0.08,0.08,0.20,65,18,18.30,19.00,0.71,0.93,4.82,6.81,0.93,26.26,0.78,0.75,6.75,1.84,0.16,0.71,0.17,0.10,0.28
505,1,52,7,33,7,100,8,50,8,0.50,0.16,0.13,0.00,0.00,0.00,52,17,16.50,16.40,0.52,0.87,3.68,5.20,0.86,14.08,0.66,0.67,4.00,1.41,0.12,0.56,0.16,0.10,0.26
821,1,43,6,25,5,71,7,34,6,0.48,0.18,0.14,0.15,0.31,0.39,43,14,16.60,16.80,0.61,0.82,3.61,5.10,0.88,15.74,0.74,0.69,6.23,1.77,0.26,0.64,0.15,0.06,0.21
784,1,48,7,28,7,87,9,47,9,0.54,0.19,0.15,0.00,0.00,0.00,48,18,16.70,17.20,0.55,0.90,3.64,5.15,0.87,14.56,0.60,0.50,3.00,1.22,0.13,0.65,0.13,0.11,0.23
806,1,34,5,18,5,44,5,24,5,0.55,0.21,0.15,0.14,0.14,0.27,34,18,18.60,18.90,0.77,0.88,3.62,5.13,0.93,24.12,0.75,0.86,5.14,1.60,0.25,0.60,0.21,0.04,0.25
558,1,75,9,48,8,192,24,99,21,0.52,0.21,0.12,0.04,0.04,0.14,75,18,17.30,17.10,0.39,0.88,3.83,5.41,0.82,12.77,0.48,0.54,7.04,1.88,0.13,0.45,0.12,0.08,0.20
583,1,49,10,35,10,81,14,49,14,0.60,0.29,0.20,0.00,0.00,0.00,49,16,17.50,17.20,0.60,0.86,3.85,5.44,0.89,16.69,0.71,0.82,7.36,1.92,0.18,0.71,0.12,0.08,0.20
692,1,77,12,54,11,170,16,98,15,0.58,0.15,0.16,0.08,0.15,0.28,77,15,16.60,16.70,0.45,0.83,4.18,5.91,0.85,14.46,0.55,0.58,8.65,2.08,0.15,0.49,0.14,0.06,0.20
811,1,61,12,40,11,108,13,56,12,0.52,0.21,0.20,0.38,1.92,0.98,61,19,16.80,17.50,0.56,0.89,4.15,5.87,0.88,16.67,0.71,0.85,9.31,2.16,0.20,0.61,0.11,0.09,0.20
917,1,62,7,36,7,140,13,68,13,0.49,0.19,0.11,0.00,0.00,0.00,62,16,17.00,17.40,0.44,0.87,3.71,5.24,0.84,13.02,0.53,0.50,3.00,1.22,0.09,0.52,0.15,0.06,0.21
582,1,44,9,26,8,94,20,46,16,0.49,0.35,0.20,0.00,0.00,0.00,44,12,15.00,16.60,0.47,0.77,3.21,4.54,0.83,11.81,0.57,0.60,3.60,1.34,0.13,0.57,0.13,0.04,0.17
683,1,38,7,26,7,59,9,35,9,0.59,0.26,0.18,0.11,0.11,0.24,38,18,16.40,17.60,0.64,0.90,3.50,4.95,0.89,16.41,0.74,0.78,5.44,1.65,0.20,0.62,0.14,0.17,0.31
855,0,0,0,0,0,0,0,0,0,0,0,0,0,0,0,0,0,0,0,0,0,0,0,0,0,0,0,0,0,0,0,0,0,0
555,1,73,9,45,9,132,12,72,12,0.55,0.17,0.12,0.06,0.06,0.18,73,18,17.50,18.30,0.55,0.91,4.49,6.35,0.88,17.48,0.62,0.75,9.00,2.12,0.17,0.50,0.17,0.11,0.28
652,1,84,10,56,10,163,15,88,15,0.54,0.17,0.12,0.06,0.06,0.17,84,17,18.00,18.30,0.52,0.89,4.65,6.58,0.87,17.00,0.64,0.82,11.53,2.40,0.16,0.54,0.15,0.09,0.24
695,0,0,0,0,0,0,0,0,0,0,0,0,0,0,0,0,0,0,0,0,0,0,0,0,0,0,0,0,0,0,0,0,0,0
549,1,68,11,45,10,130,14,72,13,0.55,0.18,0.16,0.06,0.06,0.18,68,18,18.20,18.60,0.52,0.91,4.22,5.96,0.87,15.88,0.62,0.69,7.56,1.94,0.15,0.72,0.14,0.06,0.19
552,1,45,6,29,6,112,12,62,12,0.55,0.19,0.13,0.00,0.00,0.00,45,18,16.20,17.70,0.40,0.92,3.01,4.25,0.81,10.60,0.47,0.55,3.27,1.28,0.10,0.46,0.13,0.05,0.18
668,1,31,3,16,2,36,3,18,2,0.50,0.11,0.10,0.00,0.00,0.00,31,17,18.70,18.40,0.86,0.85,3.65,5.17,0.96,37.30,0.89,1.00,3.00,1.22,0.17,0.75,0.11,0.28,0.39
511,1,47,9,32,9,64,9,37,9,0.58,0.24,0.19,0.09,0.09,0.21,47,19,18.10,18.70,0.73,0.93,4.15,5.88,0.93,24.33,0.86,0.91,9.09,2.13,0.27,0.83,0.16,0.03,0.19
698,1,72,12,48,12,143,15,81,15,0.57,0.19,0.17,0.07,0.07,0.18,72,18,17.60,17.90,0.50,0.88,4.26,6.02,0.86,15.59,0.59,0.60,5.40,1.64,0.11,0.50,0.14,0.09,0.22
659,1,114,19,75,17,215,24,119,22,0.55,0.18,0.17,0.07,0.15,0.27,114,18,18.40,18.60,0.53,0.93,5.50,7.77,0.88,19.74,0.63,0.70,13.37,2.59,0.16,0.61,0.12,0.08,0.19
891,1,50,7,30,6,90,9,47,8,0.52,0.17,0.14,0.06,0.06,0.17,50,16,17.40,16.00,0.56,0.78,3.73,5.27,0.87,14.96,0.64,0.76,9.94,2.23,0.28,0.50,0.13,0.02,0.15
721,1,61,10,40,10,94,10,54,10,0.57,0.19,0.16,0.00,0.00,0.00,61,17,16.90,17.30,0.65,0.88,4.45,6.29,0.90,20.73,0.74,0.50,2.50,1.12,0.09,0.73,0.24,0.11,0.35
691,1,57,7,34,7,118,13,55,13,0.47,0.24,0.12,0.10,0.10,0.22,57,15,16.30,16.80,0.48,0.81,3.71,5.25,0.85,13.58,0.62,0.90,8.10,2.01,0.16,0.57,0.16,0.04,0.20
644,1,41,7,22,7,63,9,38,9,0.60,0.24,0.17,0.00,0.00,0.00,41,18,17.50,17.00,0.65,0.85,3.65,5.17,0.90,17.35,0.58,0.67,4.00,1.41,0.16,0.60,0.11,0.08,0.18
682,1,40,4,26,4,81,5,45,5,0.56,0.11,0.10,0.18,0.36,0.43,40,18,16.20,16.40,0.49,0.82,3.14,4.44,0.84,11.89,0.58,0.64,4.45,1.49,0.16,0.50,0.18,0.04,0.22
616,1,47,7,30,6,98,11,52,10,0.53,0.19,0.15,0.00,0.00,0.00,47,16,15.60,16.30,0.48,0.80,3.36,4.75,0.84,12.42,0.58,0.78,5.44,1.65,0.13,0.55,0.17,0.08,0.25
529,1,85,13,57,13,136,15,67,15,0.49,0.22,0.15,0.33,1.67,0.91,85,19,17.30,17.10,0.62,0.89,5.15,7.29,0.90,22.30,0.85,0.93,13.07,2.56,0.21,0.86,0.15,0.13,0.28
850,1,80,10,51,8,177,11,93,9,0.53,0.10,0.12,0.04,0.04,0.14,80,18,17.60,17.60,0.45,0.86,4.25,6.01,0.85,14.65,0.55,0.56,7.84,1.98,0.15,0.60,0.10,0.09,0.18
908,1,63,9,41,9,143,9,73,9,0.51,0.12,0.14,0.05,0.05,0.15,63,15,16.70,17.90,0.44,0.86,3.73,5.27,0.83,13.05,0.56,0.59,7.68,1.96,0.18,0.42,0.12,0.08,0.21
799,1,42,3,23,3,75,5,39,5,0.52,0.13,0.07,0.00,0.00,0.00,42,15,16.50,18.40,0.56,0.80,3.43,4.85,0.87,13.96,0.59,0.56,2.78,1.18,0.13,0.39,0.21,0.10,0.31
609,1,64,9,42,8,124,14,68,13,0.55,0.19,0.14,0.08,0.08,0.20,64,15,17.20,17.80,0.52,0.85,4.06,5.75,0.86,15.26,0.62,0.75,6.75,1.84,0.13,0.48,0.19,0.12,0.31
813,1,90,12,59,12,180,14,99,14,0.55,0.14,0.13,0.00,0.00,0.00,90,18,17.80,17.70,0.50,0.91,4.74,6.71,0.87,16.90,0.60,0.58,6.37,1.78,0.11,0.53,0.14,0.05,0.19
772,1,44,8,28,8,63,9,37,9,0.59,0.24,0.18,0.22,0.44,0.47,44,16,18.50,17.30,0.70,0.83,3.92,5.54,0.91,20.77,0.76,0.89,7.11,1.89,0.22,0.73,0.27,0.03,0.30
776,1,71,15,47,15,141,21,77,20,0.55,0.26,0.21,0.21,0.64,0.57,71,15,17.20,17.20,0.50,0.86,4.23,5.98,0.86,15.50,0.61,0.71,7.14,1.89,0.13,0.54,0.19,0.09,0.29
897,0,0,0,0,0,0,0,0,0,0,0,0,0,0,0,0,0,0,0,0,0,0,0,0,0,0,0,0,0,0,0,0,0,0
861,1,81,11,54,10,144,13,79,12,0.55,0.15,0.14,0.00,0.00,0.00,81,15,17.30,17.90,0.56,0.89,4.77,6.75,0.88,18.64,0.68,0.53,4.76,1.54,0.11,0.70,0.14,0.10,0.24
690,0,0,0,0,0,0,0,0,0,0,0,0,0,0,0,0,0,0,0,0,0,0,0,0,0,0,0,0,0,0,0,0,0,0
722,1,62,9,39,9,109,14,54,14,0.50,0.26,0.15,0.12,0.12,0.25,62,15,17.40,17.40,0.57,0.84,4.20,5.94,0.88,16.94,0.72,0.88,6.12,1.75,0.13,0.68,0.20,0.06,0.26
843,1,8,1,5,1,8,1,5,1,0.62,0.20,0.12,0.00,0.00,0.00,8,8,8,8,1.00,1.00,2.00,2.83,1.00,NaN,1.00,1.00,1.00,0.71,0.20,1.00,0.20,0.00,0.20
866,0,0,0,0,0,0,0,0,0,0,0,0,0,0,0,0,0,0,0,0,0,0,0,0,0,0,0,0,0,0,0,0,0,0
667,1,94,25,67,25,157,31,96,31,0.61,0.32,0.27,0.39,2.72,1.17,94,18,18.10,18.70,0.60,0.93,5.30,7.50,0.90,21.65,0.70,0.94,16.06,2.83,0.18,0.58,0.22,0.09,0.31
903,0,0,0,0,0,0,0,0,0,0,0,0,0,0,0,0,0,0,0,0,0,0,0,0,0,0,0,0,0,0,0,0,0,0
726,1,48,9,31,9,67,12,39,12,0.58,0.31,0.19,0.27,0.82,0.64,48,17,17.30,18.30,0.72,0.93,4.15,5.86,0.92,23.02,0.79,1.00,11.00,2.35,0.28,0.75,0.13,0.03,0.15
873,1,17,1,10,1,23,1,12,1,0.52,0.08,0.06,0.00,0.00,0.00,17,16,15.30,14.60,0.74,0.80,2.51,3.54,0.90,14.12,0.83,0.67,1.33,0.82,0.17,1.00,0.08,0.17,0.25
766,1,64,14,42,13,114,15,62,14,0.54,0.23,0.22,0.24,0.94,0.69,64,15,16.70,18.50,0.56,0.89,4.24,5.99,0.88,16.87,0.68,0.82,11.53,2.40,0.23,0.57,0.11,0.10,0.21
544,1,95,18,62,18,201,32,108,32,0.54,0.30,0.19,0.17,0.83,0.65,95,15,18.50,18.50,0.47,0.90,4.74,6.70,0.86,16.30,0.57,0.57,9.63,2.19,0.16,0.59,0.10,0.08,0.19
608,1,15,1,9,1,18,1,10,1,0.56,0.10,0.07,0.00,0.00,0.00,15,15,15,15,0.83,0.83,2.50,3.54,0.94,19.90,0.90,1.00,3.00,1.22,0.30,0.83,0.10,0.00,0.10
856,1,81,12,52,11,164,16,84,15,0.51,0.18,0.15,0.10,0.20,0.32,81,17,17.20,18.10,0.49,0.86,4.47,6.33,0.86,16.01,0.62,0.65,8.45,2.06,0.15,0.56,0.15,0.08,0.24
536,1,121,17,85,15,283,26,153,24,0.54,0.16,0.14,0.10,0.40,0.45,121,16,17.20,17.40,0.43,0.89,5.09,7.19,0.85,16.29,0.56,0.55,12.10,2.46,0.14,0.57,0.12,0.07,0.20
787,1,36,3,20,3,65,3,34,3,0.52,0.09,0.08,0.00,0.00,0.00,36,17,15.70,17.60,0.55,0.83,3.16,4.47,0.86,12.81,0.59,0.57,2.29,1.07,0.12,0.58,0.18,0.12,0.29
523,1,53,11,34,10,89,13,55,12,0.62,0.22,0.21,0.00,0.00,0.00,53,16,17.20,16.90,0.60,0.89,3.97,5.62,0.88,16.88,0.62,0.60,5.40,1.64,0.16,0.52,0.25,0.04,0.29
723,1,84,16,56,16,208,32,114,32,0.55,0.28,0.19,0.10,0.31,0.39,84,18,16.30,18.00,0.40,0.90,4.12,5.82,0.83,13.65,0.49,0.48,6.76,1.84,0.12,0.45,0.11,0.07,0.18
863,1,84,12,62,12,161,21,91,21,0.57,0.23,0.14,0.09,0.18,0.30,84,18,17.70,18.10,0.52,0.92,4.68,6.62,0.87,17.24,0.68,0.86,16.41,2.86,0.21,0.62,0.16,0.07,0.23
892,1,67,13,47,13,141,17,77,17,0.55,0.22,0.19,0.13,0.27,0.37,67,17,17.10,18.10,0.48,0.91,3.99,5.64,0.85,14.29,0.61,0.67,6.67,1.83,0.13,0.52,0.14,0.08,0.22
556,1,32,7,19,6,45,7,25,6,0.56,0.24,0.22,0.20,0.20,0.32,32,19,16.40,19.10,0.71,0.93,3.37,4.77,0.91,18.46,0.76,0.60,1.80,0.95,0.12,0.69,0.24,0.04,0.28
834,1,34,7,22,7,70,8,40,8,0.57,0.20,0.21,0.14,0.29,0.38,34,17,15.00,15.10,0.49,0.82,2.87,4.06,0.83,10.86,0.55,0.64,5.79,1.70,0.23,0.47,0.10,0.03,0.12
617,1,94,17,63,16,203,30,107,27,0.53,0.25,0.18,0.16,0.64,0.57,94,17,17.30,17.40,0.46,0.89,4.67,6.60,0.86,15.92,0.59,0.76,14.44,2.69,0.18,0.49,0.13,0.07,0.21
585,1,94,19,65,18,216,29,115,27,0.53,0.23,0.20,0.17,0.70,0.59,94,17,18.00,18.20,0.44,0.89,4.52,6.40,0.85,15.08,0.57,0.57,7.35,1.92,0.11,0.50,0.17,0.10,0.26
685,1,74,11,47,11,141,15,73,15,0.52,0.21,0.15,0.12,0.25,0.35,74,17,17.00,18.30,0.52,0.90,4.41,6.23,0.87,16.50,0.64,0.62,6.25,1.77,0.14,0.56,0.15,0.10,0.25
833,1,96,16,63,16,185,21,94,21,0.51,0.22,0.17,0.17,0.70,0.59,96,17,17.30,17.80,0.52,0.91,4.99,7.06,0.87,18.04,0.67,0.74,12.57,2.51,0.18,0.63,0.13,0.10,0.22
836,1,74,12,49,11,135,14,71,13,0.53,0.18,0.16,0.07,0.07,0.18,74,18,18.10,18.30,0.55,0.88,4.50,6.37,0.88,17.38,0.69,0.73,8.07,2.01,0.15,0.61,0.15,0.14,0.30
830,1,61,8,37,6,112,11,63,9,0.56,0.14,0.13,0.00,0.00,0.00,61,18,16.60,16.10,0.54,0.89,4.08,5.76,0.87,15.91,0.59,0.67,5.33,1.63,0.13,0.59,0.14,0.08,0.22
737,1,68,11,47,11,120,14,64,14,0.53,0.22,0.16,0.09,0.09,0.21,68,18,16.80,16.70,0.57,0.88,4.39,6.21,0.88,17.53,0.73,1.00,11.00,2.35,0.17,0.60,0.19,0.09,0.28
858,1,82,13,56,12,178,17,99,16,0.56,0.16,0.16,0.04,0.04,0.14,82,16,17.40,18.20,0.46,0.91,4.35,6.15,0.85,15.05,0.57,0.42,4.65,1.53,0.11,0.55,0.15,0.08,0.23
670,1,111,19,75,17,284,27,139,22,0.49,0.16,0.17,0.14,0.57,0.53,111,17,17.00,18.00,0.39,0.88,4.66,6.59,0.83,14.75,0.54,0.75,15.75,2.81,0.15,0.47,0.14,0.06,0.19
916,1,67,8,45,8,121,11,74,11,0.61,0.15,0.12,0.00,0.00,0.00,67,19,17.50,18.60,0.55,0.94,4.31,6.09,0.88,16.90,0.61,0.62,4.92,1.57,0.11,0.56,0.19,0.08,0.27
702,1,84,11,51,10,208,19,108,18,0.52,0.17,0.13,0.17,0.50,0.50,84,13,17.70,17.60,0.40,0.86,4.12,5.82,0.83,13.65,0.47,0.78,10.89,2.33,0.13,0.39,0.11,0.06,0.17
577,1,43,7,26,7,63,8,34,8,0.54,0.24,0.16,0.22,0.44,0.47,43,18,17.20,17.70,0.68,0.92,3.83,5.42,0.91,19.52,0.76,1.00,9.00,2.12,0.26,0.56,0.15,0.09,0.24
631,1,32,5,21,5,51,6,33,6,0.65,0.18,0.16,0.00,0.00,0.00,32,17,16.70,17.00,0.63,0.80,3.17,4.48,0.88,14.40,0.64,0.67,1.33,0.82,0.06,0.56,0.27,0.03,0.30
810,1,52,13,33,12,70,14,39,13,0.56,0.33,0.25,0.10,0.10,0.22,52,18,18.30,18.20,0.74,0.85,4.39,6.22,0.93,26.37,0.85,0.90,8.10,2.01,0.23,0.79,0.18,0.05,0.23
851,1,43,9,27,9,85,12,47,12,0.55,0.26,0.21,0.20,0.40,0.45,43,13,16.50,17.80,0.51,0.84,3.30,4.66,0.85,12.58,0.57,0.60,3.60,1.34,0.13,0.56,0.13,0.00,0.13
880,1,115,20,80,20,224,25,118,25,0.53,0.21,0.17,0.08,0.16,0.28,115,17,18.10,18.40,0.51,0.89,5.43,7.68,0.88,19.08,0.68,0.60,9.00,2.12,0.13,0.73,0.14,0.08,0.23
778,1,87,15,58,14,200,23,109,22,0.55,0.20,0.17,0.19,0.76,0.62,87,17,16.80,18.40,0.43,0.89,4.35,6.15,0.84,14.65,0.53,0.71,10.71,2.31,0.14,0.50,0.10,0.07,0.17
798,1,100,20,66,19,193,23,100,22,0.52,0.22,0.20,0.19,0.93,0.68,100,16,17.60,17.80,0.52,0.90,5.09,7.20,0.88,18.29,0.66,0.78,16.33,2.86,0.21,0.48,0.15,0.07,0.22
747,1,20,3,14,3,27,3,16,3,0.59,0.19,0.15,0.00,0.00,0.00,20,16,15.30,15.70,0.74,0.80,2.72,3.85,0.91,15.72,0.88,1.00,2.00,1.00,0.12,0.78,0.31,0.00,0.31
598,1,71,14,52,14,138,26,80,26,0.58,0.33,0.20,0.12,0.25,0.35,71,15,18.00,18.20,0.51,0.90,4.27,6.04,0.87,15.87,0.65,0.75,9.00,2.12,0.15,0.53,0.15,0.11,0.26
593,1,79,14,51,13,134,15,71,14,0.53,0.20,0.18,0.15,0.31,0.39,79,19,18.70,17.70,0.59,0.88,4.83,6.82,0.89,19.72,0.72,0.92,11.08,2.35,0.17,0.65,0.14,0.04,0.18
920,1,58,15,43,15,92,20,56,20,0.61,0.36,0.26,0.29,1.14,0.76,58,19,17.50,17.90,0.63,0.90,4.28,6.05,0.90,19.25,0.77,0.93,12.07,2.46,0.23,0.64,0.20,0.09,0.29
534,1,62,9,40,9,143,20,78,20,0.55,0.26,0.15,0.12,0.25,0.35,62,17,16.90,17.10,0.43,0.85,3.67,5.18,0.83,12.80,0.51,0.62,6.25,1.77,0.13,0.44,0.10,0.08,0.18
898,1,49,5,24,5,115,10,53,10,0.46,0.19,0.10,0.07,0.07,0.19,49,18,16.20,16.80,0.43,0.89,3.23,4.57,0.82,11.46,0.45,0.64,5.79,1.70,0.17,0.33,0.09,0.00,0.09
637,1,56,11,39,11,98,17,62,17,0.63,0.27,0.20,0.07,0.07,0.19,56,17,16.90,18.30,0.57,0.88,4.00,5.66,0.88,16.31,0.63,0.57,4.57,1.51,0.13,0.64,0.19,0.08,0.27
620,1,49,10,32,9,90,17,48,16,0.53,0.33,0.20,0.11,0.11,0.24,49,18,16.70,17.30,0.54,0.86,3.65,5.17,0.86,14.46,0.67,0.89,7.11,1.89,0.17,0.57,0.15,0.10,0.25
727,1,43,7,28,7,78,10,47,10,0.60,0.21,0.16,0.33,0.67,0.58,43,13,16.60,17.20,0.55,0.85,3.44,4.87,0.86,13.84,0.60,0.83,4.17,1.44,0.11,0.56,0.17,0.06,0.23
501,1,78,19,52,17,139,23,72,21,0.52,0.29,0.24,0.20,0.60,0.55,78,18,18.00,18.80,0.56,0.93,4.68,6.62,0.88,18.30,0.72,0.80,9.60,2.19,0.17,0.67,0.15,0.11,0.26
671,1,41,4,24,4,69,4,37,4,0.54,0.11,0.10,0.00,0.00,0.00,41,16,17.10,16.20,0.59,0.82,3.49,4.94,0.88,14.96,0.65,0.67,4.00,1.41,0.16,0.63,0.14,0.05,0.19
767,1,43,4,23,4,86,7,42,7,0.49,0.17,0.09,0.00,0.00,0.00,43,15,16.10,15.10,0.50,0.76,3.28,4.64,0.84,12.43,0.55,0.43,1.29,0.80,0.07,0.47,0.14,0.12,0.26
601,1,52,7,33,7,83,7,45,7,0.54,0.16,0.13,0.08,0.08,0.20,52,17,17.00,18.30,0.63,0.85,4.04,5.71,0.89,18.14,0.73,0.69,6.23,1.77,0.20,0.72,0.16,0.09,0.24
780,1,96,15,63,14,176,27,88,26,0.50,0.30,0.16,0.11,0.21,0.32,96,19,16.90,18.40,0.55,0.90,5.12,7.24,0.88,19.15,0.72,0.89,15.21,2.76,0.19,0.65,0.19,0.09,0.28
864,1,62,10,41,10,113,10,54,10,0.48,0.19,0.16,0.07,0.07,0.18,62,17,16.90,17.10,0.55,0.86,4.12,5.83,0.87,16.17,0.76,0.87,11.27,2.37,0.24,0.65,0.20,0.11,0.31
693,1,101,20,72,20,206,25,115,25,0.56,0.22,0.20,0.05,0.05,0.16,101,16,17.50,17.70,0.49,0.89,4.98,7.04,0.87,17.30,0.63,0.85,14.45,2.69,0.15,0.57,0.13,0.08,0.21
744,1,76,10,47,10,153,14,87,14,0.57,0.16,0.13,0.08,0.15,0.28,76,17,17.00,17.90,0.50,0.88,4.34,6.14,0.86,15.71,0.54,0.62,9.85,2.22,0.18,0.53,0.10,0.08,0.18
508,1,49,7,30,6,85,10,48,8,0.56,0.17,0.14,0.00,0.00,0.00,49,19,17.20,18.40,0.58,0.90,3.76,5.31,0.88,15.56,0.62,0.78,5.44,1.65,0.15,0.50,0.17,0.08,0.25
815,1,71,11,44,11,149,17,75,17,0.50,0.23,0.15,0.17,0.50,0.50,71,16,17.70,17.50,0.48,0.89,4.11,5.82,0.85,14.67,0.59,0.78,10.89,2.33,0.19,0.58,0.12,0.07,0.19
629,0,0,0,0,0,0,0,0,0,0,0,0,0,0,0,0,0,0,0,0,0,0,0,0,0,0,0,0,0,0,0,0,0,0
867,1,107,13,64,12,225,16,112,15,0.50,0.13,0.12,0.11,0.21,0.32,107,17,18.20,17.50,0.48,0.86,5.04,7.13,0.86,17.14,0.57,0.74,10.32,2.27,0.12,0.48,0.16,0.09,0.25
893,1,85,13,57,13,199,17,108,17,0.54,0.16,0.15,0.09,0.28,0.38,85,17,16.90,17.70,0.43,0.91,4.26,6.03,0.84,14.30,0.53,0.53,9.03,2.12,0.16,0.53,0.09,0.06,0.15
535,1,89,10,56,10,204,16,112,16,0.55,0.14,0.11,0.00,0.00,0.00,89,13,17.70,17.30,0.44,0.86,4.41,6.23,0.84,14.81,0.50,0.55,8.83,2.10,0.14,0.52,0.11,0.05,0.16
573,1,46,7,29,7,92,10,53,10,0.58,0.19,0.15,0.10,0.10,0.22,46,17,16.50,16.90,0.50,0.88,3.39,4.80,0.85,12.81,0.55,0.60,3.60,1.34,0.11,0.48,0.17,0.08,0.25
539,1,84,8,53,8,128,9,70,9,0.55,0.13,0.10,0.12,0.24,0.34,84,18,18.30,18.50,0.66,0.91,5.25,7.42,0.91,24.27,0.76,0.94,15.06,2.74,0.23,0.67,0.11,0.07,0.19
728,1,52,6,32,6,96,9,58,9,0.60,0.16,0.12,0.09,0.09,0.21,52,19,17.40,18.20,0.54,0.93,3.75,5.31,0.87,14.76,0.55,0.64,4.45,1.49,0.12,0.48,0.10,0.10,0.21
771,1,47,9,32,9,100,13,57,13,0.57,0.23,0.19,0.08,0.08,0.20,47,16,17.00,16.10,0.47,0.81,3.32,4.70,0.84,12.20,0.56,0.62,4.92,1.57,0.14,0.46,0.16,0.05,0.21
857,1,87,16,60,16,147,17,81,17,0.55,0.21,0.18,0.12,0.24,0.34,87,17,17.80,17.50,0.59,0.93,5.07,7.18,0.89,20.62,0.74,0.82,11.53,2.40,0.17,0.67,0.22,0.07,0.30
859,1,28,3,15,3,39,4,20,4,0.51,0.20,0.11,0.17,0.17,0.29,28,17,17.30,16.80,0.72,0.85,3.17,4.48,0.91,17.59,0.75,0.67,2.67,1.15,0.20,0.70,0.10,0.10,0.20
895,1,39,5,23,5,61,7,29,7,0.48,0.24,0.13,0.00,0.00,0.00,39,17,16.20,17.70,0.64,0.88,3.53,4.99,0.89,16.41,0.79,1.00,5.00,1.58,0.17,0.67,0.21,0.10,0.31
584,0,0,0,0,0,0,0,0,0,0,0,0,0,0,0,0,0,0,0,0,0,0,0,0,0,0,0,0,0,0,0,0,0,0
788,1,33,1,16,1,51,1,24,1,0.47,0.04,0.03,0.00,0.00,0.00,33,19,16.50,17.90,0.65,0.93,3.27,4.62,0.89,15.42,0.67,0.75,2.25,1.06,0.12,0.50,0.21,0.04,0.25
600,1,54,8,34,8,91,9,45,9,0.49,0.20,0.15,0.33,0.33,0.41,54,18,16.60,17.80,0.59,0.89,4.00,5.66,0.88,16.93,0.76,1.00,3.00,1.22,0.07,0.71,0.13,0.09,0.22
708,0,0,0,0,0,0,0,0,0,0,0,0,0,0,0,0,0,0,0,0,0,0,0,0,0,0,0,0,0,0,0,0,0,0
743,1,33,2,19,2,40,2,21,2,0.53,0.10,0.06,0.17,0.17,0.29,33,18,18.20,18.00,0.82,0.93,3.69,5.22,0.95,30.72,0.90,1.00,6.00,1.73,0.29,0.82,0.05,0.14,0.19
841,1,85,16,59,16,164,20,78,20,0.48,0.26,0.19,0.12,0.24,0.34,85,17,17.00,18.20,0.52,0.91,4.69,6.64,0.87,17.19,0.76,0.82,11.53,2.40,0.18,0.65,0.18,0.12,0.29
792,1,75,9,51,9,152,10,81,10,0.53,0.12,0.12,0.15,0.31,0.39,75,17,16.40,16.90,0.49,0.86,4.30,6.08,0.86,15.52,0.63,0.69,6.23,1.77,0.11,0.47,0.20,0.10,0.30
729,1,51,11,30,10,75,14,37,13,0.49,0.35,0.22,0.29,0.57,0.53,51,20,17.50,18.70,0.68,0.90,4.16,5.89,0.91,20.99,0.81,0.71,3.57,1.34,0.14,0.83,0.22,0.05,0.27
515,1,40,9,26,8,61,14,37,13,0.61,0.35,0.23,0.14,0.14,0.27,40,17,17.90,17.40,0.66,0.87,3.62,5.12,0.90,17.39,0.70,0.71,3.57,1.34,0.14,0.76,0.19,0.05,0.24
603,0,0,0,0,0,0,0,0,0,0,0,0,0,0,0,0,0,0,0,0,0,0,0,0,0,0,0,0,0,0,0,0,0,0
770,1,72,14,49,14,137,21,79,21,0.58,0.27,0.19,0.20,0.60,0.55,72,18,17.40,17.90,0.53,0.90,4.35,6.15,0.87,16.34,0.62,0.67,6.67,1.83,0.13,0.58,0.20,0.05,0.25
618,1,82,14,55,14,190,19,110,19,0.58,0.17,0.17,0.04,0.04,0.14,82,17,17.70,17.70,0.43,0.87,4.21,5.95,0.84,14.23,0.50,0.56,8.33,2.04,0.14,0.44,0.08,0.10,0.18
568,1,99,16,62,16,199,22,94,22,0.47,0.23,0.16,0.18,0.36,0.43,99,18,17.80,18.30,0.50,0.91,4.96,7.02,0.87,17.43,0.66,1.00,11.00,2.35,0.12,0.62,0.14,0.10,0.23
607,1,50,12,32,11,85,14,47,13,0.55,0.28,0.24,0.33,1.00,0.71,50,17,16.60,17.10,0.59,0.84,3.83,5.42,0.88,16.15,0.68,0.78,5.44,1.65,0.15,0.58,0.19,0.04,0.23
686,1,63,12,40,11,110,15,61,14,0.55,0.23,0.19,0.08,0.08,0.20,63,18,17.30,17.80,0.57,0.88,4.25,6.01,0.88,17.22,0.66,0.75,6.75,1.84,0.15,0.54,0.23,0.08,0.31
586,1,93,22,66,22,189,33,112,32,0.59,0.29,0.24,0.10,0.19,0.31,93,17,17.20,17.80,0.49,0.89,4.78,6.76,0.86,16.83,0.59,0.76,12.19,2.47,0.14,0.53,0.12,0.06,0.19
765,0,0,0,0,0,0,0,0,0,0,0,0,0,0,0,0,0,0,0,0,0,0,0,0,0,0,0,0,0,0,0,0,0,0
713,1,86,16,55,15,158,19,81,17,0.51,0.21,0.19,0.11,0.22,0.33,86,18,17.80,17.40,0.54,0.88,4.84,6.84,0.88,18.30,0.68,0.78,10.89,2.33,0.17,0.55,0.16,0.10,0.26
613,1,115,26,78,25,248,39,134,36,0.54,0.27,0.23,0.15,0.76,0.62,115,16,17.60,18.30,0.46,0.88,5.16,7.30,0.86,17.18,0.58,0.67,14.67,2.71,0.16,0.60,0.13,0.07,0.19
666,1,42,5,24,4,87,5,43,4,0.49,0.09,0.12,0.00,0.00,0.00,42,17,15.50,16.10,0.48,0.75,3.18,4.50,0.84,11.89,0.56,0.75,4.50,1.50,0.14,0.46,0.14,0.07,0.21
717,1,29,5,17,5,47,5,26,5,0.55,0.19,0.17,0.14,0.14,0.27,29,17,16.20,16.70,0.62,0.80,2.99,4.23,0.87,13.33,0.65,0.71,3.57,1.34,0.19,0.50,0.15,0.04,0.19
911,1,48,8,32,8,86,12,49,12,0.57,0.24,0.17,0.00,0.00,0.00,48,17,17.00,16.70,0.56,0.88,3.66,5.18,0.87,14.78,0.65,0.62,3.12,1.25,0.10,0.61,0.14,0.06,0.20
872,1,65,4,49,4,91,5,62,5,0.68,0.08,0.06,0.00,0.00,0.00,65,17,17.80,17.40,0.71,0.89,4.82,6.81,0.93,26.26,0.79,0.89,7.11,1.89,0.13,0.70,0.21,0.16,0.37
808,1,71,6,41,6,227,7,94,7,0.41,0.07,0.08,0.07,0.14,0.26,71,17,16.50,17.50,0.31,0.86,3.33,4.71,0.79,11.00,0.44,0.41,4.97,1.58,0.13,0.46,0.11,0.05,0.16
832,0,0,0,0,0,0,0,0,0,0,0,0,0,0,0,0,0,0,0,0,0,0,0,0,0,0,0,0,0,0,0,0,0,0
875,1,100,14,68,12,184,17,98,15,0.53,0.15,0.14,0.08,0.17,0.29,100,17,18.00,18.90,0.54,0.93,5.21,7.37,0.88,19.37,0.69,0.83,16.67,2.89,0.20,0.61,0.16,0.10,0.27
829,1,56,10,33,10,98,14,47,14,0.48,0.30,0.18,0.14,0.14,0.27,56,16,17.60,19.00,0.57,0.91,4.00,5.66,0.88,16.31,0.70,0.86,5.14,1.60,0.13,0.65,0.17,0.09,0.26
827,1,74,12,47,11,139,13,73,12,0.53,0.16,0.16,0.12,0.24,0.34,74,18,17.90,17.80,0.53,0.92,4.44,6.28,0.87,16.77,0.64,0.53,4.76,1.54,0.12,0.57,0.18,0.07,0.25
718,1,39,5,24,5,58,5,31,5,0.53,0.16,0.13,0.00,0.00,0.00,39,15,17.30,17.70,0.67,0.82,3.62,5.12,0.90,18.04,0.77,1.00,4.00,1.41,0.13,0.69,0.23,0.10,0.32
725,1,96,13,67,13,223,19,119,19,0.53,0.16,0.14,0.05,0.05,0.15,96,17,17.20,18.20,0.43,0.90,4.55,6.43,0.84,15.07,0.56,0.64,8.91,2.11,0.12,0.52,0.13,0.13,0.25
575,1,29,7,18,6,40,8,22,7,0.55,0.32,0.24,0.25,0.25,0.35,29,18,16.80,15.80,0.72,0.85,3.24,4.59,0.91,18.38,0.82,0.75,2.25,1.06,0.14,1.00,0.27,0.23,0.50
507,1,33,3,21,3,53,3,27,3,0.51,0.11,0.09,0.00,0.00,0.00,33,16,15.50,16.70,0.62,0.85,3.21,4.53,0.88,14.45,0.78,1.00,6.00,1.73,0.22,0.60,0.15,0.07,0.22
714,1,53,8,34,8,112,12,55,12,0.49,0.22,0.15,0.17,0.33,0.41,53,16,16.50,18.00,0.47,0.92,3.54,5.01,0.84,12.92,0.62,0.75,6.75,1.84,0.16,0.56,0.16,0.02,0.18
614,1,69,14,42,13,120,16,65,15,0.54,0.23,0.20,0.20,0.60,0.55,69,18,18.00,18.00,0.57,0.92,4.45,6.30,0.88,17.99,0.65,0.67,6.67,1.83,0.15,0.60,0.15,0.08,0.23
684,1,43,11,29,11,102,13,54,13,0.53,0.24,0.26,0.21,0.64,0.57,43,16,16.30,14.90,0.42,0.75,3.01,4.26,0.81,10.75,0.54,0.57,4.57,1.51,0.15,0.43,0.22,0.04,0.26
606,1,50,9,32,8,85,12,45,9,0.53,0.20,0.18,0.12,0.25,0.35,50,15,16.80,17.20,0.59,0.88,3.83,5.42,0.88,16.15,0.71,0.62,6.25,1.77,0.22,0.68,0.16,0.00,0.16
879,1,62,9,38,8,92,10,52,9,0.57,0.17,0.15,0.09,0.09,0.21,62,14,18.30,18.00,0.67,0.86,4.57,6.46,0.91,22.50,0.73,0.73,5.82,1.71,0.15,0.68,0.19,0.08,0.27
869,1,89,13,61,13,199,14,98,14,0.49,0.14,0.15,0.21,0.84,0.65,89,17,16.70,17.30,0.45,0.90,4.46,6.31,0.85,15.12,0.62,0.89,15.21,2.76,0.17,0.51,0.14,0.06,0.20
597,1,68,9,40,8,111,10,56,9,0.50,0.16,0.13,0.15,0.31,0.39,68,20,16.80,17.90,0.61,0.93,4.56,6.45,0.90,19.66,0.71,0.69,6.23,1.77,0.16,0.67,0.21,0.16,0.38
769,1,58,11,38,11,104,15,60,15,0.58,0.25,0.19,0.00,0.00,0.00,58,17,16.40,17.40,0.56,0.85,4.02,5.69,0.87,16.04,0.63,0.73,5.82,1.71,0.13,0.64,0.17,0.08,0.25
680,1,46,8,27,7,75,11,40,10,0.53,0.25,0.17,0.00,0.00,0.00,46,19,17.10,17.70,0.61,0.93,3.76,5.31,0.89,16.56,0.68,0.67,2.67,1.15,0.10,0.57,0.23,0.07,0.30
512,1,90,13,61,13,191,23,101,23,0.53,0.23,0.14,0.04,0.04,0.14,90,17,17.10,17.70,0.47,0.89,4.60,6.51,0.86,15.92,0.60,0.58,8.65,2.08,0.15,0.62,0.13,0.08,0.21
716,1,72,17,44,16,140,20,74,18,0.53,0.24,0.24,0.18,0.89,0.67,72,18,17.80,18.40,0.51,0.91,4.30,6.09,0.87,15.95,0.59,0.50,7.00,1.87,0.19,0.52,0.12,0.09,0.22
777,1,102,20,72,20,193,29,109,29,0.56,0.27,0.20,0.11,0.22,0.33,102,16,17.10,18.20,0.53,0.87,5.19,7.34,0.88,18.86,0.66,0.89,14.22,2.67,0.15,0.66,0.13,0.10,0.23
837,1,54,8,34,8,100,11,56,11,0.56,0.20,0.15,0.08,0.08,0.20,54,17,17.30,17.70,0.54,0.88,3.82,5.40,0.87,14.95,0.61,0.75,6.75,1.84,0.16,0.57,0.14,0.05,0.20
825,0,0,0,0,0,0,0,0,0,0,0,0,0,0,0,0,0,0,0,0,0,0,0,0,0,0,0,0,0,0,0,0,0,0
835,1,54,8,34,8,93,8,42,8,0.45,0.19,0.15,0.00,0.00,0.00,54,17,15.70,16.30,0.58,0.83,3.96,5.60,0.88,16.41,0.81,1.00,9.00,2.12,0.21,0.67,0.17,0.10,0.26
696,1,56,10,36,9,108,18,60,17,0.56,0.28,0.18,0.09,0.09,0.21,56,14,16.20,16.60,0.52,0.81,3.81,5.39,0.86,14.50,0.60,0.91,9.09,2.13,0.17,0.45,0.17,0.07,0.23
751,1,49,10,27,9,89,14,44,12,0.49,0.27,0.20,0.12,0.12,0.25,49,16,17.00,19.10,0.55,0.91,3.67,5.19,0.87,14.66,0.61,0.62,3.12,1.25,0.11,0.58,0.09,0.07,0.16
548,1,65,14,40,13,149,17,76,16,0.51,0.21,0.22,0.07,0.07,0.18,65,17,16.90,18.40,0.44,0.91,3.77,5.33,0.83,13.11,0.53,0.47,3.27,1.28,0.09,0.42,0.17,0.08,0.25
805,0,0,0,0,0,0,0,0,0,0,0,0,0,0,0,0,0,0,0,0,0,0,0,0,0,0,0,0,0,0,0,0,0,0
624,1,50,6,29,6,81,7,42,7,0.52,0.17,0.12,0.00,0.00,0.00,50,15,17.70,16.60,0.62,0.85,3.93,5.56,0.89,17.38,0.69,0.62,3.12,1.25,0.12,0.67,0.12,0.07,0.19
915,0,0,0,0,0,0,0,0,0,0,0,0,0,0,0,0,0,0,0,0,0,0,0,0,0,0,0,0,0,0,0,0,0,0
559,1,67,11,41,9,138,13,69,10,0.50,0.14,0.16,0.06,0.06,0.17,67,15,17.10,17.40,0.49,0.85,4.03,5.70,0.85,14.59,0.59,0.78,10.89,2.33,0.20,0.52,0.14,0.07,0.22
663,1,60,10,40,10,107,11,55,11,0.51,0.20,0.17,0.14,0.14,0.27,60,16,15.70,17.70,0.56,0.84,4.10,5.80,0.88,16.39,0.73,0.86,5.14,1.60,0.11,0.63,0.25,0.07,0.33
506,1,45,8,30,7,77,9,43,8,0.56,0.19,0.18,0.09,0.09,0.21,45,17,16.40,16.50,0.58,0.78,3.63,5.13,0.88,15.26,0.70,0.73,5.82,1.71,0.19,0.58,0.16,0.09,0.26
543,1,63,10,40,10,113,13,61,13,0.54,0.21,0.16,0.29,0.57,0.53,63,17,16.30,17.50,0.56,0.92,4.19,5.93,0.88,16.61,0.66,1.00,7.00,1.87,0.11,0.57,0.15,0.10,0.25
789,1,125,21,89,20,275,30,143,29,0.52,0.20,0.17,0.11,0.33,0.41,125,17,17.80,18.30,0.45,0.89,5.33,7.54,0.86,17.38,0.62,0.89,21.33,3.27,0.17,0.53,0.11,0.08,0.20
621,1,75,13,49,13,137,18,79,18,0.58,0.23,0.17,0.11,0.22,0.33,75,16,17.10,18.20,0.55,0.88,4.53,6.41,0.88,17.45,0.62,0.72,9.39,2.17,0.16,0.60,0.18,0.09,0.27
572,1,49,5,27,5,78,6,38,6,0.49,0.16,0.10,0.12,0.12,0.25,49,16,17.60,18.40,0.63,0.88,3.92,5.55,0.89,17.73,0.71,0.88,6.12,1.75,0.18,0.62,0.18,0.03,0.21