subjectcode,sentences,wordtypes,swordtypes,lextypes,slextypes,wordtokens,swordtokens,lextokens,slextokens,ld,ls1,ls2,vs1,vs2,cvs1,ndw,ndwz,ndwerz,ndwesz,ttr,msttr,cttr,rttr,logttr,uber,lv,vv1,svv1,cvv1,vv2,nv,adjv,advv,modv
741,1,47,4,27,4,94,6,49,6,0.52,0.12,0.09,0.08,0.08,0.20,47,35,33.20,34.10,0.50,0.70,3.43,4.85,0.85,12.93,0.55,0.67,5.33,1.63,0.16,0.50,0.14,0.06,0.20
646,1,101,17,71,17,207,18,105,18,0.51,0.17,0.17,0.15,0.59,0.54,101,36,37.40,36.30,0.49,0.72,4.96,7.02,0.87,17.21,0.68,0.63,10.70,2.31,0.16,0.67,0.15,0.10,0.25
546,1,50,5,30,5,83,6,46,6,0.55,0.13,0.10,0.00,0.00,0.00,50,35,36.20,32.60,0.60,0.70,3.88,5.49,0.89,16.73,0.65,0.56,2.78,1.18,0.11,0.65,0.22,0.07,0.28
580,1,112,17,70,16,252,29,132,28,0.52,0.21,0.15,0.14,0.55,0.53,112,35,39.20,38.50,0.44,0.78,4.99,7.06,0.85,16.37,0.53,0.66,12.45,2.49,0.14,0.55,0.12,0.05,0.17
504,0,0,0,0,0,0,0,0,0,0,0,0,0,0,0,0,0,0,0,0,0,0,0,0,0,0,0,0,0,0,0,0,0,0
634,1,84,19,52,17,169,32,97,29,0.57,0.30,0.23,0.16,0.78,0.62,84,38,38.20,37.50,0.50,0.75,4.57,6.46,0.86,16.35,0.54,0.59,11.28,2.38,0.20,0.55,0.09,0.06,0.15
630,1,45,9,29,8,84,16,54,15,0.64,0.28,0.20,0.10,0.10,0.22,45,32,31.10,30.50,0.54,0.64,3.47,4.91,0.86,13.66,0.54,0.80,6.40,1.79,0.15,0.45,0.17,0.06,0.22
648,1,100,21,68,21,231,32,124,32,0.54,0.26,0.21,0.12,0.38,0.43,100,34,36.80,37.30,0.43,0.73,4.65,6.58,0.85,15.36,0.55,0.79,15.04,2.74,0.15,0.52,0.09,0.07,0.16
921,1,52,9,34,9,63,12,39,12,0.62,0.31,0.17,0.25,0.50,0.50,52,42,42.80,43.40,0.83,0.84,4.63,6.55,0.95,38.85,0.87,1.00,8.00,2.00,0.21,0.84,0.21,0.08,0.28
589,1,57,8,34,7,106,10,49,8,0.46,0.16,0.14,0.08,0.08,0.20,57,33,34.70,36.80,0.54,0.71,3.91,5.54,0.87,15.22,0.69,0.77,7.69,1.96,0.20,0.55,0.14,0.12,0.27
705,0,0,0,0,0,0,0,0,0,0,0,0,0,0,0,0,0,0,0,0,0,0,0,0,0,0,0,0,0,0,0,0,0,0
564,1,53,8,33,7,81,9,45,8,0.56,0.18,0.15,0.20,0.20,0.32,53,33,36.10,38.10,0.65,0.66,4.16,5.89,0.90,19.77,0.73,0.60,1.80,0.95,0.07,0.70,0.20,0.11,0.31
904,1,80,9,55,9,139,12,83,12,0.60,0.14,0.11,0.00,0.00,0.00,80,41,37.80,41.80,0.58,0.80,4.80,6.79,0.89,19.14,0.66,0.72,9.39,2.17,0.16,0.65,0.16,0.06,0.22
664,1,93,13,61,13,195,16,110,16,0.56,0.15,0.14,0.13,0.52,0.51,93,32,35.70,34.60,0.48,0.66,4.71,6.66,0.86,16.31,0.55,0.58,10.45,2.29,0.16,0.49,0.12,0.08,0.20
750,1,57,6,37,6,105,10,58,10,0.55,0.17,0.11,0.00,0.00,0.00,57,30,34.10,33.90,0.54,0.68,3.93,5.56,0.87,15.40,0.64,0.78,5.44,1.65,0.12,0.50,0.19,0.14,0.33
839,1,81,14,47,13,160,18,81,16,0.51,0.20,0.17,0.16,0.64,0.57,81,39,39.50,38.70,0.51,0.77,4.53,6.40,0.87,16.43,0.58,0.52,6.76,1.84,0.16,0.61,0.09,0.09,0.17
883,1,82,15,53,13,134,19,66,17,0.49,0.26,0.18,0.18,0.36,0.43,82,42,39.50,37.00,0.61,0.79,5.01,7.08,0.90,21.21,0.80,0.91,9.09,2.13,0.15,0.73,0.17,0.12,0.29
640,1,125,23,80,22,242,28,117,26,0.48,0.22,0.18,0.12,0.50,0.50,125,35,40.60,38.00,0.52,0.76,5.68,8.04,0.88,19.81,0.68,0.69,15.12,2.75,0.19,0.61,0.15,0.10,0.26
853,1,28,6,18,6,58,8,31,8,0.53,0.26,0.21,0.29,0.57,0.53,28,28,26.40,26.90,0.48,0.56,2.60,3.68,0.82,9.83,0.58,0.71,3.57,1.34,0.16,0.50,0.10,0.03,0.13
526,1,66,9,44,9,115,10,66,10,0.57,0.15,0.14,0.06,0.06,0.18,66,38,37.90,36.00,0.57,0.75,4.35,6.15,0.88,17.61,0.67,0.69,7.56,1.94,0.17,0.68,0.18,0.06,0.24
699,1,58,9,40,8,81,10,48,9,0.59,0.19,0.16,0.13,0.27,0.37,58,37,39.10,38.90,0.72,0.74,4.56,6.44,0.92,25.11,0.83,0.80,9.60,2.19,0.25,0.76,0.15,0.10,0.25
636,1,103,24,73,24,188,28,111,28,0.59,0.25,0.23,0.10,0.19,0.31,103,41,40.90,40.60,0.55,0.82,5.31,7.51,0.89,19.79,0.66,0.62,8.05,2.01,0.12,0.65,0.14,0.06,0.21
919,1,41,5,23,5,74,6,38,6,0.51,0.16,0.12,0.00,0.00,0.00,41,29,31.30,31.70,0.55,0.58,3.37,4.77,0.86,13.62,0.61,0.45,2.27,1.07,0.13,0.57,0.13,0.13,0.26
562,1,77,17,51,17,156,20,85,20,0.54,0.24,0.22,0.18,0.36,0.43,77,31,36.70,35.50,0.49,0.70,4.36,6.16,0.86,15.69,0.60,0.73,5.82,1.71,0.09,0.53,0.20,0.07,0.27
587,1,96,19,66,17,216,29,114,27,0.53,0.24,0.20,0.08,0.17,0.29,96,33,38.40,37.40,0.44,0.77,4.62,6.53,0.85,15.47,0.58,0.67,10.67,2.31,0.14,0.51,0.11,0.10,0.21
604,0,0,0,0,0,0,0,0,0,0,0,0,0,0,0,0,0,0,0,0,0,0,0,0,0,0,0,0,0,0,0,0,0,0
662,1,56,13,37,12,77,14,46,13,0.60,0.28,0.23,0.09,0.09,0.21,56,39,40.30,38.80,0.73,0.78,4.51,6.38,0.93,25.73,0.80,0.73,5.82,1.71,0.17,0.83,0.20,0.13,0.33
888,1,20,3,15,3,33,3,21,3,0.64,0.14,0.15,0.00,0.00,0.00,20,20,20,20,0.61,0.61,2.46,3.48,0.86,10.60,0.71,0.60,1.80,0.95,0.14,0.64,0.14,0.10,0.24
645,0,0,0,0,0,0,0,0,0,0,0,0,0,0,0,0,0,0,0,0,0,0,0,0,0,0,0,0,0,0,0,0,0,0
642,0,0,0,0,0,0,0,0,0,0,0,0,0,0,0,0,0,0,0,0,0,0,0,0,0,0,0,0,0,0,0,0,0,0
703,1,54,9,35,9,91,15,54,15,0.59,0.28,0.17,0.00,0.00,0.00,54,30,37.40,36.80,0.59,0.60,4.00,5.66,0.88,16.93,0.65,0.89,7.11,1.89,0.15,0.62,0.17,0.13,0.30
517,1,84,21,59,20,188,30,103,29,0.55,0.28,0.25,0.21,1.29,0.80,84,31,36.60,38.50,0.45,0.75,4.33,6.13,0.85,14.78,0.57,0.61,10.32,2.27,0.17,0.53,0.14,0.05,0.18
592,1,46,7,28,6,67,8,34,7,0.51,0.21,0.15,0.30,0.90,0.67,46,37,37.70,36.30,0.69,0.74,3.97,5.62,0.91,20.42,0.82,1.00,10.00,2.24,0.29,0.69,0.15,0.15,0.29
651,1,80,12,52,12,156,18,86,18,0.55,0.21,0.15,0.14,0.41,0.45,80,35,37.90,36.80,0.51,0.72,4.53,6.41,0.87,16.58,0.60,0.68,10.23,2.26,0.17,0.50,0.16,0.07,0.23
545,1,24,4,14,3,31,4,17,3,0.55,0.18,0.17,0.25,0.25,0.35,24,24,24,24,0.77,0.77,3.05,4.31,0.93,20.01,0.82,0.75,2.25,1.06,0.18,0.90,0.12,0.00,0.12
661,1,58,14,40,13,86,16,48,15,0.56,0.31,0.24,0.17,0.17,0.29,58,37,37.80,38.90,0.67,0.74,4.42,6.25,0.91,21.88,0.83,0.67,2.67,1.15,0.08,0.88,0.21,0.08,0.29
610,1,62,12,41,12,127,15,73,15,0.57,0.21,0.19,0.16,0.47,0.49,62,29,34.80,36.60,0.49,0.66,3.89,5.50,0.85,14.21,0.56,0.68,8.89,2.11,0.18,0.50,0.11,0.10,0.21
654,1,39,10,26,9,65,13,35,12,0.54,0.34,0.26,0.00,0.00,0.00,39,34,33.20,33.10,0.60,0.68,3.42,4.84,0.88,14.81,0.74,1.00,6.00,1.73,0.17,0.60,0.14,0.11,0.26
794,1,87,23,57,22,164,27,87,26,0.53,0.30,0.26,0.07,0.07,0.19,87,38,37.90,39.20,0.53,0.75,4.80,6.79,0.88,17.82,0.66,0.64,5.79,1.70,0.10,0.63,0.10,0.09,0.20
844,1,24,4,13,4,36,5,18,5,0.50,0.28,0.17,0.17,0.17,0.29,24,24,24,24,0.67,0.67,2.83,4.00,0.89,13.75,0.72,0.83,4.17,1.44,0.28,0.75,0.11,0.00,0.11
602,1,99,24,69,23,208,40,112,39,0.54,0.35,0.24,0.13,0.52,0.51,99,34,39.50,35.70,0.48,0.69,4.85,6.86,0.86,16.67,0.62,0.58,10.45,2.29,0.16,0.64,0.16,0.05,0.21
647,1,90,21,61,20,197,42,108,41,0.55,0.38,0.23,0.22,1.33,0.82,90,36,35.40,36.50,0.46,0.76,4.53,6.41,0.85,15.47,0.56,0.70,13.37,2.59,0.18,0.53,0.13,0.06,0.19
502,1,21,5,13,5,27,5,16,5,0.59,0.31,0.24,0,0,0,21,21,21,21,0.78,0.78,2.86,4.04,0.92,18.77,0.81,0,0,0,0.00,0.82,0.19,0.06,0.25
531,1,119,16,79,16,222,23,130,23,0.59,0.18,0.13,0.12,0.48,0.49,119,40,40.70,40.90,0.54,0.83,5.65,7.99,0.88,20.33,0.61,0.64,13.36,2.58,0.16,0.63,0.13,0.11,0.24
521,1,57,15,44,15,115,15,69,15,0.60,0.22,0.26,0.15,0.45,0.47,57,33,34.00,34.00,0.50,0.66,3.76,5.32,0.85,13.93,0.64,0.65,8.45,2.06,0.19,0.57,0.17,0.06,0.23
749,1,43,10,31,10,64,12,41,12,0.64,0.29,0.23,0.20,0.40,0.45,43,32,35.00,33.60,0.67,0.64,3.80,5.38,0.90,18.89,0.76,0.90,8.10,2.01,0.22,0.69,0.17,0.12,0.29
913,1,46,7,25,7,73,8,40,8,0.55,0.20,0.15,0.00,0.00,0.00,46,36,35.00,34.70,0.63,0.72,3.81,5.38,0.89,17.31,0.62,0.56,2.78,1.18,0.12,0.67,0.17,0.05,0.23
773,1,52,5,32,5,89,6,44,6,0.49,0.14,0.10,0.00,0.00,0.00,52,36,35.50,36.30,0.58,0.72,3.90,5.51,0.88,16.28,0.73,0.69,6.23,1.77,0.20,0.67,0.20,0.05,0.25
849,1,67,8,48,8,122,10,71,10,0.58,0.14,0.12,0.12,0.25,0.35,67,35,37.50,36.10,0.55,0.76,4.29,6.07,0.88,16.72,0.68,0.75,9.00,2.12,0.17,0.68,0.14,0.08,0.23
885,1,100,12,64,10,229,16,133,14,0.58,0.11,0.12,0.09,0.37,0.43,100,36,37.60,38.20,0.44,0.75,4.67,6.61,0.85,15.48,0.48,0.56,13.40,2.59,0.18,0.48,0.07,0.06,0.13
785,1,80,9,51,9,167,17,80,17,0.48,0.21,0.11,0.10,0.20,0.32,80,36,34.40,37.90,0.48,0.75,4.38,6.19,0.86,15.46,0.64,0.80,12.80,2.53,0.20,0.49,0.19,0.07,0.26
525,1,65,10,37,9,136,16,75,15,0.55,0.20,0.15,0.07,0.07,0.18,65,33,35.90,37.50,0.48,0.67,3.94,5.57,0.85,14.20,0.49,0.60,5.40,1.64,0.12,0.47,0.12,0.04,0.16
846,1,73,17,49,16,135,26,69,25,0.51,0.36,0.23,0.14,0.29,0.38,73,34,37.20,36.10,0.54,0.67,4.44,6.28,0.87,17.00,0.71,0.71,7.14,1.89,0.14,0.69,0.16,0.07,0.23
746,0,0,0,0,0,0,0,0,0,0,0,0,0,0,0,0,0,0,0,0,0,0,0,0,0,0,0,0,0,0,0,0,0,0
697,1,92,16,63,16,197,25,124,25,0.63,0.20,0.17,0.08,0.24,0.35,92,36,37.40,36.00,0.47,0.74,4.63,6.55,0.86,15.92,0.51,0.49,8.76,2.09,0.15,0.57,0.10,0.06,0.17
656,1,100,22,73,22,244,32,130,32,0.53,0.25,0.22,0.11,0.44,0.47,100,35,35.00,34.00,0.41,0.68,4.53,6.40,0.84,14.71,0.56,0.47,8.03,2.00,0.13,0.56,0.11,0.07,0.18
689,1,81,14,52,12,161,20,93,17,0.58,0.18,0.17,0.05,0.05,0.16,81,36,37.50,36.00,0.50,0.70,4.51,6.38,0.86,16.32,0.56,0.60,7.20,1.90,0.13,0.56,0.12,0.04,0.16
519,1,61,7,40,7,123,12,68,12,0.55,0.18,0.11,0.06,0.06,0.17,61,36,35.80,34.60,0.50,0.71,3.89,5.50,0.85,14.34,0.59,0.61,6.72,1.83,0.16,0.48,0.12,0.07,0.19
730,1,84,16,58,16,147,18,81,18,0.55,0.22,0.19,0.08,0.08,0.20,84,34,39.00,39.40,0.57,0.75,4.90,6.93,0.89,19.33,0.72,0.77,7.69,1.96,0.12,0.72,0.17,0.09,0.26
704,0,0,0,0,0,0,0,0,0,0,0,0,0,0,0,0,0,0,0,0,0,0,0,0,0,0,0,0,0,0,0,0,0,0
701,1,25,2,16,2,31,2,18,2,0.58,0.11,0.08,0.00,0.00,0.00,25,25,25,25,0.81,0.81,3.18,4.49,0.94,23.81,0.89,0.50,0.50,0.50,0.06,0.86,0.28,0.22,0.50
801,1,78,16,51,15,148,22,82,21,0.55,0.26,0.21,0.14,0.43,0.46,78,34,37.20,36.40,0.53,0.73,4.53,6.41,0.87,16.93,0.62,0.71,10.71,2.31,0.18,0.60,0.15,0.07,0.22
868,1,74,8,50,8,115,10,66,10,0.57,0.15,0.11,0.06,0.06,0.18,74,39,39.20,42.40,0.64,0.82,4.88,6.90,0.91,22.18,0.76,0.81,10.56,2.30,0.20,0.70,0.11,0.17,0.27
569,1,29,9,19,9,38,10,24,10,0.63,0.42,0.31,0.00,0.00,0.00,29,29,29,29,0.76,0.76,3.33,4.70,0.93,21.26,0.79,0.80,3.20,1.26,0.17,0.75,0.17,0.08,0.25
819,1,58,11,41,10,115,14,71,13,0.62,0.18,0.19,0.11,0.22,0.33,58,37,34.30,31.20,0.50,0.70,3.82,5.41,0.86,14.28,0.58,0.61,6.72,1.83,0.15,0.48,0.17,0.10,0.27
563,1,34,4,20,3,58,5,31,4,0.53,0.13,0.12,0.00,0.00,0.00,34,27,31.30,29.20,0.59,0.54,3.16,4.46,0.87,13.41,0.65,0.71,3.57,1.34,0.16,0.47,0.19,0.06,0.26
516,1,41,6,26,6,67,6,39,6,0.58,0.15,0.15,0.14,0.14,0.27,41,35,33.70,35.40,0.61,0.70,3.54,5.01,0.88,15.63,0.67,0.71,3.57,1.34,0.13,0.53,0.21,0.10,0.31
643,1,57,7,35,7,101,10,53,10,0.52,0.19,0.12,0.08,0.08,0.20,57,33,36.20,35.00,0.56,0.71,4.01,5.67,0.88,16.17,0.66,0.69,6.23,1.77,0.17,0.61,0.17,0.02,0.19
889,1,43,8,26,8,68,9,41,9,0.60,0.22,0.19,0.10,0.10,0.22,43,36,34.00,36.10,0.63,0.72,3.69,5.21,0.89,16.87,0.63,0.70,4.90,1.57,0.17,0.53,0.22,0.05,0.27
612,1,35,8,23,8,54,10,32,10,0.59,0.31,0.23,0.44,1.78,0.94,35,34,32.80,33.10,0.65,0.68,3.37,4.76,0.89,15.94,0.72,0.78,5.44,1.65,0.22,0.79,0.12,0.06,0.19
622,1,103,28,77,27,191,29,99,28,0.52,0.28,0.27,0.27,1.88,0.97,103,34,35.70,37.40,0.54,0.73,5.27,7.45,0.88,19.40,0.78,0.88,20.35,3.19,0.23,0.71,0.18,0.03,0.21
566,1,49,7,35,7,87,9,51,9,0.59,0.18,0.14,0.12,0.24,0.34,49,35,33.60,33.10,0.56,0.70,3.71,5.25,0.87,15.09,0.69,0.59,5.88,1.71,0.20,0.67,0.16,0.04,0.20
547,0,0,0,0,0,0,0,0,0,0,0,0,0,0,0,0,0,0,0,0,0,0,0,0,0,0,0,0,0,0,0,0,0,0
831,1,64,15,42,14,103,19,57,17,0.55,0.30,0.23,0.23,0.69,0.59,64,36,38.00,36.10,0.62,0.75,4.46,6.31,0.90,19.60,0.74,0.77,7.69,1.96,0.18,0.72,0.18,0.11,0.28
791,1,72,9,46,9,163,17,88,17,0.54,0.19,0.12,0.16,0.64,0.57,72,28,36.50,37.40,0.44,0.66,3.99,5.64,0.84,13.79,0.52,0.60,9.00,2.12,0.17,0.46,0.10,0.05,0.15
807,1,33,5,18,4,50,5,27,4,0.54,0.15,0.15,0.25,0.50,0.50,33,33,33.00,33.00,0.66,0.66,3.30,4.67,0.89,16.00,0.67,0.62,3.12,1.25,0.19,0.55,0.22,0.04,0.26
677,1,105,27,65,24,214,33,101,30,0.47,0.30,0.26,0.08,0.16,0.28,105,31,37.50,37.90,0.49,0.74,5.08,7.18,0.87,17.56,0.64,0.72,12.96,2.55,0.18,0.62,0.14,0.05,0.19
742,1,58,10,36,9,124,16,67,15,0.54,0.22,0.17,0.30,0.90,0.67,58,32,34.20,32.90,0.47,0.63,3.68,5.21,0.84,13.28,0.54,0.90,8.10,2.01,0.13,0.49,0.13,0.06,0.19
734,1,37,6,27,6,73,9,45,9,0.62,0.20,0.16,0.17,0.33,0.41,37,27,29.80,33.20,0.51,0.54,3.06,4.33,0.84,11.76,0.60,0.58,4.08,1.43,0.16,0.50,0.24,0.07,0.31
756,1,89,15,65,15,178,19,96,19,0.54,0.20,0.17,0.10,0.20,0.32,89,37,35.20,37.40,0.50,0.73,4.72,6.67,0.87,16.82,0.68,0.70,9.80,2.21,0.15,0.63,0.17,0.10,0.27
591,1,72,12,46,11,132,20,69,19,0.52,0.28,0.17,0.00,0.00,0.00,72,34,36.20,37.70,0.55,0.73,4.43,6.27,0.88,17.08,0.67,0.85,9.31,2.16,0.16,0.55,0.19,0.07,0.26
848,1,50,9,34,8,98,11,56,9,0.57,0.16,0.18,0.08,0.08,0.20,50,34,34.20,32.60,0.51,0.68,3.57,5.05,0.85,13.57,0.61,0.75,6.75,1.84,0.16,0.52,0.16,0.09,0.25
745,1,61,7,33,7,116,9,52,9,0.45,0.17,0.11,0.18,0.36,0.43,61,35,34.70,31.80,0.53,0.68,4.00,5.66,0.86,15.27,0.63,0.64,4.45,1.49,0.13,0.61,0.19,0.04,0.23
914,1,85,18,56,17,176,26,90,24,0.51,0.27,0.21,0.13,0.27,0.37,85,37,37.70,40.00,0.48,0.78,4.53,6.41,0.86,15.95,0.62,0.67,6.67,1.83,0.11,0.64,0.13,0.10,0.23
845,1,50,11,31,11,75,12,39,12,0.52,0.31,0.22,0.14,0.14,0.27,50,33,36.90,36.90,0.67,0.66,4.08,5.77,0.91,19.97,0.79,0.86,5.14,1.60,0.15,0.68,0.26,0.05,0.31
804,1,60,13,40,12,129,16,67,15,0.52,0.22,0.22,0.20,0.40,0.45,60,35,32.30,32.50,0.47,0.64,3.74,5.28,0.84,13.40,0.60,0.80,6.40,1.79,0.12,0.55,0.22,0.04,0.27
710,1,13,2,8,2,14,2,9,2,0.64,0.22,0.15,0.00,0.00,0.00,13,13,13,13,0.93,0.93,2.46,3.47,0.97,40.81,0.89,1.00,2.00,1.00,0.22,0.83,0.11,0.00,0.11
657,0,0,0,0,0,0,0,0,0,0,0,0,0,0,0,0,0,0,0,0,0,0,0,0,0,0,0,0,0,0,0,0,0,0
565,1,73,12,49,12,136,13,72,13,0.53,0.18,0.16,0.17,0.33,0.41,73,35,38.00,40.30,0.54,0.78,4.43,6.26,0.87,16.85,0.68,0.92,10.08,2.25,0.15,0.60,0.11,0.08,0.19
625,1,124,22,84,19,263,30,135,27,0.51,0.20,0.18,0.09,0.26,0.36,124,37,39.60,40.40,0.47,0.81,5.41,7.65,0.87,17.93,0.62,0.71,16.94,2.91,0.18,0.62,0.17,0.09,0.26
901,1,64,13,41,13,108,17,62,17,0.57,0.27,0.20,0.20,0.60,0.55,64,28,38.60,36.00,0.59,0.69,4.35,6.16,0.89,18.20,0.66,0.73,8.07,2.01,0.18,0.64,0.08,0.05,0.13
733,1,103,20,71,18,197,23,110,20,0.56,0.18,0.19,0.17,0.83,0.65,103,40,39.20,39.50,0.52,0.79,5.19,7.34,0.88,18.69,0.65,0.67,13.33,2.58,0.18,0.62,0.13,0.08,0.21
588,1,11,2,7,2,11,2,7,2,0.64,0.29,0.18,0,0,0,11,11,11,11,1.00,1.00,2.35,3.32,1.00,NaN,1.00,0,0,0,0.00,1.00,0.57,0.00,0.57
522,1,54,7,35,6,121,12,63,11,0.52,0.17,0.13,0.00,0.00,0.00,54,30,30.60,32.10,0.45,0.61,3.47,4.91,0.83,12.38,0.56,0.82,7.36,1.92,0.14,0.53,0.11,0.03,0.14
707,0,0,0,0,0,0,0,0,0,0,0,0,0,0,0,0,0,0,0,0,0,0,0,0,0,0,0,0,0,0,0,0,0,0
590,1,57,8,34,8,112,13,61,13,0.54,0.21,0.14,0.00,0.00,0.00,57,28,35.40,33.50,0.51,0.60,3.81,5.39,0.86,14.32,0.56,0.71,7.14,1.89,0.16,0.42,0.11,0.07,0.18
779,1,90,15,62,14,172,23,93,22,0.54,0.24,0.17,0.11,0.22,0.33,90,31,37.00,36.90,0.52,0.73,4.85,6.86,0.87,17.77,0.67,0.89,14.22,2.67,0.17,0.58,0.12,0.08,0.19
782,1,20,1,12,1,25,1,14,1,0.56,0.07,0.05,0.00,0.00,0.00,20,20,20,20,0.80,0.80,2.83,4.00,0.93,20.17,0.86,1.00,2.00,1.00,0.14,0.75,0.21,0.07,0.29
632,1,82,12,56,12,177,18,94,18,0.53,0.19,0.15,0.08,0.15,0.28,82,34,35.80,32.20,0.46,0.67,4.36,6.16,0.85,15.12,0.60,0.69,12.46,2.50,0.19,0.51,0.12,0.09,0.20
653,1,103,21,74,21,226,25,120,25,0.53,0.21,0.20,0.17,0.83,0.65,103,34,37.70,37.10,0.46,0.72,4.84,6.85,0.86,16.24,0.62,0.70,14.70,2.71,0.17,0.60,0.16,0.05,0.21
678,1,89,11,56,9,192,15,101,12,0.53,0.12,0.12,0.00,0.00,0.00,89,32,37.10,36.60,0.46,0.71,4.54,6.42,0.85,15.61,0.55,0.50,6.50,1.80,0.13,0.60,0.09,0.10,0.19
790,1,81,14,56,12,163,21,89,17,0.55,0.19,0.17,0.17,0.50,0.50,81,34,37.00,37.20,0.50,0.73,4.49,6.34,0.86,16.11,0.63,0.67,8.00,2.00,0.13,0.60,0.16,0.10,0.26
754,1,86,14,56,11,156,21,85,18,0.54,0.21,0.16,0.04,0.04,0.14,86,41,39.00,40.20,0.55,0.79,4.87,6.89,0.88,18.60,0.66,0.67,10.67,2.31,0.19,0.62,0.11,0.12,0.22
688,1,91,21,65,21,180,31,109,31,0.61,0.28,0.23,0.10,0.20,0.32,91,39,37.40,33.80,0.51,0.69,4.80,6.78,0.87,17.17,0.60,0.50,5.00,1.58,0.09,0.63,0.13,0.06,0.19
759,1,123,24,90,24,254,34,144,34,0.57,0.24,0.20,0.09,0.28,0.38,123,39,39.50,38.80,0.48,0.78,5.46,7.72,0.87,18.36,0.62,0.66,13.78,2.62,0.15,0.55,0.15,0.10,0.25
753,1,80,15,53,13,170,18,86,16,0.51,0.19,0.19,0.00,0.00,0.00,80,38,37.30,36.70,0.47,0.72,4.34,6.14,0.85,15.20,0.62,0.65,8.45,2.06,0.15,0.60,0.09,0.09,0.19
910,1,75,13,50,13,141,21,80,21,0.57,0.26,0.17,0.21,0.84,0.65,75,32,36.30,36.00,0.53,0.69,4.47,6.32,0.87,16.85,0.62,0.74,10.32,2.27,0.17,0.55,0.14,0.10,0.24
814,1,81,10,52,10,151,13,83,13,0.55,0.16,0.12,0.19,0.56,0.53,81,34,37.50,38.20,0.54,0.75,4.66,6.59,0.88,17.55,0.63,0.62,6.25,1.77,0.12,0.59,0.18,0.11,0.29
673,1,67,7,40,7,133,11,63,11,0.47,0.17,0.10,0.08,0.08,0.20,67,30,35.40,33.70,0.50,0.66,4.11,5.81,0.86,15.15,0.63,0.46,2.77,1.18,0.10,0.63,0.17,0.10,0.27
581,1,32,7,18,7,54,8,29,8,0.54,0.28,0.22,0.00,0.00,0.00,32,32,30.80,31.10,0.59,0.64,3.08,4.35,0.87,13.21,0.62,0.83,4.17,1.44,0.17,0.53,0.14,0.07,0.21
720,1,47,6,30,6,88,7,44,7,0.50,0.16,0.13,0.00,0.00,0.00,47,31,32.10,33.60,0.53,0.62,3.54,5.01,0.86,13.88,0.68,0.70,4.90,1.57,0.16,0.62,0.14,0.11,0.25
574,1,68,12,48,11,128,16,75,15,0.59,0.20,0.18,0.10,0.10,0.22,68,34,35.30,36.60,0.53,0.72,4.25,6.01,0.87,16.16,0.64,0.80,6.40,1.79,0.11,0.58,0.23,0.11,0.33
532,1,59,8,38,8,116,9,68,9,0.59,0.13,0.14,0.14,0.41,0.45,59,30,32.80,37.60,0.51,0.71,3.87,5.48,0.86,14.52,0.56,0.55,6.55,1.81,0.18,0.52,0.13,0.10,0.24
818,1,41,5,25,5,66,5,36,5,0.55,0.14,0.12,0.00,0.00,0.00,41,29,34.20,30.40,0.62,0.58,3.57,5.05,0.89,16.01,0.69,0.60,3.60,1.34,0.17,0.63,0.08,0.11,0.19
842,1,67,11,44,11,113,20,67,20,0.59,0.30,0.16,0.14,0.29,0.38,67,34,37.30,38.90,0.59,0.76,4.46,6.30,0.89,18.57,0.66,0.71,7.14,1.89,0.15,0.67,0.15,0.10,0.25
740,1,40,5,23,5,60,6,30,6,0.50,0.20,0.12,0.12,0.12,0.25,40,32,34.70,34.00,0.67,0.64,3.65,5.16,0.90,17.96,0.77,0.88,6.12,1.75,0.23,0.62,0.23,0.03,0.27
571,1,45,8,29,8,89,9,48,9,0.54,0.19,0.18,0.17,0.33,0.41,45,34,32.50,34.60,0.51,0.68,3.37,4.77,0.85,12.83,0.60,0.67,5.33,1.63,0.17,0.48,0.15,0.02,0.17
886,1,72,14,46,12,151,14,83,12,0.55,0.14,0.19,0.12,0.38,0.43,72,34,35.30,38.20,0.48,0.72,4.14,5.86,0.85,14.76,0.55,0.58,8.17,2.02,0.17,0.56,0.11,0.08,0.19
665,1,87,14,58,13,176,21,95,20,0.54,0.21,0.16,0.22,0.89,0.67,87,33,35.80,35.80,0.49,0.73,4.64,6.56,0.86,16.48,0.61,0.72,9.39,2.17,0.14,0.65,0.15,0.08,0.23
674,1,57,7,36,6,106,9,54,7,0.51,0.13,0.12,0.00,0.00,0.00,57,30,35.30,33.20,0.54,0.67,3.91,5.54,0.87,15.22,0.67,0.80,6.40,1.79,0.15,0.55,0.13,0.09,0.22
906,1,80,13,47,12,162,15,79,13,0.49,0.16,0.16,0.13,0.27,0.37,80,27,36.80,35.70,0.49,0.66,4.44,6.29,0.86,15.93,0.59,0.47,3.27,1.28,0.09,0.64,0.18,0.06,0.24
847,1,111,16,73,16,255,19,121,19,0.47,0.16,0.14,0.04,0.04,0.15,111,34,37.90,38.80,0.44,0.74,4.92,6.95,0.85,16.03,0.60,0.74,12.57,2.51,0.14,0.56,0.15,0.07,0.22
890,1,98,15,67,14,192,20,106,19,0.55,0.18,0.15,0.18,0.89,0.67,98,36,36.90,37.80,0.51,0.76,5.00,7.07,0.87,17.85,0.63,0.64,11.57,2.41,0.17,0.60,0.14,0.09,0.24
854,1,52,11,34,11,97,14,54,14,0.56,0.26,0.21,0.06,0.06,0.18,52,28,34.70,34.90,0.54,0.56,3.73,5.28,0.86,14.58,0.63,0.62,6.25,1.77,0.19,0.70,0.11,0.11,0.22
881,1,164,39,122,38,379,57,201,56,0.53,0.28,0.24,0.11,0.57,0.53,164,37,39.60,38.20,0.43,0.75,5.96,8.42,0.86,18.28,0.61,0.64,17.82,2.98,0.14,0.61,0.14,0.09,0.23
732,1,77,11,50,10,193,19,92,17,0.48,0.18,0.14,0.08,0.15,0.28,77,35,37.20,34.20,0.40,0.70,3.92,5.54,0.83,13.09,0.54,0.46,5.54,1.66,0.13,0.58,0.13,0.08,0.21
907,1,92,23,70,23,188,27,110,27,0.59,0.25,0.25,0.18,0.73,0.60,92,35,36.60,37.90,0.49,0.73,4.74,6.71,0.86,16.66,0.64,0.68,10.23,2.26,0.14,0.61,0.17,0.07,0.25
862,1,107,15,70,14,225,27,128,26,0.57,0.20,0.14,0.08,0.16,0.28,107,40,37.80,41.30,0.48,0.82,5.04,7.13,0.86,17.14,0.55,0.68,11.56,2.40,0.13,0.49,0.15,0.09,0.24
762,1,106,18,73,17,192,20,103,19,0.54,0.18,0.17,0.12,0.35,0.42,106,40,38.90,39.30,0.55,0.81,5.41,7.65,0.89,20.21,0.71,0.77,15.38,2.77,0.19,0.63,0.15,0.09,0.23
909,1,51,8,30,7,102,11,52,10,0.51,0.19,0.16,0.12,0.24,0.34,51,31,33.40,33.10,0.50,0.65,3.57,5.05,0.85,13.40,0.58,0.53,4.76,1.54,0.17,0.60,0.06,0.12,0.17
715,1,84,18,53,17,159,25,83,24,0.52,0.29,0.21,0.23,1.14,0.75,84,39,37.60,39.50,0.53,0.78,4.71,6.66,0.87,17.49,0.64,0.77,13.14,2.56,0.20,0.62,0.06,0.08,0.14
884,1,114,32,84,30,243,44,134,40,0.55,0.30,0.28,0.24,1.44,0.85,114,37,37.90,35.30,0.47,0.72,5.17,7.31,0.86,17.31,0.63,0.60,9.00,2.12,0.11,0.61,0.19,0.09,0.28
709,1,46,4,30,4,67,5,42,5,0.63,0.12,0.09,0.09,0.09,0.21,46,39,37.00,39.50,0.69,0.78,3.97,5.62,0.91,20.42,0.71,0.73,5.82,1.71,0.19,0.71,0.17,0.02,0.19
800,1,50,9,31,8,100,14,54,11,0.54,0.20,0.18,0.11,0.21,0.32,50,32,32.10,30.50,0.50,0.70,3.54,5.00,0.85,13.29,0.57,0.58,6.37,1.78,0.20,0.45,0.11,0.07,0.19
628,1,45,8,27,7,69,10,33,8,0.48,0.24,0.18,0.17,0.17,0.29,45,35,35.60,36.60,0.65,0.70,3.83,5.42,0.90,18.21,0.82,0.67,2.67,1.15,0.12,0.78,0.21,0.06,0.27
871,1,59,11,40,11,99,13,52,13,0.53,0.25,0.19,0.21,0.64,0.57,59,37,36.60,37.70,0.60,0.74,4.19,5.93,0.89,17.72,0.77,0.86,10.29,2.27,0.23,0.71,0.17,0.10,0.27
700,1,123,20,96,20,247,28,152,28,0.62,0.18,0.16,0.08,0.25,0.35,123,38,40.60,40.00,0.50,0.79,5.53,7.83,0.87,18.91,0.63,0.64,14.69,2.71,0.15,0.56,0.17,0.09,0.26
594,1,51,7,31,7,94,9,50,9,0.53,0.18,0.14,0.07,0.07,0.19,51,34,35.10,32.50,0.54,0.68,3.72,5.26,0.87,14.66,0.62,0.64,5.79,1.70,0.18,0.57,0.10,0.08,0.18
611,1,77,26,52,25,136,32,72,31,0.53,0.43,0.34,0.50,2.50,1.12,77,40,38.20,39.70,0.57,0.80,4.67,6.60,0.88,18.43,0.72,0.80,6.40,1.79,0.11,0.71,0.15,0.07,0.22
687,1,94,28,69,28,219,35,123,35,0.56,0.28,0.30,0.32,3.23,1.27,94,35,36.40,34.30,0.43,0.69,4.49,6.35,0.84,14.91,0.56,0.68,14.23,2.67,0.17,0.52,0.13,0.06,0.19
527,1,69,8,48,8,125,12,72,12,0.58,0.17,0.12,0.11,0.21,0.32,69,33,37.60,37.30,0.55,0.73,4.36,6.17,0.88,17.04,0.67,0.74,10.32,2.27,0.19,0.60,0.17,0.12,0.29
660,1,59,7,37,7,103,9,56,9,0.54,0.16,0.12,0.14,0.29,0.38,59,40,36.50,36.40,0.57,0.76,4.11,5.81,0.88,16.74,0.66,0.71,7.14,1.89,0.18,0.69,0.12,0.04,0.16
576,1,43,5,27,5,72,6,39,6,0.54,0.15,0.12,0.12,0.12,0.25,43,31,34.20,35.40,0.60,0.62,3.58,5.07,0.88,15.41,0.69,1.00,8.00,2.00,0.21,0.55,0.13,0.08,0.21
775,1,87,17,59,17,205,23,120,23,0.59,0.19,0.20,0.06,0.11,0.24,87,27,34.90,34.70,0.42,0.68,4.30,6.08,0.84,14.36,0.49,0.46,7.31,1.91,0.13,0.47,0.10,0.09,0.19
838,1,47,7,30,7,75,7,39,7,0.52,0.18,0.15,0.17,0.33,0.41,47,37,36.20,33.60,0.63,0.74,3.84,5.43,0.89,17.32,0.77,0.83,8.33,2.04,0.26,0.77,0.21,0.05,0.26
542,1,16,1,10,1,22,1,12,1,0.55,0.08,0.06,0.00,0.00,0.00,16,16,16,16,0.73,0.73,2.41,3.41,0.90,13.03,0.83,0.67,1.33,0.82,0.17,0.86,0.17,0.00,0.17
675,1,86,12,50,11,211,23,109,22,0.52,0.20,0.14,0.06,0.12,0.25,86,33,36.20,35.90,0.41,0.68,4.19,5.92,0.83,13.86,0.46,0.52,8.76,2.09,0.16,0.44,0.07,0.06,0.13
551,1,74,17,50,17,149,24,81,24,0.54,0.30,0.23,0.19,0.76,0.62,74,37,37.80,37.10,0.50,0.79,4.29,6.06,0.86,15.54,0.62,0.71,10.71,2.31,0.19,0.56,0.12,0.07,0.20
820,1,108,11,75,10,237,15,133,14,0.56,0.11,0.10,0.10,0.31,0.39,108,36,37.70,39.00,0.46,0.77,4.96,7.02,0.86,16.52,0.56,0.62,11.17,2.36,0.14,0.56,0.13,0.08,0.20
840,1,32,5,16,5,40,5,18,5,0.45,0.28,0.16,0.25,0.25,0.35,32,32,32,32,0.80,0.80,3.58,5.06,0.94,26.48,0.89,0.75,2.25,1.06,0.17,0.91,0.17,0.00,0.17
758,1,30,6,19,6,39,8,24,8,0.62,0.33,0.20,0.25,0.25,0.35,30,30,30,30,0.77,0.77,3.40,4.80,0.93,22.22,0.79,1.00,4.00,1.41,0.17,0.64,0.25,0.08,0.33
596,1,59,10,39,9,102,15,56,14,0.55,0.25,0.17,0.15,0.31,0.39,59,36,35.30,35.70,0.58,0.75,4.13,5.84,0.88,16.97,0.70,0.85,9.31,2.16,0.20,0.56,0.18,0.05,0.23
878,1,80,13,54,10,198,21,106,16,0.54,0.15,0.16,0.05,0.05,0.15,80,37,35.80,34.70,0.40,0.73,4.02,5.69,0.83,13.40,0.51,0.59,7.68,1.96,0.12,0.45,0.13,0.07,0.20
706,1,53,8,37,7,99,8,55,7,0.56,0.13,0.15,0.00,0.00,0.00,53,30,32.30,32.10,0.54,0.60,3.77,5.33,0.86,14.68,0.67,0.69,6.23,1.77,0.16,0.60,0.13,0.07,0.20
809,1,50,8,34,8,97,10,51,10,0.53,0.20,0.16,0.50,2.00,1.00,50,34,31.90,31.80,0.52,0.68,3.59,5.08,0.86,13.72,0.67,1.00,8.00,2.00,0.16,0.55,0.18,0.04,0.22
528,0,0,0,0,0,0,0,0,0,0,0,0,0,0,0,0,0,0,0,0,0,0,0,0,0,0,0,0,0,0,0,0,0,0
724,1,87,10,55,9,202,14,101,13,0.50,0.13,0.11,0.15,0.45,0.47,87,35,34.80,33.30,0.43,0.69,4.33,6.12,0.84,14.53,0.54,0.70,9.80,2.21,0.14,0.45,0.12,0.07,0.19
874,1,80,22,56,22,149,32,85,31,0.57,0.36,0.28,0.11,0.22,0.33,80,39,38.60,39.50,0.54,0.79,4.63,6.55,0.88,17.49,0.66,0.78,10.89,2.33,0.16,0.63,0.19,0.05,0.24
561,1,38,4,28,4,72,6,48,6,0.67,0.12,0.11,0.00,0.00,0.00,38,31,32.10,32.30,0.53,0.62,3.17,4.48,0.85,12.43,0.58,0.50,3.00,1.22,0.12,0.69,0.21,0.08,0.29
735,1,37,6,21,6,51,6,28,6,0.55,0.21,0.16,0.40,0.80,0.63,37,37,36.60,36.60,0.73,0.74,3.66,5.18,0.92,20.92,0.75,1.00,5.00,1.58,0.18,0.62,0.14,0.11,0.25
796,1,40,6,24,6,84,9,45,9,0.54,0.20,0.15,0.17,0.33,0.41,40,28,29.40,27.10,0.48,0.56,3.09,4.36,0.83,11.49,0.53,0.58,4.08,1.43,0.16,0.43,0.13,0.04,0.18
605,1,47,8,32,8,96,13,55,13,0.57,0.24,0.17,0.00,0.00,0.00,47,25,30.60,31.10,0.49,0.50,3.39,4.80,0.84,12.67,0.58,0.60,5.40,1.64,0.16,0.54,0.09,0.07,0.16
739,1,77,12,46,12,150,20,74,20,0.49,0.27,0.16,0.17,0.33,0.41,77,39,37.60,38.80,0.51,0.76,4.45,6.29,0.87,16.35,0.62,0.92,10.08,2.25,0.15,0.51,0.15,0.09,0.24
760,1,69,12,43,12,151,17,77,17,0.51,0.22,0.17,0.11,0.22,0.33,69,35,34.30,34.90,0.46,0.70,3.97,5.62,0.84,13.96,0.56,0.56,5.56,1.67,0.13,0.51,0.14,0.04,0.18
860,1,34,3,21,3,81,4,39,4,0.48,0.10,0.09,0.00,0.00,0.00,34,23,25.90,24.60,0.42,0.46,2.67,3.78,0.80,9.66,0.54,0.47,3.27,1.28,0.18,0.50,0.13,0.05,0.18
816,1,63,11,40,11,112,16,59,16,0.53,0.27,0.17,0.08,0.08,0.20,63,37,36.70,37.90,0.56,0.74,4.21,5.95,0.88,16.81,0.68,0.69,6.23,1.77,0.15,0.75,0.20,0.00,0.20
824,1,63,15,45,13,102,16,61,14,0.60,0.23,0.24,0.17,0.50,0.50,63,35,37.80,37.40,0.62,0.76,4.41,6.24,0.90,19.28,0.74,0.89,14.22,2.67,0.26,0.62,0.18,0.05,0.23
578,1,84,19,51,18,174,26,85,25,0.49,0.29,0.23,0.16,0.47,0.49,84,33,38.70,37.00,0.48,0.70,4.50,6.37,0.86,15.87,0.60,0.79,11.84,2.43,0.18,0.50,0.13,0.07,0.20
711,1,133,28,99,27,241,32,137,31,0.57,0.23,0.21,0.12,0.62,0.56,133,45,41.20,40.90,0.55,0.81,6.06,8.57,0.89,21.98,0.72,0.72,21.02,3.24,0.21,0.70,0.19,0.09,0.28
633,1,103,16,68,16,202,25,110,25,0.54,0.23,0.16,0.23,1.14,0.75,103,42,38.00,37.60,0.51,0.79,5.12,7.25,0.87,18.17,0.62,0.64,8.91,2.11,0.13,0.64,0.14,0.06,0.20
752,1,84,9,54,9,179,13,99,13,0.55,0.13,0.11,0.00,0.00,0.00,84,32,37.10,36.10,0.47,0.73,4.44,6.28,0.85,15.45,0.55,0.62,8.05,2.01,0.13,0.47,0.12,0.08,0.20
899,1,67,10,42,9,122,13,61,11,0.50,0.18,0.15,0.00,0.00,0.00,67,37,35.60,38.90,0.55,0.79,4.29,6.07,0.88,16.72,0.69,0.77,7.69,1.96,0.16,0.59,0.13,0.13,0.26
513,1,45,5,25,5,89,6,39,6,0.44,0.15,0.11,0.21,0.64,0.57,45,30,30.10,31.30,0.51,0.60,3.37,4.77,0.85,12.83,0.64,0.71,7.14,1.89,0.26,0.44,0.10,0.08,0.18
639,1,51,11,33,11,79,12,43,12,0.54,0.28,0.22,0.12,0.12,0.25,51,36,36.60,36.70,0.65,0.72,4.06,5.74,0.90,18.95,0.77,0.88,6.12,1.75,0.16,0.71,0.16,0.07,0.23
826,1,73,15,53,14,165,20,96,19,0.58,0.20,0.21,0.17,0.50,0.50,73,34,36.50,34.30,0.44,0.71,4.02,5.68,0.84,13.88,0.55,0.72,9.39,2.17,0.14,0.56,0.16,0.05,0.21
922,1,78,15,54,14,161,22,84,21,0.52,0.25,0.19,0.13,0.27,0.37,78,30,35.90,36.10,0.48,0.69,4.35,6.15,0.86,15.47,0.64,0.67,6.67,1.83,0.12,0.63,0.17,0.10,0.26
865,0,0,0,0,0,0,0,0,0,0,0,0,0,0,0,0,0,0,0,0,0,0,0,0,0,0,0,0,0,0,0,0,0,0
795,1,111,19,75,19,220,22,111,22,0.50,0.20,0.17,0.04,0.04,0.15,111,35,39.30,38.80,0.50,0.76,5.29,7.48,0.87,18.47,0.68,0.70,11.13,2.36,0.14,0.62,0.17,0.07,0.24
599,1,31,5,19,5,58,6,31,6,0.53,0.19,0.16,0.20,0.20,0.32,31,28,28.70,27.60,0.53,0.56,2.88,4.07,0.85,11.43,0.61,0.80,3.20,1.26,0.13,0.56,0.16,0.03,0.19
905,1,60,5,36,5,132,8,64,8,0.48,0.12,0.08,0.06,0.06,0.17,60,36,33.90,33.20,0.45,0.67,3.69,5.22,0.84,13.13,0.56,0.59,5.88,1.71,0.16,0.56,0.17,0.06,0.23
763,1,65,12,45,12,91,14,58,14,0.64,0.24,0.18,0.08,0.08,0.20,65,43,40.50,40.90,0.71,0.86,4.82,6.81,0.93,26.26,0.78,0.75,6.75,1.84,0.16,0.71,0.17,0.10,0.28
505,1,52,8,33,8,100,9,50,9,0.50,0.18,0.15,0.11,0.11,0.24,52,32,32.90,32.80,0.52,0.65,3.68,5.20,0.86,14.08,0.66,0.67,4.00,1.41,0.12,0.56,0.16,0.10,0.26
821,1,43,6,25,5,71,7,34,6,0.48,0.18,0.14,0.15,0.31,0.39,43,31,33.40,33.00,0.61,0.62,3.61,5.10,0.88,15.74,0.74,0.69,6.23,1.77,0.26,0.64,0.15,0.06,0.21
784,1,48,7,28,7,87,9,47,9,0.54,0.19,0.15,0.00,0.00,0.00,48,34,33.40,33.60,0.55,0.68,3.64,5.15,0.87,14.56,0.60,0.50,3.00,1.22,0.13,0.65,0.13,0.11,0.23
806,1,34,5,18,5,44,5,24,5,0.55,0.21,0.15,0.14,0.14,0.27,34,34,34,34,0.77,0.77,3.62,5.13,0.93,24.12,0.75,0.86,5.14,1.60,0.25,0.60,0.21,0.04,0.25
558,1,75,9,48,8,192,24,99,21,0.52,0.21,0.12,0.04,0.04,0.14,75,31,34.10,35.70,0.39,0.69,3.83,5.41,0.82,12.77,0.48,0.54,7.04,1.88,0.13,0.45,0.12,0.08,0.20
583,1,49,11,35,11,81,15,49,15,0.60,0.31,0.22,0.00,0.00,0.00,49,32,35.60,33.50,0.60,0.64,3.85,5.44,0.89,16.69,0.71,0.82,7.36,1.92,0.18,0.71,0.12,0.08,0.20
692,1,77,12,54,11,170,16,98,15,0.58,0.15,0.16,0.08,0.15,0.28,77,36,34.50,34.30,0.45,0.68,4.18,5.91,0.85,14.46,0.55,0.58,8.65,2.08,0.15,0.49,0.14,0.06,0.20
811,1,61,12,40,11,108,13,56,12,0.52,0.21,0.20,0.38,1.92,0.98,61,28,35.50,35.60,0.56,0.67,4.15,5.87,0.88,16.67,0.71,0.85,9.31,2.16,0.20,0.61,0.11,0.09,0.20
917,1,62,8,36,8,140,14,68,14,0.49,0.21,0.13,0.00,0.00,0.00,62,32,33.00,31.70,0.44,0.62,3.71,5.24,0.84,13.02,0.53,0.50,3.00,1.22,0.09,0.52,0.15,0.06,0.21
582,1,44,9,26,8,94,20,46,16,0.49,0.35,0.20,0.00,0.00,0.00,44,33,29.70,33.30,0.47,0.66,3.21,4.54,0.83,11.81,0.57,0.60,3.60,1.34,0.13,0.57,0.13,0.04,0.17
683,1,37,7,25,7,58,9,34,9,0.59,0.26,0.19,0.11,0.11,0.24,37,34,33.80,33.10,0.64,0.68,3.44,4.86,0.89,15.93,0.74,0.78,5.44,1.65,0.21,0.62,0.12,0.18,0.29
855,0,0,0,0,0,0,0,0,0,0,0,0,0,0,0,0,0,0,0,0,0,0,0,0,0,0,0,0,0,0,0,0,0,0
555,1,73,11,45,11,132,14,72,14,0.55,0.19,0.15,0.06,0.06,0.18,73,40,37.20,37.90,0.55,0.76,4.49,6.35,0.88,17.48,0.62,0.75,9.00,2.12,0.17,0.50,0.17,0.11,0.28
652,1,85,11,57,11,163,15,88,15,0.54,0.17,0.13,0.06,0.06,0.17,85,38,37.50,38.00,0.52,0.75,4.71,6.66,0.87,17.31,0.65,0.82,11.53,2.40,0.16,0.55,0.15,0.09,0.24
695,0,0,0,0,0,0,0,0,0,0,0,0,0,0,0,0,0,0,0,0,0,0,0,0,0,0,0,0,0,0,0,0,0,0
748,1,85,11,54,10,181,18,94,17,0.52,0.18,0.13,0.04,0.04,0.14,85,36,36.40,36.30,0.47,0.73,4.47,6.32,0.85,15.53,0.57,0.62,9.85,2.22,0.17,0.56,0.11,0.07,0.18
549,1,68,11,45,10,130,14,72,13,0.55,0.18,0.16,0.06,0.06,0.18,68,36,36.60,38.70,0.52,0.78,4.22,5.96,0.87,15.88,0.62,0.69,7.56,1.94,0.15,0.72,0.14,0.06,0.19
552,1,45,6,29,6,112,12,62,12,0.55,0.19,0.13,0.00,0.00,0.00,45,36,31.10,38.10,0.40,0.73,3.01,4.25,0.81,10.60,0.47,0.55,3.27,1.28,0.10,0.46,0.13,0.05,0.18
668,1,30,4,16,3,35,4,18,3,0.51,0.17,0.13,0.00,0.00,0.00,30,30,30,30,0.86,0.86,3.59,5.07,0.96,35.61,0.89,1.00,3.00,1.22,0.17,0.75,0.11,0.28,0.39
511,1,47,9,32,9,64,9,37,9,0.58,0.24,0.19,0.09,0.09,0.21,47,38,39.50,38.60,0.73,0.76,4.15,5.88,0.93,24.33,0.86,0.91,9.09,2.13,0.27,0.83,0.16,0.03,0.19
698,1,71,12,47,12,143,15,81,15,0.57,0.19,0.17,0.07,0.07,0.18,71,36,37.30,38.70,0.50,0.75,4.20,5.94,0.86,15.28,0.58,0.53,4.27,1.46,0.10,0.50,0.14,0.09,0.22
659,1,118,22,78,20,215,26,117,24,0.54,0.21,0.19,0.07,0.15,0.27,118,36,42.30,42.20,0.55,0.82,5.69,8.05,0.89,20.88,0.67,0.70,13.37,2.59,0.16,0.67,0.12,0.09,0.21
891,1,50,9,30,8,90,11,47,10,0.52,0.21,0.18,0.18,0.53,0.51,50,31,34.30,32.60,0.56,0.62,3.73,5.27,0.87,14.96,0.64,0.76,9.94,2.23,0.28,0.50,0.13,0.02,0.15
721,1,61,10,40,10,94,10,54,10,0.57,0.19,0.16,0.00,0.00,0.00,61,38,36.60,36.20,0.65,0.76,4.45,6.29,0.90,20.73,0.74,0.50,2.50,1.12,0.09,0.73,0.24,0.11,0.35
691,1,57,7,34,7,118,13,55,13,0.47,0.24,0.12,0.10,0.10,0.22,57,31,33.10,33.10,0.48,0.65,3.71,5.25,0.85,13.58,0.62,0.90,8.10,2.01,0.16,0.57,0.16,0.04,0.20
644,1,41,7,22,7,63,9,38,9,0.60,0.24,0.17,0.00,0.00,0.00,41,35,35.60,34.50,0.65,0.70,3.65,5.17,0.90,17.35,0.58,0.67,4.00,1.41,0.16,0.60,0.11,0.08,0.18
682,1,40,4,26,4,81,5,45,5,0.56,0.11,0.10,0.18,0.36,0.43,40,31,31.70,32.60,0.49,0.62,3.14,4.44,0.84,11.89,0.58,0.64,4.45,1.49,0.16,0.50,0.18,0.04,0.22
616,1,47,7,30,6,98,11,52,10,0.53,0.19,0.15,0.00,0.00,0.00,47,30,32.00,33.40,0.48,0.60,3.36,4.75,0.84,12.42,0.58,0.78,5.44,1.65,0.13,0.55,0.17,0.08,0.25
529,1,84,11,55,11,137,13,66,13,0.48,0.20,0.13,0.27,1.07,0.73,84,34,39.00,38.30,0.61,0.73,5.07,7.18,0.90,21.49,0.83,0.93,13.07,2.56,0.21,0.86,0.15,0.12,0.27
850,1,80,10,51,8,177,11,93,9,0.53,0.10,0.12,0.04,0.04,0.14,80,37,37.00,35.30,0.45,0.73,4.25,6.01,0.85,14.65,0.55,0.56,7.84,1.98,0.15,0.59,0.11,0.09,0.19
908,1,63,9,41,9,143,9,73,9,0.51,0.12,0.14,0.05,0.05,0.15,63,35,34.30,36.30,0.44,0.70,3.73,5.27,0.83,13.05,0.56,0.59,7.68,1.96,0.18,0.42,0.12,0.08,0.21
799,1,42,3,23,3,75,5,39,5,0.52,0.13,0.07,0.00,0.00,0.00,42,32,32.70,33.20,0.56,0.64,3.43,4.85,0.87,13.96,0.59,0.56,2.78,1.18,0.13,0.39,0.21,0.10,0.31
918,1,60,16,40,16,100,16,55,16,0.55,0.29,0.27,0.09,0.09,0.21,60,35,37.00,39.40,0.60,0.77,4.24,6.00,0.89,18.03,0.73,0.73,5.82,1.71,0.15,0.61,0.18,0.16,0.35
609,1,65,10,42,9,125,15,69,14,0.55,0.20,0.15,0.15,0.31,0.39,65,36,34.90,37.40,0.52,0.74,4.11,5.81,0.86,15.48,0.61,0.77,7.69,1.96,0.14,0.50,0.19,0.10,0.29
813,1,90,12,59,12,180,14,99,14,0.55,0.14,0.13,0.00,0.00,0.00,90,35,38.80,38.10,0.50,0.75,4.74,6.71,0.87,16.90,0.60,0.58,6.37,1.78,0.11,0.53,0.14,0.05,0.19
772,1,44,9,28,9,63,10,37,10,0.59,0.27,0.20,0.33,1.00,0.71,44,37,36.20,35.60,0.70,0.74,3.92,5.54,0.91,20.77,0.76,0.89,7.11,1.89,0.22,0.75,0.24,0.03,0.27
776,1,71,15,48,15,141,21,78,20,0.55,0.26,0.21,0.20,0.60,0.55,71,34,37.00,34.90,0.50,0.70,4.23,5.98,0.86,15.50,0.62,0.67,6.67,1.83,0.13,0.53,0.18,0.10,0.28
897,0,0,0,0,0,0,0,0,0,0,0,0,0,0,0,0,0,0,0,0,0,0,0,0,0,0,0,0,0,0,0,0,0,0
861,1,81,11,54,10,144,13,79,12,0.55,0.15,0.14,0.00,0.00,0.00,81,39,38.20,39.10,0.56,0.78,4.77,6.75,0.88,18.64,0.68,0.53,4.76,1.54,0.11,0.70,0.14,0.10,0.24
690,0,0,0,0,0,0,0,0,0,0,0,0,0,0,0,0,0,0,0,0,0,0,0,0,0,0,0,0,0,0,0,0,0,0
722,1,62,9,39,9,109,14,54,14,0.50,0.26,0.15,0.11,0.11,0.24,62,36,36.20,34.70,0.57,0.72,4.20,5.94,0.88,16.94,0.72,0.89,7.11,1.89,0.15,0.70,0.20,0.06,0.26
843,1,8,1,5,1,8,1,5,1,0.62,0.20,0.12,0.00,0.00,0.00,8,8,8,8,1.00,1.00,2.00,2.83,1.00,NaN,1.00,1.00,1.00,0.71,0.20,1.00,0.20,0.00,0.20
866,0,0,0,0,0,0,0,0,0,0,0,0,0,0,0,0,0,0,0,0,0,0,0,0,0,0,0,0,0,0,0,0,0,0
667,1,94,25,67,25,157,31,96,31,0.61,0.32,0.27,0.39,2.72,1.17,94,40,40.70,38.40,0.60,0.79,5.30,7.50,0.90,21.65,0.70,0.94,16.06,2.83,0.18,0.58,0.22,0.09,0.31
903,0,0,0,0,0,0,0,0,0,0,0,0,0,0,0,0,0,0,0,0,0,0,0,0,0,0,0,0,0,0,0,0,0,0
726,1,47,9,30,9,66,12,38,12,0.58,0.32,0.19,0.27,0.82,0.64,47,37,38.20,36.90,0.71,0.74,4.09,5.79,0.92,22.45,0.79,1.00,11.00,2.35,0.29,0.74,0.13,0.03,0.16
873,1,17,1,10,1,23,1,12,1,0.52,0.08,0.06,0.00,0.00,0.00,17,17,17,17,0.74,0.74,2.51,3.54,0.90,14.12,0.83,0.67,1.33,0.82,0.17,1.00,0.08,0.17,0.25
766,1,64,14,42,13,114,15,62,14,0.54,0.23,0.22,0.24,0.94,0.69,64,36,34.90,37.60,0.56,0.74,4.24,5.99,0.88,16.87,0.68,0.82,11.53,2.40,0.23,0.57,0.11,0.10,0.21
544,1,95,18,62,18,201,32,108,32,0.54,0.30,0.19,0.17,0.83,0.65,95,34,37.90,38.60,0.47,0.76,4.74,6.70,0.86,16.30,0.57,0.57,9.63,2.19,0.16,0.59,0.10,0.08,0.19
608,1,15,1,9,1,18,1,10,1,0.56,0.10,0.07,0.00,0.00,0.00,15,15,15,15,0.83,0.83,2.50,3.54,0.94,19.90,0.90,1.00,3.00,1.22,0.30,0.83,0.10,0.00,0.10
856,1,82,11,53,10,165,15,86,14,0.52,0.16,0.13,0.10,0.20,0.32,82,37,37.40,38.10,0.50,0.79,4.51,6.38,0.86,16.19,0.62,0.65,8.45,2.06,0.15,0.58,0.15,0.08,0.23
536,1,121,20,85,18,283,29,153,27,0.54,0.18,0.17,0.10,0.40,0.45,121,29,37.40,38.20,0.43,0.72,5.09,7.19,0.85,16.29,0.56,0.55,12.10,2.46,0.14,0.58,0.12,0.07,0.19
787,1,36,3,20,3,65,3,34,3,0.52,0.09,0.08,0.00,0.00,0.00,36,31,31.00,30.10,0.55,0.62,3.16,4.47,0.86,12.81,0.59,0.57,2.29,1.07,0.12,0.58,0.18,0.12,0.29
523,1,53,11,34,10,89,13,55,12,0.62,0.22,0.21,0.00,0.00,0.00,53,38,34.40,37.90,0.60,0.76,3.97,5.62,0.88,16.88,0.62,0.60,5.40,1.64,0.16,0.52,0.25,0.04,0.29
723,1,86,19,58,19,208,34,114,34,0.55,0.30,0.22,0.18,0.89,0.67,86,35,36.50,37.10,0.41,0.73,4.22,5.96,0.83,14.01,0.51,0.54,8.04,2.00,0.13,0.45,0.11,0.08,0.18
863,1,84,12,62,12,161,21,91,21,0.57,0.23,0.14,0.09,0.18,0.30,84,37,37.20,37.60,0.52,0.76,4.68,6.62,0.87,17.24,0.68,0.86,16.41,2.86,0.21,0.62,0.16,0.07,0.23
892,1,68,12,48,12,142,16,78,16,0.55,0.21,0.18,0.13,0.27,0.37,68,30,36.60,34.50,0.48,0.67,4.04,5.71,0.85,14.49,0.62,0.67,6.67,1.83,0.13,0.53,0.14,0.08,0.22
556,1,32,7,19,6,45,7,25,6,0.56,0.24,0.22,0.20,0.20,0.32,32,32,32,32,0.71,0.71,3.37,4.77,0.91,18.46,0.76,0.60,1.80,0.95,0.12,0.69,0.24,0.04,0.28
834,1,34,7,22,7,70,8,40,8,0.57,0.20,0.21,0.14,0.29,0.38,34,25,28.50,27.20,0.49,0.50,2.87,4.06,0.83,10.86,0.55,0.64,5.79,1.70,0.23,0.47,0.10,0.03,0.12
617,1,94,17,63,16,203,30,107,27,0.53,0.25,0.18,0.16,0.64,0.57,94,35,37.90,37.80,0.46,0.73,4.67,6.60,0.86,15.92,0.59,0.76,14.44,2.69,0.18,0.49,0.13,0.07,0.21
585,1,95,21,66,20,217,30,116,28,0.53,0.24,0.22,0.26,1.57,0.88,95,42,37.50,37.80,0.44,0.77,4.56,6.45,0.85,15.22,0.57,0.61,8.52,2.06,0.12,0.50,0.16,0.09,0.26
685,1,74,11,47,11,141,15,73,15,0.52,0.21,0.15,0.12,0.25,0.35,74,31,36.90,39.60,0.52,0.70,4.41,6.23,0.87,16.50,0.64,0.62,6.25,1.77,0.14,0.56,0.15,0.10,0.25
833,1,96,18,63,18,185,23,94,23,0.51,0.24,0.19,0.17,0.70,0.59,96,33,37.50,38.70,0.52,0.74,4.99,7.06,0.87,18.04,0.67,0.74,12.57,2.51,0.18,0.64,0.13,0.09,0.21
836,1,74,12,49,11,135,14,71,13,0.53,0.18,0.16,0.07,0.07,0.18,74,37,38.90,38.70,0.55,0.76,4.50,6.37,0.88,17.38,0.69,0.73,8.07,2.01,0.15,0.61,0.15,0.14,0.30
830,1,61,10,39,9,112,13,65,12,0.58,0.18,0.16,0.00,0.00,0.00,61,35,35.70,33.60,0.54,0.69,4.08,5.76,0.87,15.91,0.60,0.67,5.33,1.63,0.12,0.60,0.14,0.09,0.23
737,1,70,12,49,12,122,14,66,14,0.54,0.21,0.17,0.09,0.09,0.21,70,36,36.80,37.50,0.57,0.77,4.48,6.34,0.88,18.04,0.74,1.00,11.00,2.35,0.17,0.59,0.20,0.09,0.29
858,1,82,13,56,12,178,17,99,16,0.56,0.16,0.16,0.04,0.04,0.14,82,36,37.50,39.70,0.46,0.78,4.35,6.15,0.85,15.05,0.57,0.42,4.65,1.53,0.11,0.55,0.15,0.08,0.23
670,1,112,21,76,19,283,29,138,24,0.49,0.17,0.19,0.14,0.57,0.53,112,37,35.60,35.90,0.40,0.69,4.71,6.66,0.84,14.93,0.55,0.75,15.75,2.81,0.15,0.48,0.14,0.06,0.20
916,1,68,9,46,9,122,13,75,13,0.61,0.17,0.13,0.00,0.00,0.00,68,41,38.90,38.70,0.56,0.81,4.35,6.16,0.88,17.15,0.61,0.62,4.92,1.57,0.11,0.60,0.19,0.08,0.27
702,1,88,14,55,13,208,22,109,21,0.52,0.19,0.16,0.21,0.84,0.65,88,32,36.80,36.00,0.42,0.69,4.31,6.10,0.84,14.38,0.50,0.79,11.84,2.43,0.14,0.44,0.11,0.06,0.17
577,1,43,7,26,7,63,8,34,8,0.54,0.24,0.16,0.22,0.44,0.47,43,36,36.60,37.90,0.68,0.72,3.83,5.42,0.91,19.52,0.76,1.00,9.00,2.12,0.26,0.56,0.15,0.09,0.24
631,1,32,5,21,5,51,6,33,6,0.65,0.18,0.16,0.00,0.00,0.00,32,31,31.70,31.00,0.63,0.62,3.17,4.48,0.88,14.40,0.64,0.67,1.33,0.82,0.06,0.56,0.27,0.03,0.30
810,1,52,12,33,11,70,13,39,12,0.56,0.31,0.23,0.00,0.00,0.00,52,38,39.20,38.90,0.74,0.76,4.39,6.22,0.93,26.37,0.85,0.89,7.11,1.89,0.21,0.79,0.21,0.05,0.26
851,1,43,10,27,10,85,13,47,13,0.55,0.28,0.23,0.20,0.40,0.45,43,33,30.80,32.70,0.51,0.66,3.30,4.66,0.85,12.58,0.57,0.60,3.60,1.34,0.13,0.56,0.13,0.00,0.13
880,1,115,20,79,19,224,25,117,24,0.52,0.21,0.17,0.12,0.35,0.42,115,40,39.20,38.80,0.51,0.79,5.43,7.68,0.88,19.08,0.68,0.62,9.85,2.22,0.14,0.72,0.15,0.09,0.23
778,1,87,17,58,16,200,25,109,24,0.55,0.22,0.20,0.20,0.80,0.63,87,33,35.90,35.20,0.43,0.72,4.35,6.15,0.84,14.65,0.53,0.70,9.80,2.21,0.13,0.51,0.10,0.07,0.17
798,1,102,22,68,21,193,25,100,24,0.52,0.24,0.22,0.23,1.38,0.83,102,34,37.90,38.00,0.53,0.75,5.19,7.34,0.88,18.86,0.68,0.85,18.62,3.05,0.22,0.49,0.16,0.06,0.22
747,1,20,3,14,3,27,3,16,3,0.59,0.19,0.15,0.00,0.00,0.00,20,20,20,20,0.74,0.74,2.72,3.85,0.91,15.72,0.88,1.00,2.00,1.00,0.12,0.78,0.31,0.00,0.31
598,1,71,14,52,14,138,26,80,26,0.58,0.33,0.20,0.12,0.25,0.35,71,34,37.50,37.80,0.51,0.71,4.27,6.04,0.87,15.87,0.65,0.75,9.00,2.12,0.15,0.53,0.15,0.11,0.26
593,1,79,14,51,13,134,15,71,14,0.53,0.20,0.18,0.15,0.31,0.39,79,40,39.30,36.60,0.59,0.76,4.83,6.82,0.89,19.72,0.72,0.92,11.08,2.35,0.17,0.65,0.14,0.04,0.18
920,1,58,17,44,17,92,22,57,22,0.62,0.39,0.29,0.29,1.14,0.76,58,38,34.80,36.60,0.63,0.76,4.28,6.05,0.90,19.25,0.77,0.93,12.07,2.46,0.23,0.64,0.19,0.11,0.30
534,1,62,9,40,9,143,20,78,20,0.55,0.26,0.15,0.12,0.25,0.35,62,33,33.50,34.00,0.43,0.68,3.67,5.18,0.83,12.80,0.51,0.62,6.25,1.77,0.13,0.44,0.10,0.08,0.18
898,1,49,5,24,5,115,10,53,10,0.46,0.19,0.10,0.07,0.07,0.19,49,37,31.60,31.60,0.43,0.71,3.23,4.57,0.82,11.46,0.45,0.64,5.79,1.70,0.17,0.33,0.09,0.00,0.09
637,1,55,11,38,11,97,17,61,17,0.63,0.28,0.20,0.07,0.07,0.19,55,37,34.50,36.40,0.57,0.74,3.95,5.58,0.88,16.02,0.62,0.57,4.57,1.51,0.13,0.62,0.20,0.08,0.28
620,1,49,10,32,9,90,17,48,16,0.53,0.33,0.20,0.00,0.00,0.00,49,32,31.90,32.80,0.54,0.64,3.65,5.17,0.86,14.46,0.67,0.88,6.12,1.75,0.15,0.57,0.17,0.10,0.27
727,1,42,7,27,7,76,10,45,10,0.59,0.22,0.17,0.33,0.67,0.58,42,33,31.20,35.60,0.55,0.66,3.41,4.82,0.86,13.73,0.60,0.83,4.17,1.44,0.11,0.57,0.18,0.07,0.24
501,1,78,20,52,18,139,24,72,22,0.52,0.31,0.26,0.20,0.60,0.55,78,36,38.60,39.60,0.56,0.77,4.68,6.62,0.88,18.30,0.72,0.80,9.60,2.19,0.17,0.67,0.17,0.10,0.26
671,1,41,4,24,4,69,4,37,4,0.54,0.11,0.10,0.00,0.00,0.00,41,31,33.90,31.20,0.59,0.62,3.49,4.94,0.88,14.96,0.65,0.67,4.00,1.41,0.16,0.63,0.14,0.05,0.19
767,1,43,4,23,4,86,7,42,7,0.49,0.17,0.09,0.00,0.00,0.00,43,31,32.60,29.10,0.50,0.62,3.28,4.64,0.84,12.43,0.55,0.43,1.29,0.80,0.07,0.47,0.14,0.12,0.26
601,1,52,9,33,9,83,9,45,9,0.54,0.20,0.17,0.23,0.69,0.59,52,36,36.40,36.90,0.63,0.72,4.04,5.71,0.89,18.14,0.73,0.69,6.23,1.77,0.20,0.72,0.16,0.09,0.24
780,1,96,15,63,14,178,27,90,26,0.51,0.29,0.16,0.11,0.21,0.32,96,37,39.00,42.30,0.54,0.83,5.09,7.20,0.88,18.89,0.70,0.89,15.21,2.76,0.19,0.64,0.19,0.09,0.28
864,1,62,9,41,9,113,9,54,9,0.48,0.17,0.15,0.06,0.06,0.18,62,32,32.90,34.40,0.55,0.67,4.12,5.83,0.87,16.17,0.76,0.88,12.25,2.47,0.26,0.63,0.20,0.11,0.31
693,1,101,20,72,20,206,25,115,25,0.56,0.22,0.20,0.05,0.05,0.16,101,33,38.60,38.90,0.49,0.75,4.98,7.04,0.87,17.30,0.63,0.85,14.45,2.69,0.15,0.57,0.13,0.08,0.21
744,1,76,10,47,10,153,14,87,14,0.57,0.16,0.13,0.08,0.15,0.28,76,30,36.40,38.90,0.50,0.73,4.34,6.14,0.86,15.71,0.54,0.62,9.85,2.22,0.18,0.54,0.09,0.08,0.17
508,1,49,7,30,6,85,10,48,8,0.56,0.17,0.14,0.00,0.00,0.00,49,39,35.50,36.20,0.58,0.78,3.76,5.31,0.88,15.56,0.62,0.78,5.44,1.65,0.15,0.50,0.17,0.08,0.25
815,1,71,11,44,11,149,17,75,17,0.50,0.23,0.15,0.17,0.50,0.50,71,35,35.50,35.50,0.48,0.73,4.11,5.82,0.85,14.67,0.59,0.78,10.89,2.33,0.19,0.58,0.12,0.07,0.19
629,0,0,0,0,0,0,0,0,0,0,0,0,0,0,0,0,0,0,0,0,0,0,0,0,0,0,0,0,0,0,0,0,0,0
867,1,107,14,64,13,225,17,112,16,0.50,0.14,0.13,0.11,0.22,0.33,107,37,37.30,36.00,0.48,0.76,5.04,7.13,0.86,17.14,0.57,0.72,9.39,2.17,0.12,0.49,0.16,0.09,0.25
893,1,85,12,56,12,199,16,107,16,0.54,0.15,0.14,0.09,0.28,0.38,85,34,37.10,36.20,0.43,0.69,4.26,6.03,0.84,14.30,0.52,0.53,9.03,2.12,0.16,0.52,0.09,0.06,0.15
535,1,89,10,57,10,205,16,113,16,0.55,0.14,0.11,0.03,0.03,0.13,89,32,36.50,35.60,0.43,0.70,4.40,6.22,0.84,14.75,0.50,0.57,9.63,2.19,0.15,0.53,0.12,0.05,0.17
573,1,46,7,29,7,92,10,53,10,0.58,0.19,0.15,0.10,0.10,0.22,46,29,32.70,31.20,0.50,0.58,3.39,4.80,0.85,12.81,0.55,0.60,3.60,1.34,0.11,0.48,0.17,0.08,0.25
539,1,84,8,53,8,128,9,70,9,0.55,0.13,0.10,0.12,0.24,0.34,84,42,42.00,39.40,0.66,0.84,5.25,7.42,0.91,24.27,0.76,0.94,15.06,2.74,0.23,0.67,0.11,0.07,0.19
728,1,52,6,31,6,96,9,57,9,0.59,0.16,0.12,0.09,0.09,0.21,52,35,34.80,35.80,0.54,0.70,3.75,5.31,0.87,14.76,0.54,0.64,4.45,1.49,0.12,0.48,0.11,0.09,0.19
771,1,47,9,32,9,99,13,56,13,0.57,0.23,0.19,0.08,0.08,0.20,47,35,31.30,30.00,0.47,0.70,3.34,4.72,0.84,12.31,0.57,0.62,4.92,1.57,0.14,0.46,0.16,0.05,0.21
857,1,88,20,61,20,147,21,81,21,0.55,0.26,0.23,0.11,0.22,0.33,88,32,39.40,42.10,0.60,0.76,5.13,7.26,0.90,21.08,0.75,0.83,12.50,2.50,0.19,0.72,0.17,0.07,0.25
859,1,28,3,15,3,39,4,20,4,0.51,0.20,0.11,0.17,0.17,0.29,28,28,28,28,0.72,0.72,3.17,4.48,0.91,17.59,0.75,0.67,2.67,1.15,0.20,0.70,0.10,0.10,0.20
895,1,39,5,23,5,61,7,29,7,0.48,0.24,0.13,0.00,0.00,0.00,39,35,34.20,35.70,0.64,0.70,3.53,4.99,0.89,16.41,0.79,1.00,5.00,1.58,0.17,0.67,0.21,0.10,0.31
584,0,0,0,0,0,0,0,0,0,0,0,0,0,0,0,0,0,0,0,0,0,0,0,0,0,0,0,0,0,0,0,0,0,0
788,1,33,1,16,1,51,1,24,1,0.47,0.04,0.03,0.00,0.00,0.00,33,33,32.70,32.60,0.65,0.66,3.27,4.62,0.89,15.42,0.67,0.75,2.25,1.06,0.12,0.50,0.21,0.04,0.25
600,1,54,9,34,9,91,10,45,10,0.49,0.22,0.17,0.33,0.33,0.41,54,39,35.60,35.10,0.59,0.78,4.00,5.66,0.88,16.93,0.76,1.00,3.00,1.22,0.07,0.72,0.11,0.09,0.20
708,0,0,0,0,0,0,0,0,0,0,0,0,0,0,0,0,0,0,0,0,0,0,0,0,0,0,0,0,0,0,0,0,0,0
743,1,33,2,19,2,40,2,21,2,0.53,0.10,0.06,0.17,0.17,0.29,33,33,33,33,0.82,0.82,3.69,5.22,0.95,30.72,0.90,1.00,6.00,1.73,0.29,0.82,0.05,0.14,0.19
841,1,85,16,59,16,164,20,78,20,0.48,0.26,0.19,0.12,0.24,0.34,85,34,37.10,38.30,0.52,0.75,4.69,6.64,0.87,17.19,0.76,0.82,11.53,2.40,0.18,0.65,0.18,0.12,0.29
792,1,76,13,52,13,152,14,81,14,0.53,0.17,0.17,0.15,0.31,0.39,76,31,36.80,35.90,0.50,0.69,4.36,6.16,0.86,15.81,0.64,0.69,6.23,1.77,0.11,0.50,0.20,0.10,0.30
729,1,51,11,31,10,75,14,38,13,0.51,0.34,0.22,0.29,0.57,0.53,51,38,37.30,38.20,0.68,0.76,4.16,5.89,0.91,20.99,0.82,0.71,3.57,1.34,0.13,0.84,0.21,0.05,0.26
515,1,41,10,27,9,60,13,36,12,0.60,0.33,0.24,0.14,0.14,0.27,41,36,35.80,36.40,0.68,0.72,3.74,5.29,0.91,19.12,0.75,0.71,3.57,1.34,0.14,0.78,0.19,0.06,0.25
603,0,0,0,0,0,0,0,0,0,0,0,0,0,0,0,0,0,0,0,0,0,0,0,0,0,0,0,0,0,0,0,0,0,0
770,1,74,16,51,16,137,22,79,22,0.58,0.28,0.22,0.20,0.60,0.55,74,38,38.20,37.10,0.54,0.78,4.47,6.32,0.87,17.07,0.65,0.67,6.67,1.83,0.13,0.63,0.19,0.05,0.24
618,1,82,14,55,14,190,19,110,19,0.58,0.17,0.17,0.04,0.04,0.14,82,36,35.10,34.80,0.43,0.73,4.21,5.95,0.84,14.23,0.50,0.56,8.33,2.04,0.14,0.44,0.08,0.10,0.18
568,1,100,16,63,16,199,22,95,22,0.48,0.23,0.16,0.25,0.75,0.61,100,39,36.60,38.00,0.50,0.77,5.01,7.09,0.87,17.68,0.66,1.00,12.00,2.45,0.13,0.62,0.14,0.09,0.23
607,1,50,12,32,11,85,14,47,13,0.55,0.28,0.24,0.33,1.00,0.71,50,31,34.60,33.20,0.59,0.62,3.83,5.42,0.88,16.15,0.68,0.78,5.44,1.65,0.15,0.58,0.19,0.04,0.23
686,1,63,12,40,11,110,15,61,14,0.55,0.23,0.19,0.08,0.08,0.20,63,37,37.50,37.00,0.57,0.74,4.25,6.01,0.88,17.22,0.66,0.75,6.75,1.84,0.15,0.54,0.23,0.08,0.31
586,1,94,23,67,23,190,34,113,33,0.59,0.29,0.24,0.10,0.19,0.31,94,34,37.20,37.70,0.49,0.73,4.82,6.82,0.87,16.99,0.59,0.76,12.19,2.47,0.14,0.53,0.13,0.06,0.19
765,0,0,0,0,0,0,0,0,0,0,0,0,0,0,0,0,0,0,0,0,0,0,0,0,0,0,0,0,0,0,0,0,0,0
713,1,86,16,55,15,158,19,81,17,0.51,0.21,0.19,0.11,0.22,0.33,86,38,36.80,36.80,0.54,0.75,4.84,6.84,0.88,18.30,0.68,0.78,10.89,2.33,0.17,0.55,0.16,0.10,0.26
613,1,119,30,81,28,248,43,134,39,0.54,0.29,0.25,0.15,0.76,0.62,119,37,38.40,38.30,0.48,0.72,5.34,7.56,0.87,17.98,0.60,0.67,14.67,2.71,0.16,0.65,0.13,0.07,0.20
666,1,42,5,24,4,87,5,43,4,0.49,0.09,0.12,0.00,0.00,0.00,42,27,30.60,29.60,0.48,0.54,3.18,4.50,0.84,11.89,0.56,0.75,4.50,1.50,0.14,0.46,0.14,0.07,0.21
717,1,29,5,17,5,47,5,26,5,0.55,0.19,0.17,0.14,0.14,0.27,29,29,29,29,0.62,0.62,2.99,4.23,0.87,13.33,0.65,0.71,3.57,1.34,0.19,0.50,0.15,0.04,0.19
911,1,48,8,32,8,86,12,49,12,0.57,0.24,0.17,0.00,0.00,0.00,48,29,33.60,33.50,0.56,0.58,3.66,5.18,0.87,14.78,0.65,0.62,3.12,1.25,0.10,0.61,0.14,0.06,0.20
872,1,65,6,49,6,91,7,62,7,0.68,0.11,0.09,0.11,0.11,0.24,65,38,41.00,39.80,0.71,0.76,4.82,6.81,0.93,26.26,0.79,0.89,7.11,1.89,0.13,0.70,0.21,0.16,0.37
808,1,70,6,40,6,226,7,93,7,0.41,0.08,0.09,0.07,0.14,0.26,70,34,32.20,33.20,0.31,0.68,3.29,4.66,0.78,10.89,0.43,0.41,4.97,1.58,0.13,0.44,0.11,0.05,0.16
832,0,0,0,0,0,0,0,0,0,0,0,0,0,0,0,0,0,0,0,0,0,0,0,0,0,0,0,0,0,0,0,0,0,0
875,1,100,14,68,12,184,17,98,15,0.53,0.15,0.14,0.08,0.17,0.29,100,42,39.30,39.90,0.54,0.81,5.21,7.37,0.88,19.37,0.69,0.83,16.67,2.89,0.20,0.61,0.16,0.10,0.27
829,1,56,10,33,10,98,14,47,14,0.48,0.30,0.18,0.14,0.14,0.27,56,37,36.10,39.70,0.57,0.74,4.00,5.66,0.88,16.31,0.70,0.86,5.14,1.60,0.13,0.65,0.17,0.09,0.26
827,1,74,11,47,10,139,12,73,11,0.53,0.15,0.15,0.06,0.06,0.17,74,35,37.10,39.30,0.53,0.75,4.44,6.28,0.87,16.77,0.64,0.53,4.76,1.54,0.12,0.57,0.18,0.07,0.25
718,1,40,5,24,5,58,5,31,5,0.53,0.16,0.12,0.00,0.00,0.00,40,35,35.90,36.00,0.69,0.70,3.71,5.25,0.91,19.27,0.77,1.00,5.00,1.58,0.16,0.69,0.23,0.06,0.29
725,1,97,14,67,14,223,20,118,20,0.53,0.17,0.14,0.05,0.05,0.15,97,30,38.00,37.00,0.43,0.70,4.59,6.50,0.85,15.25,0.57,0.64,8.91,2.11,0.12,0.54,0.13,0.12,0.25
575,1,29,7,18,6,40,8,22,7,0.55,0.32,0.24,0.25,0.25,0.35,29,29,29,29,0.72,0.72,3.24,4.59,0.91,18.38,0.82,0.75,2.25,1.06,0.14,1.00,0.27,0.23,0.50
507,1,34,4,22,4,53,4,27,4,0.51,0.15,0.12,0.00,0.00,0.00,34,32,32.40,32.80,0.64,0.64,3.30,4.67,0.89,15.42,0.81,1.00,6.00,1.73,0.22,0.67,0.15,0.07,0.22
714,1,53,9,34,9,112,15,55,15,0.49,0.27,0.17,0.20,0.40,0.45,53,32,33.70,34.00,0.47,0.70,3.54,5.01,0.84,12.92,0.62,0.90,8.10,2.01,0.16,0.52,0.16,0.02,0.18
614,1,69,14,42,13,120,16,65,15,0.54,0.23,0.20,0.20,0.60,0.55,69,37,37.90,37.30,0.57,0.74,4.45,6.30,0.88,17.99,0.65,0.67,6.67,1.83,0.15,0.60,0.15,0.08,0.23
684,1,43,11,29,11,102,13,54,13,0.53,0.24,0.26,0.21,0.64,0.57,43,31,27.90,29.50,0.42,0.60,3.01,4.26,0.81,10.75,0.54,0.57,4.57,1.51,0.15,0.43,0.22,0.04,0.26
606,1,50,9,32,8,85,12,45,9,0.53,0.20,0.18,0.12,0.25,0.35,50,33,34.90,32.30,0.59,0.66,3.83,5.42,0.88,16.15,0.71,0.62,6.25,1.77,0.22,0.68,0.16,0.00,0.16
879,1,62,9,38,8,92,10,52,9,0.57,0.17,0.15,0.09,0.09,0.21,62,35,36.60,38.30,0.67,0.70,4.57,6.46,0.91,22.50,0.73,0.73,5.82,1.71,0.15,0.69,0.19,0.06,0.25
869,1,88,13,60,13,198,14,97,14,0.49,0.14,0.15,0.21,0.84,0.65,88,36,36.80,36.90,0.44,0.76,4.42,6.25,0.85,14.98,0.62,0.89,15.21,2.76,0.18,0.52,0.12,0.06,0.19
597,1,68,9,40,8,111,10,56,9,0.50,0.16,0.13,0.15,0.31,0.39,68,39,37.20,36.40,0.61,0.76,4.56,6.45,0.90,19.66,0.71,0.69,6.23,1.77,0.16,0.67,0.21,0.16,0.38
769,1,58,11,38,11,104,15,60,15,0.58,0.25,0.19,0.00,0.00,0.00,58,33,34.70,37.10,0.56,0.70,4.02,5.69,0.87,16.04,0.63,0.73,5.82,1.71,0.13,0.64,0.17,0.08,0.25
680,1,46,9,28,8,75,12,41,11,0.55,0.27,0.20,0.14,0.14,0.27,46,38,35.60,34.40,0.61,0.76,3.76,5.31,0.89,16.56,0.68,0.71,3.57,1.34,0.12,0.57,0.22,0.07,0.29
512,1,90,15,61,15,191,25,101,25,0.53,0.25,0.17,0.08,0.15,0.28,90,39,38.10,37.10,0.47,0.73,4.60,6.51,0.86,15.92,0.60,0.58,8.65,2.08,0.15,0.62,0.13,0.08,0.21
716,1,72,17,44,16,141,20,75,18,0.53,0.24,0.24,0.18,0.89,0.67,72,39,37.00,37.50,0.51,0.73,4.29,6.06,0.86,15.83,0.59,0.50,7.00,1.87,0.19,0.50,0.12,0.09,0.21
777,1,102,20,72,20,193,29,109,29,0.56,0.27,0.20,0.11,0.22,0.33,102,34,37.30,39.40,0.53,0.75,5.19,7.34,0.88,18.86,0.66,0.89,14.22,2.67,0.15,0.66,0.13,0.10,0.23
837,1,55,8,35,8,101,11,57,11,0.56,0.19,0.15,0.08,0.08,0.20,55,36,36.00,34.90,0.54,0.71,3.87,5.47,0.87,15.22,0.61,0.75,6.75,1.84,0.16,0.59,0.14,0.05,0.19
825,0,0,0,0,0,0,0,0,0,0,0,0,0,0,0,0,0,0,0,0,0,0,0,0,0,0,0,0,0,0,0,0,0,0
835,1,54,8,34,8,93,8,42,8,0.45,0.19,0.15,0.00,0.00,0.00,54,36,34.90,34.50,0.58,0.72,3.96,5.60,0.88,16.41,0.81,1.00,8.00,2.00,0.19,0.68,0.17,0.10,0.26
530,1,37,8,28,8,57,9,35,9,0.61,0.26,0.22,0.20,0.20,0.32,37,34,33.80,36.00,0.65,0.68,3.47,4.90,0.89,16.43,0.80,0.80,3.20,1.26,0.11,0.83,0.23,0.17,0.40
696,1,56,10,36,9,108,18,60,17,0.56,0.28,0.18,0.09,0.09,0.21,56,27,31.60,31.30,0.52,0.66,3.81,5.39,0.86,14.50,0.60,0.91,9.09,2.13,0.17,0.45,0.17,0.07,0.23
751,1,48,10,26,9,89,14,44,12,0.49,0.27,0.21,0.12,0.12,0.25,48,38,34.30,36.00,0.54,0.76,3.60,5.09,0.86,14.17,0.59,0.62,3.12,1.25,0.11,0.58,0.09,0.07,0.16
548,1,65,14,40,13,149,17,76,16,0.51,0.21,0.22,0.07,0.07,0.18,65,34,34.70,35.60,0.44,0.72,3.77,5.33,0.83,13.11,0.53,0.47,3.27,1.28,0.09,0.42,0.17,0.08,0.25
805,0,0,0,0,0,0,0,0,0,0,0,0,0,0,0,0,0,0,0,0,0,0,0,0,0,0,0,0,0,0,0,0,0,0
624,1,50,6,29,6,81,7,42,7,0.52,0.17,0.12,0.00,0.00,0.00,50,30,34.90,34.50,0.62,0.60,3.93,5.56,0.89,17.38,0.69,0.62,3.12,1.25,0.12,0.67,0.12,0.07,0.19
915,0,0,0,0,0,0,0,0,0,0,0,0,0,0,0,0,0,0,0,0,0,0,0,0,0,0,0,0,0,0,0,0,0,0
559,1,67,12,41,10,138,14,69,11,0.50,0.16,0.18,0.11,0.22,0.33,67,32,36.00,34.70,0.49,0.67,4.03,5.70,0.85,14.59,0.59,0.78,10.89,2.33,0.20,0.52,0.14,0.07,0.22
663,1,61,11,41,11,107,11,55,11,0.51,0.20,0.18,0.14,0.14,0.27,61,31,34.70,32.70,0.57,0.69,4.17,5.90,0.88,16.87,0.75,0.86,5.14,1.60,0.11,0.64,0.25,0.07,0.33
506,1,46,10,31,9,77,10,43,9,0.56,0.21,0.22,0.18,0.36,0.43,46,33,32.90,31.20,0.60,0.66,3.71,5.24,0.88,15.91,0.72,0.73,5.82,1.71,0.19,0.58,0.19,0.09,0.28
543,1,63,9,39,9,113,12,60,12,0.53,0.20,0.14,0.29,0.57,0.53,63,32,34.80,36.50,0.56,0.73,4.19,5.93,0.88,16.61,0.65,1.00,7.00,1.87,0.12,0.56,0.15,0.10,0.25
789,1,125,22,89,21,275,31,143,30,0.52,0.21,0.18,0.15,0.59,0.54,125,34,38.90,37.50,0.45,0.76,5.33,7.54,0.86,17.38,0.62,0.89,21.33,3.27,0.17,0.53,0.11,0.08,0.20
621,1,78,21,52,21,137,29,79,29,0.58,0.37,0.27,0.32,1.89,0.97,78,31,39.00,36.10,0.57,0.67,4.71,6.66,0.89,18.66,0.66,0.84,13.47,2.60,0.20,0.66,0.20,0.06,0.27
572,1,50,5,28,5,79,6,39,6,0.49,0.15,0.10,0.12,0.12,0.25,50,36,35.60,36.50,0.63,0.72,3.98,5.63,0.90,18.13,0.72,0.88,6.12,1.75,0.18,0.64,0.18,0.03,0.21