subjectcode,sentences,wordtypes,swordtypes,lextypes,slextypes,wordtokens,swordtokens,lextokens,slextokens,ld,ls1,ls2,vs1,vs2,cvs1,ndw,ndwz,ndwerz,ndwesz,ttr,msttr,cttr,rttr,logttr,uber,lv,vv1,svv1,cvv1,vv2,nv,adjv,advv,modv
646,1,27,5,18,5,50,7,31,7,0.62,0.23,0.19,0.00,0.00,0.00,27,27,27.00,27.00,0.54,0.54,2.70,3.82,0.84,10.79,0.58,0.67,1.33,0.82,0.06,0.47,0.19,0.06,0.26
546,1,27,6,15,6,45,9,24,9,0.53,0.38,0.22,0.33,0.33,0.41,27,27,27,27,0.60,0.60,2.85,4.02,0.87,12.32,0.62,1.00,3.00,1.22,0.12,0.53,0.08,0.04,0.12
634,1,42,7,27,7,63,10,34,10,0.54,0.29,0.17,0.14,0.14,0.27,42,37,36.00,35.10,0.67,0.74,3.74,5.29,0.90,18.39,0.79,1.00,7.00,1.87,0.21,0.71,0.18,0.09,0.26
921,1,64,11,43,11,104,16,54,16,0.52,0.30,0.17,0.12,0.12,0.25,64,34,36.30,37.60,0.62,0.74,4.44,6.28,0.90,19.30,0.80,0.88,6.12,1.75,0.13,0.73,0.19,0.04,0.22
589,1,38,11,25,10,56,11,29,10,0.52,0.34,0.29,0.43,1.29,0.80,38,33,35.20,33.90,0.68,0.66,3.59,5.08,0.90,18.15,0.86,1.00,7.00,1.87,0.24,0.67,0.31,0.03,0.34
705,1,19,4,11,4,22,4,12,4,0.55,0.33,0.21,0.00,0.00,0.00,19,19,19,19,0.86,0.86,2.86,4.05,0.95,28.30,0.92,1.00,1.00,0.71,0.08,0.88,0.08,0.17,0.25
664,1,34,8,20,8,56,8,28,8,0.50,0.29,0.24,0.33,0.67,0.58,34,33,31.10,32.00,0.61,0.66,3.21,4.54,0.88,14.10,0.71,1.00,6.00,1.73,0.21,0.60,0.21,0.04,0.25
853,1,17,3,10,3,23,3,12,3,0.52,0.25,0.18,0.00,0.00,0.00,17,17,17,17,0.74,0.74,2.51,3.54,0.90,14.12,0.83,1.00,1.00,0.71,0.08,0.75,0.08,0.17,0.25
699,1,34,5,22,5,49,5,27,5,0.55,0.19,0.15,0.00,0.00,0.00,34,34,34,34,0.69,0.69,3.43,4.86,0.91,18.00,0.81,1.00,4.00,1.41,0.15,0.71,0.19,0.11,0.30
636,1,20,5,13,5,25,5,14,5,0.56,0.36,0.25,1.00,2.00,1.00,20,20,20,20,0.80,0.80,2.83,4.00,0.93,20.17,0.93,1.00,2.00,1.00,0.14,0.88,0.14,0.14,0.29
919,1,21,3,12,3,27,3,14,3,0.52,0.21,0.14,0,0,0,21,21,21,21,0.78,0.78,2.86,4.04,0.92,18.77,0.86,0,0,0,0.00,0.80,0.21,0.07,0.29
587,1,31,7,21,7,52,9,28,9,0.54,0.32,0.23,0.00,0.00,0.00,31,29,30.20,29.50,0.60,0.58,3.04,4.30,0.87,13.11,0.75,1.00,2.00,1.00,0.07,0.59,0.21,0.11,0.32
662,1,30,8,17,8,39,9,21,9,0.54,0.43,0.27,0.00,0.00,0.00,30,30,30,30,0.77,0.77,3.40,4.80,0.93,22.22,0.81,1.00,2.00,1.00,0.10,0.70,0.33,0.10,0.43
703,1,32,5,17,5,54,7,25,7,0.46,0.28,0.16,0.00,0.00,0.00,32,32,30.30,30.60,0.59,0.64,3.08,4.35,0.87,13.21,0.68,1.00,1.00,0.71,0.04,0.58,0.12,0.08,0.20
651,1,35,5,21,5,49,6,25,6,0.51,0.24,0.14,0.20,0.20,0.32,35,35,35,35,0.71,0.71,3.54,5.00,0.91,19.55,0.84,0.80,3.20,1.26,0.16,0.79,0.16,0.08,0.24
610,1,53,11,32,9,83,13,45,10,0.54,0.22,0.21,0.20,0.20,0.32,53,36,35.80,37.10,0.64,0.72,4.11,5.82,0.90,18.91,0.71,0.80,3.20,1.26,0.09,0.68,0.27,0.07,0.33
654,1,38,9,25,9,50,11,29,11,0.58,0.38,0.24,0.25,0.25,0.35,38,38,38.00,38.00,0.76,0.76,3.80,5.37,0.93,24.22,0.86,1.00,4.00,1.41,0.14,0.75,0.24,0.07,0.31
794,1,40,7,24,7,60,10,32,10,0.53,0.31,0.17,0.00,0.00,0.00,40,36,34.70,35.60,0.67,0.72,3.65,5.16,0.90,17.96,0.75,1.00,2.00,1.00,0.06,0.67,0.31,0.06,0.38
602,1,35,8,24,8,47,9,29,9,0.62,0.31,0.23,0.33,0.33,0.41,35,35,35,35,0.74,0.74,3.61,5.11,0.92,21.84,0.83,1.00,3.00,1.22,0.10,0.71,0.28,0.03,0.31
647,1,23,3,14,3,27,3,15,3,0.56,0.20,0.13,0.00,0.00,0.00,23,23,23,23,0.85,0.85,3.13,4.43,0.95,29.42,0.93,1.00,1.00,0.71,0.07,0.89,0.20,0.13,0.33
502,1,2,1,2,1,2,1,2,1,1.00,0.50,0.50,0,0,0,2,2,2,2,1.00,1.00,1.00,1.41,1.00,NaN,1.00,0,0,0,0.00,1.00,0.00,0.00,0.00
531,1,19,3,11,3,23,3,12,3,0.52,0.25,0.16,0,0,0,19,19,19,19,0.83,0.83,2.80,3.96,0.94,22.35,0.92,0,0,0,0.00,0.88,0.33,0.00,0.33
521,1,17,4,12,4,18,4,13,4,0.72,0.31,0.24,0.00,0.00,0.00,17,17,17,17,0.94,0.94,2.83,4.01,0.98,63.48,0.92,1.00,2.00,1.00,0.15,0.86,0.15,0.15,0.31
749,1,16,4,11,4,20,4,12,4,0.60,0.33,0.25,0.00,0.00,0.00,16,16,16,16,0.80,0.80,2.53,3.58,0.93,17.47,0.92,1.00,1.00,0.71,0.08,0.88,0.17,0.08,0.25
913,1,37,9,23,9,51,9,27,9,0.53,0.33,0.24,0.33,0.33,0.41,37,36,36.50,36.00,0.73,0.72,3.66,5.18,0.92,20.92,0.85,1.00,3.00,1.22,0.11,0.79,0.33,0.00,0.33
849,1,36,6,19,6,56,7,25,7,0.45,0.28,0.17,0.00,0.00,0.00,36,34,33.20,32.40,0.64,0.68,3.40,4.81,0.89,15.93,0.76,1.00,2.00,1.00,0.08,0.62,0.24,0.04,0.28
785,1,2,1,2,1,2,1,2,1,1.00,0.50,0.50,0,0,0,2,2,2,2,1.00,1.00,1.00,1.41,1.00,NaN,1.00,0,0,0,0.00,1.00,0.00,0.00,0.00
846,1,29,5,19,5,48,7,26,7,0.54,0.27,0.17,0.00,0.00,0.00,29,29,29,29,0.60,0.60,2.96,4.19,0.87,12.92,0.73,0.50,0.50,0.50,0.04,0.60,0.23,0.12,0.35
697,1,37,4,23,4,53,6,29,6,0.55,0.21,0.11,0.00,0.00,0.00,37,36,34.90,36.00,0.70,0.72,3.59,5.08,0.91,19.05,0.79,1.00,4.00,1.41,0.14,0.60,0.24,0.10,0.34
656,1,21,6,14,6,29,7,17,7,0.59,0.41,0.29,0,0,0,21,21,21,21,0.72,0.72,2.76,3.90,0.90,15.26,0.82,0,0,0,0.00,0.82,0.24,0.06,0.29
519,1,20,3,12,3,28,4,16,4,0.57,0.25,0.15,0.00,0.00,0.00,20,20,20,20,0.71,0.71,2.67,3.78,0.90,14.33,0.75,1.00,1.00,0.71,0.06,0.70,0.19,0.06,0.25
730,1,29,5,18,5,46,7,25,7,0.54,0.28,0.17,0.50,1.00,0.71,29,29,29,29,0.63,0.63,3.02,4.28,0.88,13.80,0.72,0.75,2.25,1.06,0.12,0.57,0.20,0.08,0.28
801,1,42,8,24,7,55,8,27,7,0.49,0.26,0.19,0.25,0.25,0.35,42,38,38.70,39.20,0.76,0.76,4.00,5.66,0.93,25.86,0.89,1.00,4.00,1.41,0.15,0.83,0.30,0.07,0.37
868,1,22,4,12,4,27,4,13,4,0.48,0.31,0.18,0,0,0,22,22,22,22,0.81,0.81,2.99,4.23,0.94,23.04,0.92,0,0,0,0.00,0.90,0.15,0.08,0.23
563,1,40,7,26,7,50,7,28,7,0.56,0.25,0.17,0.25,0.25,0.35,40,40,40.00,40.00,0.80,0.80,4.00,5.66,0.94,29.79,0.93,1.00,4.00,1.41,0.14,0.83,0.25,0.18,0.43
643,1,38,8,23,8,59,10,30,10,0.51,0.33,0.21,0.33,0.33,0.41,38,37,33.50,35.50,0.64,0.74,3.50,4.95,0.89,16.41,0.77,1.00,3.00,1.22,0.10,0.61,0.23,0.07,0.30
889,1,47,10,28,10,62,12,33,12,0.53,0.36,0.21,0.00,0.00,0.00,47,39,39.00,39.00,0.76,0.78,4.22,5.97,0.93,26.71,0.85,1.00,3.00,1.22,0.09,0.74,0.27,0.06,0.33
612,1,2,1,2,1,2,1,2,1,1.00,0.50,0.50,0,0,0,2,2,2,2,1.00,1.00,1.00,1.41,1.00,NaN,1.00,0,0,0,0.00,1.00,0.00,0.00,0.00
566,1,2,1,2,1,2,1,2,1,1.00,0.50,0.50,0,0,0,2,2,2,2,1.00,1.00,1.00,1.41,1.00,NaN,1.00,0,0,0,0.00,1.00,0.00,0.00,0.00
742,1,41,9,25,9,68,11,31,11,0.46,0.35,0.22,0.17,0.17,0.29,41,34,33.10,33.40,0.60,0.68,3.52,4.97,0.88,15.28,0.81,1.00,6.00,1.73,0.19,0.74,0.16,0.03,0.19
756,1,23,7,15,7,41,9,22,9,0.54,0.41,0.30,0.00,0.00,0.00,23,23,23,23,0.56,0.56,2.54,3.59,0.84,10.36,0.68,1.00,1.00,0.71,0.05,0.62,0.23,0.00,0.23
591,1,25,4,17,4,41,6,24,6,0.59,0.25,0.16,0.00,0.00,0.00,25,25,25,25,0.61,0.61,2.76,3.90,0.87,12.11,0.71,1.00,5.00,1.58,0.21,0.62,0.21,0.00,0.21
914,1,36,9,24,9,55,11,32,11,0.58,0.34,0.25,0.25,0.25,0.35,36,35,33.50,34.60,0.65,0.70,3.43,4.85,0.89,16.46,0.75,1.00,4.00,1.41,0.12,0.71,0.12,0.16,0.28
710,1,35,7,20,7,49,7,23,7,0.47,0.30,0.20,0.33,0.33,0.41,35,35,35,35,0.71,0.71,3.54,5.00,0.91,19.55,0.87,1.00,3.00,1.22,0.13,0.73,0.30,0.09,0.39
565,1,42,9,27,9,61,10,34,10,0.56,0.29,0.21,0.14,0.14,0.27,42,35,36.20,35.90,0.69,0.70,3.80,5.38,0.91,19.67,0.79,1.00,7.00,1.87,0.21,0.67,0.21,0.09,0.29
625,1,46,7,29,7,69,8,35,8,0.51,0.23,0.15,0.00,0.00,0.00,46,34,36.50,35.70,0.67,0.68,3.92,5.54,0.90,19.20,0.83,1.00,6.00,1.73,0.17,0.65,0.26,0.09,0.34
733,1,44,6,29,6,68,9,39,9,0.57,0.23,0.14,0.00,0.00,0.00,44,35,35.40,34.60,0.65,0.70,3.77,5.34,0.90,17.76,0.74,1.00,2.00,1.00,0.05,0.65,0.18,0.21,0.38
588,1,27,6,18,6,39,8,23,8,0.59,0.35,0.22,0.00,0.00,0.00,27,27,27,27,0.69,0.69,3.06,4.32,0.90,15.85,0.78,1.00,1.00,0.71,0.04,0.64,0.26,0.09,0.35
707,1,2,1,2,1,2,1,2,1,1.00,0.50,0.50,0,0,0,2,2,2,2,1.00,1.00,1.00,1.41,1.00,NaN,1.00,0,0,0,0.00,1.00,0.00,0.00,0.00
590,1,33,5,22,5,51,8,31,8,0.61,0.26,0.15,0.00,0.00,0.00,33,32,32.80,32.00,0.65,0.64,3.27,4.62,0.89,15.42,0.71,0.50,0.50,0.50,0.03,0.58,0.19,0.13,0.32
779,1,41,8,25,8,58,10,32,10,0.55,0.31,0.20,0.50,0.50,0.50,41,35,36.10,36.40,0.71,0.70,3.81,5.38,0.91,20.64,0.78,1.00,2.00,1.00,0.06,0.61,0.34,0.03,0.38
632,1,61,11,35,11,105,16,52,16,0.50,0.31,0.18,0.00,0.00,0.00,61,36,36.90,34.10,0.58,0.71,4.21,5.95,0.88,17.32,0.67,0.67,4.00,1.41,0.12,0.62,0.13,0.12,0.25
653,1,16,3,10,3,19,3,11,3,0.58,0.27,0.19,0.00,0.00,0.00,16,16,16,16,0.84,0.84,2.60,3.67,0.94,21.91,0.91,1.00,1.00,0.71,0.09,0.88,0.18,0.00,0.18
678,1,20,5,10,5,28,5,12,5,0.43,0.42,0.25,0,0,0,20,20,20,20,0.71,0.71,2.67,3.78,0.90,14.33,0.83,0,0,0,0.00,0.78,0.17,0.08,0.25
790,1,44,6,30,6,60,7,35,7,0.58,0.20,0.14,0.25,0.50,0.50,44,36,38.00,37.70,0.73,0.72,4.02,5.68,0.92,23.47,0.86,1.00,8.00,2.00,0.23,0.69,0.20,0.11,0.31
754,1,40,8,28,8,55,8,33,8,0.60,0.24,0.20,0.17,0.17,0.29,40,36,37.00,36.30,0.73,0.72,3.81,5.39,0.92,21.90,0.85,1.00,6.00,1.73,0.18,0.81,0.18,0.12,0.30
870,1,47,7,32,7,67,10,38,10,0.57,0.26,0.15,0.14,0.14,0.27,47,36,37.10,37.10,0.70,0.72,4.06,5.74,0.92,21.66,0.84,0.86,5.14,1.60,0.16,0.81,0.29,0.08,0.37
688,1,44,9,29,8,60,11,34,10,0.57,0.29,0.20,0.33,0.33,0.41,44,36,38.10,37.90,0.73,0.72,4.02,5.68,0.92,23.47,0.85,1.00,3.00,1.22,0.09,0.75,0.24,0.09,0.32
759,1,31,6,20,6,43,9,26,9,0.60,0.35,0.19,0.50,1.00,0.71,31,31,31,31,0.72,0.72,3.34,4.73,0.91,18.78,0.77,1.00,4.00,1.41,0.15,0.60,0.15,0.12,0.27
753,1,21,4,11,4,28,4,13,4,0.46,0.31,0.19,1.00,1.00,0.71,21,21,21,21,0.75,0.75,2.81,3.97,0.91,16.76,0.85,1.00,1.00,0.71,0.08,0.75,0.15,0.15,0.31
910,1,33,7,22,7,49,8,26,8,0.53,0.31,0.21,0.25,0.25,0.35,33,33,33,33,0.67,0.67,3.33,4.71,0.90,16.64,0.85,1.00,4.00,1.41,0.15,0.69,0.27,0.08,0.35
581,1,29,6,18,6,38,8,23,8,0.61,0.35,0.21,0.00,0.00,0.00,29,29,29,29,0.76,0.76,3.33,4.70,0.93,21.26,0.78,1.00,3.00,1.22,0.13,0.62,0.22,0.09,0.30
574,1,2,1,2,1,2,1,2,1,1.00,0.50,0.50,0,0,0,2,2,2,2,1.00,1.00,1.00,1.41,1.00,NaN,1.00,0,0,0,0.00,1.00,0.00,0.00,0.00
532,1,30,4,18,4,51,5,25,5,0.49,0.20,0.13,0.25,0.25,0.35,30,29,29.40,29.00,0.59,0.58,2.97,4.20,0.87,12.65,0.72,0.75,2.25,1.06,0.12,0.60,0.24,0.00,0.24
818,1,18,5,13,5,20,5,13,5,0.65,0.38,0.28,0.00,0.00,0.00,18,18,18,18,0.90,0.90,2.85,4.02,0.96,36.99,1.00,1.00,1.00,0.71,0.08,1.00,0.15,0.08,0.23
665,1,46,10,31,10,78,14,47,14,0.60,0.30,0.22,0.38,1.12,0.75,46,37,34.60,34.80,0.59,0.74,3.68,5.21,0.88,15.61,0.66,0.88,6.12,1.75,0.15,0.48,0.17,0.13,0.30
906,1,39,9,23,8,52,9,28,8,0.54,0.29,0.23,0.75,2.25,1.06,39,37,37.60,37.30,0.75,0.74,3.82,5.41,0.93,23.57,0.82,1.00,4.00,1.41,0.14,0.64,0.29,0.07,0.36
847,1,26,4,16,4,32,6,20,6,0.62,0.30,0.15,0.20,0.20,0.32,26,26,26,26,0.81,0.81,3.25,4.60,0.94,25.12,0.80,1.00,5.00,1.58,0.25,0.70,0.10,0.15,0.25
890,1,25,6,20,6,31,7,24,7,0.77,0.29,0.24,0.00,0.00,0.00,25,25,25,25,0.81,0.81,3.18,4.49,0.94,23.81,0.83,1.00,5.00,1.58,0.21,0.67,0.21,0.08,0.29
854,1,27,8,18,8,43,8,21,8,0.49,0.38,0.30,1.00,2.00,1.00,27,27,27,27,0.63,0.63,2.91,4.12,0.88,13.20,0.86,1.00,2.00,1.00,0.10,0.85,0.19,0.05,0.24
881,1,39,11,25,11,69,19,37,19,0.54,0.51,0.28,0.29,0.57,0.53,39,32,31.20,30.90,0.57,0.64,3.32,4.70,0.87,13.65,0.68,0.86,5.14,1.60,0.16,0.50,0.22,0.05,0.27
907,1,59,15,39,15,92,17,49,17,0.53,0.35,0.25,0.12,0.12,0.25,59,37,36.20,37.10,0.64,0.74,4.35,6.15,0.90,19.99,0.80,0.88,6.12,1.75,0.14,0.76,0.20,0.06,0.27
862,1,22,5,14,5,28,5,16,5,0.57,0.31,0.23,0.00,0.00,0.00,22,22,22,22,0.79,0.79,2.94,4.16,0.93,20.00,0.88,1.00,1.00,0.71,0.06,0.78,0.31,0.06,0.38
762,1,69,17,51,17,116,25,66,25,0.57,0.38,0.25,0.38,1.12,0.75,69,38,36.30,36.40,0.59,0.73,4.53,6.41,0.89,18.89,0.77,1.00,8.00,2.00,0.12,0.66,0.21,0.08,0.29
715,1,27,4,19,4,36,5,22,5,0.61,0.23,0.15,0.33,0.33,0.41,27,27,27,27,0.75,0.75,3.18,4.50,0.92,19.39,0.86,1.00,3.00,1.22,0.14,0.79,0.18,0.05,0.23
884,1,41,7,28,7,59,9,35,9,0.59,0.26,0.17,0.00,0.00,0.00,41,36,36.50,35.70,0.69,0.72,3.77,5.34,0.91,19.84,0.80,1.00,5.00,1.58,0.14,0.65,0.23,0.11,0.34
628,1,31,6,18,6,45,8,23,8,0.51,0.35,0.19,0.25,0.25,0.35,31,31,31,31,0.69,0.69,3.27,4.62,0.90,16.89,0.78,0.75,2.25,1.06,0.13,0.73,0.22,0.13,0.35
700,1,37,8,22,8,52,8,26,8,0.50,0.31,0.22,0.50,1.00,0.71,37,36,35.90,35.60,0.71,0.72,3.63,5.13,0.91,19.92,0.85,1.00,4.00,1.41,0.15,0.79,0.15,0.12,0.27
594,1,32,7,22,7,48,9,28,9,0.58,0.32,0.22,1.00,1.00,0.71,32,32,32,32,0.67,0.67,3.27,4.62,0.90,16.05,0.79,1.00,1.00,0.71,0.04,0.62,0.29,0.11,0.39
611,1,44,10,29,9,65,12,36,11,0.55,0.31,0.23,0.50,1.00,0.71,44,33,36.50,33.30,0.68,0.66,3.86,5.46,0.91,19.39,0.81,1.00,4.00,1.41,0.11,0.68,0.19,0.08,0.28
876,1,22,3,15,3,24,3,16,3,0.67,0.19,0.14,0.00,0.00,0.00,22,22,22,22,0.92,0.92,3.18,4.49,0.97,50.41,0.94,1.00,2.00,1.00,0.12,0.88,0.31,0.06,0.38
527,1,23,4,11,4,29,4,13,4,0.45,0.31,0.17,0.00,0.00,0.00,23,23,23,23,0.79,0.79,3.02,4.27,0.93,21.24,0.85,1.00,2.00,1.00,0.15,0.75,0.15,0.08,0.23
660,1,40,7,26,7,60,7,32,7,0.53,0.22,0.17,0.50,1.00,0.71,40,34,35.00,34.30,0.67,0.68,3.65,5.16,0.90,17.96,0.81,1.00,4.00,1.41,0.12,0.76,0.28,0.03,0.31
576,1,39,9,23,9,64,14,33,14,0.52,0.42,0.23,0.33,0.67,0.58,39,34,32.80,32.10,0.61,0.68,3.45,4.88,0.88,15.17,0.70,0.83,4.17,1.44,0.15,0.53,0.15,0.09,0.24
775,1,39,8,24,8,60,11,34,11,0.57,0.32,0.21,0.20,0.20,0.32,39,35,33.90,33.70,0.65,0.70,3.56,5.03,0.89,16.90,0.71,1.00,5.00,1.58,0.15,0.56,0.21,0.12,0.32
838,1,33,5,21,5,47,5,26,5,0.55,0.19,0.15,0.00,0.00,0.00,33,33,33,33,0.70,0.70,3.40,4.81,0.91,18.20,0.81,1.00,3.00,1.22,0.12,0.75,0.15,0.08,0.23
675,1,40,8,25,8,55,10,32,10,0.58,0.31,0.20,0.33,0.67,0.58,40,37,37.30,37.50,0.73,0.74,3.81,5.39,0.92,21.90,0.78,0.83,4.17,1.44,0.16,0.65,0.22,0.06,0.28
820,1,36,5,23,5,50,5,26,5,0.52,0.19,0.14,0.00,0.00,0.00,36,36,36.00,36.00,0.72,0.72,3.60,5.09,0.92,20.23,0.88,1.00,1.00,0.71,0.04,0.82,0.23,0.08,0.31
840,1,2,1,2,1,2,1,2,1,1.00,0.50,0.50,0,0,0,2,2,2,2,1.00,1.00,1.00,1.41,1.00,NaN,1.00,0,0,0,0.00,1.00,0.00,0.00,0.00
758,1,28,5,15,5,41,7,21,7,0.51,0.33,0.18,0.00,0.00,0.00,28,28,28,28,0.68,0.68,3.09,4.37,0.90,15.70,0.71,1.00,1.00,0.71,0.05,0.54,0.24,0.10,0.33
596,1,20,5,13,4,23,5,14,4,0.61,0.29,0.25,0.50,0.50,0.50,20,20,20,20,0.87,0.87,2.95,4.17,0.96,30.55,0.93,1.00,2.00,1.00,0.14,0.89,0.07,0.14,0.21
878,1,65,12,40,11,117,18,62,17,0.53,0.27,0.18,0.08,0.08,0.20,65,29,35.10,34.40,0.56,0.65,4.25,6.01,0.88,16.76,0.65,0.75,6.75,1.84,0.15,0.61,0.18,0.08,0.26
706,1,38,8,21,8,45,8,24,8,0.53,0.33,0.21,0.00,0.00,0.00,38,38,38,38,0.84,0.84,4.01,5.66,0.96,37.22,0.88,1.00,4.00,1.41,0.17,0.83,0.25,0.08,0.33
724,1,46,10,29,10,66,10,34,10,0.52,0.29,0.22,0.33,0.67,0.58,46,33,36.60,34.20,0.70,0.66,4.00,5.66,0.91,21.12,0.85,1.00,6.00,1.73,0.18,0.67,0.29,0.15,0.44
561,1,29,6,17,6,53,8,28,8,0.53,0.29,0.21,0.00,0.00,0.00,29,28,28.10,27.50,0.55,0.56,2.82,3.98,0.85,11.35,0.61,1.00,2.00,1.00,0.07,0.56,0.18,0.07,0.25
735,1,21,5,14,5,37,7,21,7,0.57,0.33,0.24,0.25,0.25,0.35,21,21,21,21,0.57,0.57,2.44,3.45,0.84,10.00,0.67,0.75,2.25,1.06,0.14,0.55,0.19,0.05,0.24
796,1,25,3,16,3,31,3,18,3,0.58,0.17,0.12,0.00,0.00,0.00,25,25,25,25,0.81,0.81,3.18,4.49,0.94,23.81,0.89,1.00,2.00,1.00,0.11,0.82,0.11,0.17,0.28
605,1,43,10,28,10,63,10,35,10,0.56,0.29,0.23,0.33,0.67,0.58,43,31,36.10,33.90,0.68,0.62,3.83,5.42,0.91,19.52,0.80,0.83,4.17,1.44,0.14,0.71,0.29,0.03,0.31
739,1,33,10,20,10,45,12,26,12,0.58,0.46,0.30,0.67,1.33,0.82,33,33,33,33,0.73,0.73,3.48,4.92,0.92,20.29,0.77,1.00,3.00,1.22,0.12,0.69,0.23,0.00,0.23
760,1,39,4,24,4,63,4,30,4,0.48,0.13,0.10,0.33,0.33,0.41,39,35,33.80,33.30,0.62,0.70,3.47,4.91,0.88,15.54,0.80,1.00,3.00,1.22,0.10,0.69,0.23,0.17,0.40
860,1,46,9,29,9,68,10,35,10,0.51,0.29,0.20,0.25,0.25,0.35,46,36,37.00,35.50,0.68,0.72,3.94,5.58,0.91,19.78,0.83,1.00,4.00,1.41,0.11,0.69,0.20,0.20,0.40
816,1,2,1,2,1,2,1,2,1,1.00,0.50,0.50,0,0,0,2,2,2,2,1.00,1.00,1.00,1.41,1.00,NaN,1.00,0,0,0,0.00,1.00,0.00,0.00,0.00
824,1,33,5,21,5,50,5,25,5,0.50,0.20,0.15,0.67,1.33,0.82,33,33,33.00,33.00,0.66,0.66,3.30,4.67,0.89,16.00,0.84,1.00,3.00,1.22,0.12,0.71,0.20,0.12,0.32
711,1,41,5,28,5,52,6,33,6,0.63,0.18,0.12,0.25,0.25,0.35,41,40,39.30,39.40,0.79,0.80,4.02,5.69,0.94,28.53,0.85,1.00,4.00,1.41,0.12,0.79,0.21,0.06,0.27
633,1,38,6,24,6,57,8,32,8,0.56,0.25,0.16,0.00,0.00,0.00,38,36,35.20,34.60,0.67,0.72,3.56,5.03,0.90,17.51,0.75,0.80,3.20,1.26,0.12,0.61,0.22,0.06,0.28
752,1,43,10,28,10,73,16,40,16,0.55,0.40,0.23,0.50,0.50,0.50,43,30,32.40,30.20,0.59,0.60,3.56,5.03,0.88,15.11,0.70,1.00,2.00,1.00,0.05,0.52,0.23,0.15,0.38
899,1,32,6,19,6,47,8,27,8,0.57,0.30,0.19,0.33,0.33,0.41,32,32,32,32,0.68,0.68,3.30,4.67,0.90,16.75,0.70,1.00,3.00,1.22,0.11,0.50,0.22,0.11,0.33
826,1,51,9,35,9,90,14,50,14,0.56,0.28,0.18,0.17,0.17,0.29,51,35,32.90,33.20,0.57,0.70,3.80,5.38,0.87,15.48,0.70,0.83,4.17,1.44,0.10,0.59,0.18,0.04,0.22
922,1,27,4,16,4,29,4,17,4,0.59,0.24,0.15,0.33,0.33,0.41,27,27,27,27,0.93,0.93,3.55,5.01,0.98,68.91,0.94,1.00,3.00,1.22,0.18,0.90,0.18,0.06,0.24
865,1,23,3,13,3,35,5,18,5,0.51,0.28,0.13,0.00,0.00,0.00,23,23,23,23,0.66,0.66,2.75,3.89,0.88,13.08,0.72,1.00,2.00,1.00,0.11,0.62,0.17,0.00,0.17
795,1,37,7,27,7,53,9,35,9,0.66,0.26,0.19,0.20,0.20,0.32,37,35,35.80,34.40,0.70,0.70,3.59,5.08,0.91,19.05,0.77,0.80,3.20,1.26,0.11,0.59,0.26,0.11,0.37
905,1,18,5,10,5,21,5,11,5,0.52,0.45,0.28,0,0,0,18,18,18,18,0.86,0.86,2.78,3.93,0.95,26.11,0.91,0,0,0,0.00,0.86,0.27,0.09,0.36
763,1,29,5,20,5,43,6,25,6,0.58,0.24,0.17,0.25,0.25,0.35,29,29,29,29,0.67,0.67,3.13,4.42,0.90,15.60,0.80,1.00,4.00,1.41,0.16,0.58,0.20,0.16,0.36
784,1,45,10,28,10,73,15,36,15,0.49,0.42,0.22,0.33,0.67,0.58,45,29,32.90,30.90,0.62,0.58,3.72,5.27,0.89,16.52,0.78,0.83,4.17,1.44,0.14,0.72,0.22,0.06,0.28
558,1,23,5,17,5,26,5,18,5,0.69,0.28,0.22,0.33,0.33,0.41,23,23,23,23,0.88,0.88,3.19,4.51,0.96,37.60,0.94,1.00,3.00,1.22,0.17,0.90,0.17,0.11,0.28
811,1,36,8,24,8,63,15,37,15,0.59,0.41,0.22,0.20,0.20,0.32,36,28,31.40,30.30,0.57,0.56,3.21,4.54,0.86,13.32,0.65,0.60,1.80,0.95,0.08,0.59,0.19,0.05,0.24
917,1,45,8,29,8,62,9,32,9,0.52,0.28,0.18,0.25,0.25,0.35,45,35,38.00,36.10,0.73,0.70,4.04,5.72,0.92,23.08,0.91,0.75,2.25,1.06,0.09,0.88,0.22,0.16,0.38
582,1,26,6,17,6,37,7,21,7,0.57,0.33,0.23,0.33,0.33,0.41,26,26,26,26,0.70,0.70,3.02,4.27,0.90,16.05,0.81,0.67,1.33,0.82,0.10,0.70,0.33,0.05,0.38
855,1,22,6,15,6,30,6,18,6,0.60,0.33,0.27,0.00,0.00,0.00,22,22,22,22,0.73,0.73,2.84,4.02,0.91,16.20,0.83,1.00,3.00,1.22,0.17,0.67,0.28,0.06,0.33
652,1,27,7,20,7,38,7,23,7,0.61,0.30,0.26,0.33,0.33,0.41,27,27,27,27,0.71,0.71,3.10,4.38,0.91,16.82,0.87,1.00,3.00,1.22,0.13,0.75,0.22,0.13,0.35
549,1,23,7,14,7,25,7,15,7,0.60,0.47,0.30,0.00,0.00,0.00,23,23,23,23,0.92,0.92,3.25,4.60,0.97,53.97,0.93,1.00,2.00,1.00,0.13,0.89,0.13,0.13,0.27
552,1,35,9,23,9,53,12,31,12,0.58,0.39,0.26,0.33,0.33,0.41,35,35,33.70,33.80,0.66,0.70,3.40,4.81,0.90,16.50,0.74,1.00,3.00,1.22,0.10,0.58,0.23,0.06,0.29
668,1,16,4,11,4,22,4,12,4,0.55,0.33,0.25,0.00,0.00,0.00,16,16,16,16,0.73,0.73,2.41,3.41,0.90,13.03,0.92,1.00,1.00,0.71,0.08,0.89,0.08,0.08,0.17
511,1,42,11,24,11,57,14,30,14,0.53,0.47,0.26,0.22,0.44,0.47,42,38,37.60,38.50,0.74,0.76,3.93,5.56,0.92,23.25,0.80,0.67,4.00,1.41,0.20,0.86,0.17,0.07,0.23
509,1,19,3,10,3,24,3,12,3,0.50,0.25,0.16,0,0,0,19,19,19,19,0.79,0.79,2.74,3.88,0.93,18.78,0.83,0,0,0,0.00,0.78,0.17,0.08,0.25
698,1,41,8,28,8,60,9,35,9,0.58,0.26,0.20,0.20,0.20,0.32,41,34,35.90,35.80,0.68,0.68,3.74,5.29,0.91,19.12,0.80,1.00,5.00,1.58,0.14,0.76,0.14,0.17,0.31
659,1,43,8,28,8,62,8,34,8,0.55,0.24,0.19,0.50,1.00,0.71,43,36,35.90,36.20,0.69,0.72,3.86,5.46,0.91,20.22,0.82,1.00,4.00,1.41,0.12,0.79,0.24,0.18,0.41
644,1,48,10,26,10,71,12,32,12,0.45,0.38,0.21,0.25,0.25,0.35,48,31,36.00,33.70,0.68,0.62,4.03,5.70,0.91,20.16,0.81,1.00,4.00,1.41,0.12,0.69,0.31,0.06,0.38
616,1,31,7,19,7,45,8,23,8,0.51,0.35,0.23,0.33,0.33,0.41,31,31,31,31,0.69,0.69,3.27,4.62,0.90,16.89,0.83,1.00,3.00,1.22,0.13,0.67,0.26,0.09,0.35
850,1,41,13,28,13,74,19,41,19,0.55,0.46,0.32,0.00,0.00,0.00,41,28,31.80,28.80,0.55,0.56,3.37,4.77,0.86,13.62,0.68,0.67,1.33,0.82,0.05,0.67,0.20,0.05,0.24
908,1,49,10,31,10,81,14,45,14,0.56,0.31,0.20,0.12,0.12,0.25,49,33,34.60,35.90,0.60,0.66,3.85,5.44,0.89,16.69,0.69,0.88,6.12,1.75,0.16,0.60,0.16,0.04,0.20
609,1,44,9,26,9,65,13,35,13,0.54,0.37,0.20,0.00,0.00,0.00,44,35,35.40,34.60,0.68,0.70,3.86,5.46,0.91,19.39,0.74,1.00,5.00,1.58,0.14,0.55,0.23,0.06,0.29
772,1,14,3,11,3,16,3,12,3,0.75,0.25,0.21,0.00,0.00,0.00,14,14,14,14,0.88,0.88,2.47,3.50,0.95,25.00,0.92,1.00,3.00,1.22,0.25,0.83,0.17,0.08,0.25
776,1,36,6,21,6,54,9,28,9,0.52,0.32,0.17,0.29,0.57,0.53,36,33,34.50,33.80,0.67,0.66,3.46,4.90,0.90,17.04,0.75,0.86,5.14,1.60,0.21,0.67,0.14,0.04,0.18
897,1,23,6,14,6,35,6,17,6,0.49,0.35,0.26,0.00,0.00,0.00,23,23,23,23,0.66,0.66,2.75,3.89,0.88,13.08,0.82,1.00,1.00,0.71,0.06,0.70,0.35,0.00,0.35
843,1,38,9,20,9,52,10,25,10,0.48,0.40,0.24,0.67,1.33,0.82,38,37,36.70,37.00,0.73,0.74,3.73,5.27,0.92,21.62,0.80,1.00,3.00,1.22,0.12,0.73,0.24,0.04,0.28
726,1,24,3,15,3,30,3,17,3,0.57,0.18,0.12,0.00,0.00,0.00,24,24,24,24,0.80,0.80,3.10,4.38,0.93,22.51,0.88,1.00,3.00,1.22,0.18,0.75,0.18,0.18,0.35
766,1,32,8,21,8,42,10,27,10,0.64,0.37,0.25,0.00,0.00,0.00,32,32,32,32,0.76,0.76,3.49,4.94,0.93,22.31,0.78,1.00,2.00,1.00,0.07,0.67,0.26,0.11,0.37
544,1,25,4,16,4,29,4,17,4,0.59,0.24,0.16,0.50,0.50,0.50,25,25,25,25,0.86,0.86,3.28,4.64,0.96,33.18,0.94,1.00,2.00,1.00,0.12,0.88,0.35,0.06,0.41
856,1,38,9,26,9,61,11,36,11,0.59,0.31,0.24,0.00,0.00,0.00,38,33,32.00,32.60,0.62,0.66,3.44,4.87,0.88,15.51,0.72,1.00,4.00,1.41,0.11,0.61,0.17,0.06,0.22
536,1,46,6,28,6,71,8,36,8,0.51,0.22,0.13,0.00,0.00,0.00,46,33,36.50,34.50,0.65,0.66,3.86,5.46,0.90,18.18,0.78,1.00,4.00,1.41,0.11,0.73,0.19,0.06,0.25
787,1,33,9,22,9,53,12,30,12,0.57,0.40,0.27,0.50,0.50,0.50,33,32,31.70,31.50,0.62,0.64,3.21,4.53,0.88,14.45,0.73,1.00,2.00,1.00,0.07,0.53,0.27,0.17,0.43
523,1,39,10,26,10,55,11,30,11,0.55,0.37,0.26,0.60,1.80,0.95,39,35,35.60,35.30,0.71,0.70,3.72,5.26,0.91,20.29,0.87,1.00,5.00,1.58,0.17,0.75,0.20,0.10,0.30
723,1,35,4,21,4,76,8,37,8,0.49,0.22,0.11,0.00,0.00,0.00,35,28,27.90,27.30,0.46,0.56,2.84,4.01,0.82,10.50,0.57,0.50,1.00,0.71,0.05,0.44,0.14,0.16,0.30
863,1,45,9,27,9,77,17,43,17,0.56,0.40,0.20,0.25,0.50,0.50,45,33,34.70,31.90,0.58,0.66,3.63,5.13,0.88,15.26,0.63,0.75,4.50,1.50,0.14,0.52,0.16,0.05,0.21
556,1,28,4,18,4,43,6,25,6,0.58,0.24,0.14,0.00,0.00,0.00,28,28,28,28,0.65,0.65,3.02,4.27,0.89,14.32,0.72,0.67,1.33,0.82,0.08,0.54,0.24,0.12,0.36
617,1,45,6,30,6,66,6,35,6,0.53,0.17,0.13,0.00,0.00,0.00,45,37,35.90,37.40,0.68,0.74,3.92,5.54,0.91,19.90,0.86,1.00,4.00,1.41,0.11,0.80,0.17,0.11,0.29
833,1,32,9,23,9,54,11,31,11,0.57,0.35,0.28,0.00,0.00,0.00,32,31,30.30,30.60,0.59,0.62,3.08,4.35,0.87,13.21,0.74,0.67,1.33,0.82,0.06,0.63,0.23,0.06,0.29
830,1,23,4,15,4,31,4,17,4,0.55,0.24,0.17,0.50,0.50,0.50,23,23,23,23,0.74,0.74,2.92,4.13,0.91,17.16,0.88,1.00,2.00,1.00,0.12,0.78,0.29,0.06,0.35
737,1,17,4,11,4,20,4,12,4,0.60,0.33,0.24,0.00,0.00,0.00,17,17,17,17,0.85,0.85,2.69,3.80,0.95,23.98,0.92,1.00,1.00,0.71,0.08,0.89,0.08,0.08,0.17
858,1,43,9,28,9,65,11,35,11,0.54,0.31,0.21,0.60,1.80,0.95,43,34,34.90,34.90,0.66,0.68,3.77,5.33,0.90,18.32,0.80,1.00,5.00,1.58,0.14,0.68,0.20,0.03,0.23
916,1,37,6,22,6,57,7,29,7,0.51,0.24,0.16,0.00,0.00,0.00,37,31,32.60,32.30,0.65,0.62,3.47,4.90,0.89,16.43,0.76,1.00,3.00,1.22,0.10,0.60,0.31,0.07,0.38
702,1,33,5,19,5,51,6,25,6,0.49,0.24,0.15,0.25,0.25,0.35,33,33,32.40,32.40,0.65,0.66,3.27,4.62,0.89,15.42,0.76,0.75,2.25,1.06,0.12,0.69,0.24,0.04,0.28
577,1,26,6,16,6,33,6,17,6,0.52,0.35,0.23,0,0,0,26,26,26,26,0.79,0.79,3.20,4.53,0.93,22.27,0.94,0,0,0,0.00,0.92,0.24,0.06,0.29
810,1,26,4,16,4,35,5,18,4,0.51,0.22,0.15,0.00,0.00,0.00,26,26,26,26,0.74,0.74,3.11,4.39,0.92,18.47,0.89,1.00,1.00,0.71,0.06,0.78,0.33,0.11,0.44
798,1,38,14,23,13,49,14,26,13,0.53,0.50,0.37,0.33,0.33,0.41,38,38,38,38,0.78,0.78,3.84,5.43,0.93,25.87,0.88,1.00,3.00,1.22,0.12,0.86,0.27,0.08,0.35
747,1,16,3,9,3,19,3,10,3,0.53,0.30,0.19,0.00,0.00,0.00,16,16,16,16,0.84,0.84,2.60,3.67,0.94,21.91,0.90,1.00,1.00,0.71,0.10,0.88,0.00,0.10,0.10
593,1,38,6,22,6,52,6,26,6,0.50,0.23,0.16,0.00,0.00,0.00,38,37,36.50,37.00,0.73,0.74,3.73,5.27,0.92,21.62,0.85,1.00,4.00,1.41,0.15,0.71,0.31,0.00,0.31
534,1,38,11,26,11,69,15,39,15,0.57,0.38,0.29,0.40,0.80,0.63,38,28,29.80,27.50,0.55,0.56,3.23,4.57,0.86,13.05,0.67,0.80,3.20,1.26,0.10,0.50,0.23,0.13,0.36
898,1,31,6,20,6,43,6,21,6,0.49,0.29,0.19,0.33,0.33,0.41,31,31,31,31,0.72,0.72,3.34,4.73,0.91,18.78,0.95,1.00,3.00,1.22,0.14,0.92,0.19,0.05,0.24
637,1,36,7,20,7,50,8,24,8,0.48,0.33,0.19,0.00,0.00,0.00,36,36,36.00,36.00,0.72,0.72,3.60,5.09,0.92,20.23,0.83,1.00,2.00,1.00,0.08,0.69,0.25,0.12,0.38
620,1,44,10,27,10,65,12,33,12,0.51,0.36,0.23,0.25,0.25,0.35,44,35,36.60,35.90,0.68,0.70,3.86,5.46,0.91,19.39,0.82,1.00,4.00,1.41,0.12,0.73,0.18,0.03,0.21
727,1,37,5,22,5,57,7,29,7,0.51,0.24,0.14,0.00,0.00,0.00,37,34,33.60,33.50,0.65,0.68,3.47,4.90,0.89,16.43,0.76,1.00,3.00,1.22,0.10,0.71,0.14,0.10,0.24
671,1,25,6,17,6,35,6,20,6,0.57,0.30,0.24,0.50,0.50,0.50,25,25,25,25,0.71,0.71,2.99,4.23,0.91,16.32,0.85,1.00,2.00,1.00,0.10,0.73,0.20,0.15,0.35
767,1,39,5,26,5,66,7,34,7,0.52,0.21,0.13,0.20,0.20,0.32,39,31,31.40,31.90,0.59,0.62,3.39,4.80,0.87,14.49,0.76,1.00,5.00,1.58,0.15,0.60,0.21,0.06,0.26
780,1,47,8,26,8,77,11,37,11,0.48,0.30,0.17,0.14,0.14,0.27,47,34,34.60,33.90,0.61,0.68,3.79,5.36,0.89,16.60,0.70,0.57,2.29,1.07,0.11,0.65,0.22,0.03,0.24
693,1,41,5,28,5,66,8,38,8,0.58,0.21,0.12,0.00,0.00,0.00,41,32,34.00,33.30,0.62,0.64,3.57,5.05,0.89,16.01,0.74,1.00,3.00,1.22,0.08,0.65,0.24,0.05,0.29
744,1,31,4,18,4,39,4,21,4,0.54,0.19,0.13,0.00,0.00,0.00,31,31,31,31,0.79,0.79,3.51,4.96,0.94,25.39,0.86,1.00,3.00,1.22,0.14,0.82,0.19,0.10,0.29
815,1,36,11,25,10,52,13,30,12,0.58,0.40,0.31,0.00,0.00,0.00,36,36,34.70,35.60,0.69,0.72,3.53,4.99,0.91,18.44,0.83,1.00,3.00,1.22,0.10,0.72,0.30,0.00,0.30
867,1,22,4,12,4,40,5,18,5,0.45,0.28,0.18,0.00,0.00,0.00,22,22,22,22,0.55,0.55,2.46,3.48,0.84,9.89,0.67,1.00,1.00,0.71,0.06,0.54,0.22,0.00,0.22
893,1,47,8,29,8,67,9,36,9,0.54,0.25,0.17,0.40,0.80,0.63,47,39,38.80,39.10,0.70,0.78,4.06,5.74,0.92,21.66,0.81,1.00,5.00,1.58,0.14,0.67,0.22,0.11,0.33
535,1,49,7,32,7,84,11,44,11,0.52,0.25,0.14,0.11,0.11,0.24,49,30,33.10,30.50,0.58,0.60,3.78,5.35,0.88,15.82,0.73,0.78,5.44,1.65,0.16,0.61,0.18,0.07,0.25
573,1,18,4,12,4,21,4,13,4,0.62,0.31,0.22,0.00,0.00,0.00,18,18,18,18,0.86,0.86,2.78,3.93,0.95,26.11,0.92,1.00,2.00,1.00,0.15,0.86,0.15,0.15,0.31
539,1,35,8,25,8,44,8,28,8,0.64,0.29,0.23,0.17,0.17,0.29,35,35,35,35,0.80,0.80,3.73,5.28,0.94,27.18,0.89,1.00,6.00,1.73,0.21,0.85,0.11,0.18,0.29
728,1,42,8,25,8,58,9,31,9,0.53,0.29,0.19,0.33,0.67,0.58,42,36,36.90,37.00,0.72,0.72,3.90,5.51,0.92,22.18,0.81,1.00,6.00,1.73,0.19,0.71,0.19,0.06,0.26
600,1,49,10,31,10,72,12,36,12,0.50,0.33,0.20,0.50,1.50,0.87,49,31,37.20,33.70,0.68,0.62,4.08,5.77,0.91,20.64,0.86,0.83,4.17,1.44,0.14,0.87,0.36,0.03,0.39
743,1,34,5,22,5,52,6,28,6,0.54,0.21,0.15,0.00,0.00,0.00,34,33,33.00,33.00,0.65,0.66,3.33,4.71,0.89,15.96,0.79,1.00,4.00,1.41,0.14,0.62,0.21,0.14,0.36
841,1,34,5,20,5,52,5,25,5,0.48,0.20,0.15,0.00,0.00,0.00,34,32,32.90,32.30,0.65,0.64,3.33,4.71,0.89,15.96,0.80,0.80,3.20,1.26,0.16,0.69,0.28,0.00,0.28
792,1,31,8,19,8,47,10,24,10,0.51,0.42,0.26,0.00,0.00,0.00,31,31,31,31,0.66,0.66,3.20,4.52,0.89,15.47,0.79,1.00,2.00,1.00,0.08,0.67,0.25,0.04,0.29
515,1,38,3,22,3,64,5,34,5,0.53,0.15,0.08,0.00,0.00,0.00,38,32,31.80,30.20,0.59,0.64,3.36,4.75,0.87,14.41,0.65,0.75,2.25,1.06,0.09,0.57,0.18,0.06,0.24
603,1,24,5,16,5,31,5,18,5,0.58,0.28,0.21,0.00,0.00,0.00,24,24,24,24,0.77,0.77,3.05,4.31,0.93,20.01,0.89,1.00,2.00,1.00,0.11,0.80,0.33,0.00,0.33
618,1,63,9,44,9,92,10,53,10,0.58,0.19,0.14,0.14,0.14,0.27,63,35,38.20,34.50,0.68,0.70,4.64,6.57,0.92,23.45,0.83,0.86,5.14,1.60,0.11,0.79,0.28,0.09,0.38
568,1,26,5,15,5,28,5,16,5,0.57,0.31,0.19,0,0,0,26,26,26,26,0.93,0.93,3.47,4.91,0.98,65.07,0.94,0,0,0,0.00,0.91,0.25,0.06,0.31
586,1,41,6,28,6,67,10,38,10,0.57,0.26,0.15,0.00,0.00,0.00,41,31,32.50,31.10,0.61,0.62,3.54,5.01,0.88,15.63,0.74,0.86,5.14,1.60,0.16,0.59,0.13,0.11,0.24
554,1,24,6,14,6,30,6,16,6,0.53,0.38,0.25,0,0,0,24,24,24,24,0.80,0.80,3.10,4.38,0.93,22.51,0.88,0,0,0,0.00,0.82,0.25,0.06,0.31
713,1,30,7,18,7,51,9,26,9,0.51,0.35,0.23,0.33,0.33,0.41,30,29,29.50,29.00,0.59,0.58,2.97,4.20,0.87,12.65,0.69,1.00,3.00,1.22,0.12,0.65,0.23,0.00,0.23
613,1,63,11,44,11,117,14,64,14,0.55,0.22,0.17,0.25,0.75,0.61,63,32,36.00,33.70,0.54,0.67,4.12,5.82,0.87,15.91,0.69,0.83,8.33,2.04,0.16,0.66,0.16,0.06,0.22
911,1,41,7,24,7,73,12,38,12,0.52,0.32,0.17,0.00,0.00,0.00,41,32,31.10,31.10,0.56,0.64,3.39,4.80,0.87,13.86,0.63,0.67,1.33,0.82,0.05,0.52,0.21,0.08,0.29
872,1,66,14,44,14,106,18,56,18,0.53,0.32,0.21,0.12,0.12,0.25,66,36,39.60,36.10,0.62,0.74,4.53,6.41,0.90,19.93,0.79,0.88,6.12,1.75,0.12,0.77,0.16,0.09,0.25
808,1,45,6,29,5,76,8,37,7,0.49,0.19,0.13,0.00,0.00,0.00,45,32,33.00,33.30,0.59,0.64,3.65,5.16,0.88,15.54,0.78,0.71,3.57,1.34,0.14,0.67,0.22,0.11,0.32
875,1,50,7,33,7,84,10,45,10,0.54,0.22,0.14,0.00,0.00,0.00,50,33,34.10,33.90,0.60,0.66,3.86,5.46,0.88,16.43,0.73,1.00,6.00,1.73,0.13,0.62,0.22,0.09,0.31
829,1,23,6,16,6,34,8,20,8,0.59,0.40,0.26,0.50,0.50,0.50,23,23,23,23,0.68,0.68,2.79,3.94,0.89,13.82,0.80,1.00,2.00,1.00,0.10,0.82,0.30,0.00,0.30
827,1,46,7,28,6,65,10,36,9,0.55,0.25,0.15,0.25,0.50,0.50,46,36,37.60,37.20,0.71,0.72,4.03,5.71,0.92,21.89,0.78,0.88,6.12,1.75,0.19,0.64,0.19,0.17,0.36
725,1,41,9,26,9,60,10,31,10,0.52,0.32,0.22,0.25,0.25,0.35,41,33,35.40,34.20,0.68,0.66,3.74,5.29,0.91,19.12,0.84,1.00,4.00,1.41,0.13,0.71,0.19,0.13,0.32
575,1,30,5,21,5,45,5,25,5,0.56,0.20,0.17,0.50,0.50,0.50,30,30,30,30,0.67,0.67,3.16,4.47,0.89,15.52,0.84,1.00,2.00,1.00,0.08,0.67,0.28,0.16,0.44
507,1,40,10,28,10,57,10,32,10,0.56,0.31,0.25,0.17,0.17,0.29,40,36,36.10,35.40,0.70,0.72,3.75,5.30,0.91,20.04,0.88,1.00,6.00,1.73,0.19,0.75,0.25,0.06,0.31
714,1,37,7,23,7,47,7,27,7,0.57,0.26,0.19,0.33,0.33,0.41,37,37,37,37,0.79,0.79,3.82,5.40,0.94,26.91,0.85,1.00,3.00,1.22,0.11,0.73,0.41,0.04,0.44
614,1,45,6,28,6,80,9,43,9,0.54,0.21,0.13,0.33,1.00,0.71,45,31,33.40,33.40,0.56,0.62,3.56,5.03,0.87,14.49,0.65,0.56,2.78,1.18,0.12,0.59,0.21,0.12,0.33
606,1,2,1,2,1,2,1,2,1,1.00,0.50,0.50,0,0,0,2,2,2,2,1.00,1.00,1.00,1.41,1.00,NaN,1.00,0,0,0,0.00,1.00,0.00,0.00,0.00
869,1,16,4,13,4,18,4,14,4,0.78,0.29,0.25,0.00,0.00,0.00,16,16,16,16,0.89,0.89,2.67,3.77,0.96,30.80,0.93,1.00,1.00,0.71,0.07,0.91,0.07,0.07,0.14
769,1,15,3,10,3,19,3,12,3,0.63,0.25,0.20,0.00,0.00,0.00,15,15,15,15,0.79,0.79,2.43,3.44,0.92,15.93,0.83,1.00,2.00,1.00,0.17,0.67,0.25,0.08,0.33
680,1,31,6,19,6,47,7,24,7,0.51,0.29,0.19,0.00,0.00,0.00,31,31,31,31,0.66,0.66,3.20,4.52,0.89,15.47,0.79,1.00,2.00,1.00,0.08,0.69,0.29,0.08,0.38
512,1,50,9,32,9,69,10,38,10,0.55,0.26,0.18,0.25,0.25,0.35,50,37,38.60,37.60,0.72,0.74,4.26,6.02,0.92,24.17,0.84,1.00,4.00,1.41,0.11,0.76,0.24,0.11,0.34
716,1,32,7,21,6,48,7,25,6,0.52,0.24,0.22,0.00,0.00,0.00,32,32,32,32,0.67,0.67,3.27,4.62,0.90,16.05,0.84,1.00,1.00,0.71,0.04,0.71,0.28,0.12,0.40
777,1,29,12,18,12,39,12,20,12,0.51,0.60,0.41,0.67,1.33,0.82,29,29,29,29,0.74,0.74,3.28,4.64,0.92,19.67,0.90,1.00,3.00,1.22,0.15,0.82,0.30,0.00,0.30
837,1,36,9,25,9,56,13,34,13,0.61,0.38,0.25,0.00,0.00,0.00,36,34,32.50,34.30,0.64,0.68,3.40,4.81,0.89,15.93,0.74,1.00,3.00,1.22,0.09,0.58,0.24,0.09,0.32
835,1,22,3,14,3,28,3,16,3,0.57,0.19,0.14,0.33,0.33,0.41,22,22,22,22,0.79,0.79,2.94,4.16,0.93,20.00,0.88,1.00,3.00,1.22,0.19,0.75,0.12,0.19,0.31
696,1,35,6,21,6,58,10,31,10,0.53,0.32,0.17,0.00,0.00,0.00,35,30,31.30,30.40,0.60,0.60,3.25,4.60,0.88,14.18,0.68,1.00,3.00,1.22,0.10,0.57,0.13,0.10,0.23
548,1,31,5,17,5,54,8,25,8,0.46,0.32,0.16,0.25,0.25,0.35,31,29,29.80,28.70,0.57,0.58,2.98,4.22,0.86,12.45,0.68,0.75,2.25,1.06,0.12,0.56,0.12,0.08,0.20
624,1,38,8,25,8,64,11,32,11,0.50,0.34,0.21,0.33,0.33,0.41,38,32,31.50,30.90,0.59,0.64,3.36,4.75,0.87,14.41,0.78,1.00,3.00,1.22,0.09,0.68,0.19,0.03,0.22
915,1,22,5,16,5,29,5,18,5,0.62,0.28,0.23,0.00,0.00,0.00,22,22,22,22,0.76,0.76,2.89,4.09,0.92,17.83,0.89,1.00,2.00,1.00,0.11,0.80,0.22,0.11,0.33
559,1,33,7,23,7,54,10,30,10,0.56,0.33,0.21,0.00,0.00,0.00,33,32,30.70,32.00,0.61,0.64,3.18,4.49,0.88,14.03,0.77,0.67,1.33,0.82,0.07,0.62,0.30,0.07,0.37
663,1,19,4,13,4,31,4,16,4,0.52,0.25,0.21,0,0,0,19,19,19,19,0.61,0.61,2.41,3.41,0.86,10.46,0.81,0,0,0,0.00,0.67,0.31,0.12,0.44
506,1,48,12,33,12,74,13,38,13,0.51,0.34,0.25,0.50,1.50,0.87,48,35,34.90,33.20,0.65,0.70,3.95,5.58,0.90,18.59,0.87,1.00,6.00,1.73,0.16,0.76,0.16,0.13,0.29
789,1,44,14,29,14,69,19,38,19,0.55,0.50,0.32,0.40,0.80,0.63,44,34,35.70,34.80,0.64,0.68,3.75,5.30,0.89,17.31,0.76,1.00,5.00,1.58,0.13,0.62,0.24,0.05,0.29
621,1,25,6,16,6,38,10,23,10,0.61,0.43,0.24,0.00,0.00,0.00,25,25,25,25,0.66,0.66,2.87,4.06,0.88,13.72,0.70,1.00,2.00,1.00,0.09,0.53,0.17,0.09,0.26
572,1,44,6,28,6,72,13,44,13,0.61,0.30,0.14,0.11,0.11,0.24,44,31,35.80,30.40,0.61,0.62,3.67,5.19,0.88,16.13,0.64,0.78,5.44,1.65,0.16,0.45,0.16,0.16,0.32