subjectcode,sentences,wordtypes,swordtypes,lextypes,slextypes,wordtokens,swordtokens,lextokens,slextokens,ld,ls1,ls2,vs1,vs2,cvs1,ndw,ndwz,ndwerz,ndwesz,ttr,msttr,cttr,rttr,logttr,uber,lv,vv1,svv1,cvv1,vv2,nv,adjv,advv,modv
100,1,58,14,51,11,105,21,82,14,0.78,0.17,0.24,0.03,0.03,0.12,58,33,35.40,34.00,0.55,0.66,4.00,5.66,0.87,15.85,0.62,0.67,16.00,2.83,0.29,0.60,0.11,0.04,0.15
101,1,58,10,51,7,106,19,87,12,0.82,0.14,0.17,0.07,0.20,0.32,58,34,35.50,32.90,0.55,0.69,3.98,5.63,0.87,15.66,0.59,0.67,20.00,3.16,0.34,0.46,0.09,0.02,0.11
103,1,58,15,53,14,95,19,77,16,0.81,0.21,0.26,0.10,0.41,0.45,58,36,36.50,35.30,0.61,0.72,4.21,5.95,0.89,18.25,0.69,0.74,21.56,3.28,0.38,0.52,0.08,0.05,0.13
104,0,0,0,0,0,0,0,0,0,0,0,0,0,0,0,0,0,0,0,0,0,0,0,0,0,0,0,0,0,0,0,0,0,0
106,1,60,12,52,9,107,31,82,17,0.77,0.21,0.20,0.04,0.09,0.21,60,32,34.80,35.80,0.56,0.68,4.10,5.80,0.88,16.39,0.63,0.61,17.04,2.92,0.34,0.52,0.06,0.07,0.13
109,1,55,11,49,8,111,26,87,13,0.78,0.15,0.20,0.00,0.00,0.00,55,28,32.80,33.40,0.50,0.63,3.69,5.22,0.85,13.72,0.56,0.59,13.56,2.60,0.26,0.59,0.06,0.02,0.08
110,1,52,14,48,13,86,23,68,15,0.79,0.22,0.27,0.04,0.04,0.14,52,30,34.70,32.10,0.60,0.60,3.96,5.61,0.89,17.13,0.71,0.69,12.46,2.50,0.26,0.61,0.07,0.12,0.19
111,1,54,9,50,8,89,21,74,13,0.83,0.18,0.17,0.00,0.00,0.00,54,34,34.90,35.90,0.61,0.68,4.05,5.72,0.89,17.51,0.68,0.69,18.69,3.06,0.36,0.62,0.07,0.04,0.11
113,1,59,13,55,12,102,24,85,15,0.83,0.18,0.22,0.02,0.02,0.11,59,35,36.50,34.80,0.58,0.72,4.13,5.84,0.88,16.97,0.65,0.63,16.95,2.91,0.32,0.71,0.09,0.04,0.13
115,1,46,4,40,2,78,8,67,4,0.86,0.06,0.09,0.00,0.00,0.00,46,30,34.60,34.50,0.59,0.60,3.68,5.21,0.88,15.61,0.60,0.67,16.00,2.83,0.36,0.44,0.09,0.04,0.13
116,1,64,16,58,14,103,24,85,17,0.83,0.20,0.25,0.09,0.34,0.41,64,35,38.40,36.70,0.62,0.73,4.46,6.31,0.90,19.60,0.68,0.68,21.79,3.30,0.38,0.62,0.05,0.06,0.11
117,1,58,15,51,12,109,34,81,19,0.74,0.23,0.26,0.00,0.00,0.00,58,38,32.30,31.20,0.53,0.70,3.93,5.56,0.87,15.15,0.63,0.68,18.23,3.02,0.33,0.54,0.07,0.06,0.14
118,1,50,5,47,4,125,13,102,8,0.82,0.08,0.10,0.00,0.00,0.00,50,28,29.70,32.90,0.40,0.63,3.16,4.47,0.81,11.05,0.46,0.48,11.02,2.35,0.23,0.42,0.07,0.06,0.13
119,1,46,10,41,9,88,26,69,17,0.78,0.25,0.22,0.03,0.03,0.11,46,29,32.50,32.10,0.52,0.58,3.47,4.90,0.86,13.42,0.59,0.62,14.77,2.72,0.35,0.48,0.04,0.03,0.07
121,1,42,5,39,4,116,14,84,6,0.72,0.07,0.12,0.02,0.02,0.11,42,29,27.40,26.90,0.36,0.56,2.76,3.90,0.79,9.66,0.46,0.52,11.52,2.40,0.26,0.38,0.06,0.04,0.10
122,1,47,8,43,7,74,20,61,12,0.82,0.20,0.17,0.06,0.12,0.25,47,35,33.70,33.60,0.64,0.70,3.86,5.46,0.89,17.72,0.70,0.73,17.45,2.95,0.39,0.55,0.10,0.03,0.13
123,1,83,16,77,13,156,31,127,19,0.81,0.15,0.19,0.01,0.01,0.08,83,37,37.40,37.70,0.53,0.78,4.70,6.65,0.88,17.55,0.61,0.60,25.68,3.58,0.34,0.61,0.06,0.04,0.10
124,1,29,2,25,1,53,4,40,1,0.75,0.03,0.07,0.00,0.00,0.00,29,28,28.50,27.50,0.55,0.56,2.82,3.98,0.85,11.35,0.62,0.67,8.00,2.00,0.30,0.62,0.07,0.05,0.12
126,1,70,13,64,11,171,31,138,19,0.81,0.14,0.19,0.02,0.02,0.09,70,35,35.90,33.10,0.41,0.71,3.79,5.35,0.83,12.85,0.46,0.50,15.50,2.78,0.22,0.48,0.05,0.04,0.09
129,1,53,5,50,4,97,15,75,6,0.77,0.08,0.09,0.02,0.02,0.10,53,33,33.60,32.70,0.55,0.66,3.81,5.38,0.87,15.04,0.67,0.70,22.26,3.34,0.43,0.53,0.08,0.03,0.11
130,1,58,13,52,10,98,18,74,10,0.76,0.14,0.22,0.03,0.03,0.13,58,35,35.60,35.80,0.59,0.70,4.14,5.86,0.89,17.41,0.70,0.76,16.69,2.89,0.30,0.70,0.12,0.04,0.16
132,1,27,5,24,4,39,9,31,7,0.79,0.23,0.19,0.00,0.00,0.00,27,27,27,27,0.69,0.69,3.06,4.32,0.90,15.85,0.77,0.92,11.08,2.35,0.39,0.60,0.10,0.10,0.19
134,1,43,5,37,3,83,9,64,5,0.77,0.08,0.12,0.00,0.00,0.00,43,34,31.40,31.40,0.52,0.68,3.34,4.72,0.85,12.89,0.58,0.67,13.33,2.58,0.31,0.43,0.08,0.05,0.12
135,1,38,4,33,2,70,12,54,5,0.77,0.09,0.11,0.00,0.00,0.00,38,32,30.80,32.20,0.54,0.64,3.21,4.54,0.86,12.83,0.61,0.73,13.88,2.63,0.35,0.43,0.06,0.04,0.09
137,1,74,9,66,6,161,21,130,11,0.81,0.08,0.12,0.02,0.02,0.09,74,31,33.70,32.40,0.46,0.67,4.12,5.83,0.85,14.43,0.51,0.57,21.06,3.25,0.28,0.41,0.04,0.07,0.11
138,1,56,6,53,5,108,11,90,6,0.83,0.07,0.11,0.02,0.02,0.11,56,34,34.10,32.80,0.52,0.67,3.81,5.39,0.86,14.50,0.59,0.65,18.23,3.02,0.31,0.56,0.04,0.08,0.12
139,1,36,8,32,7,60,15,47,9,0.78,0.19,0.22,0.09,0.17,0.29,36,32,32.00,32.50,0.60,0.64,3.29,4.65,0.88,14.25,0.68,0.74,12.57,2.51,0.36,0.61,0.09,0.02,0.11
140,0,0,0,0,0,0,0,0,0,0,0,0,0,0,0,0,0,0,0,0,0,0,0,0,0,0,0,0,0,0,0,0,0,0
141,1,47,10,43,9,74,20,62,14,0.84,0.23,0.21,0.00,0.00,0.00,47,39,36.60,33.90,0.64,0.78,3.86,5.46,0.89,17.72,0.69,0.74,20.63,3.21,0.45,0.58,0.05,0.02,0.06
142,1,36,10,31,8,50,16,37,9,0.74,0.24,0.28,0.05,0.05,0.16,36,36,36.00,36.00,0.72,0.72,3.60,5.09,0.92,20.23,0.84,0.80,12.80,2.53,0.43,0.83,0.11,0.03,0.14
143,1,47,7,43,6,88,13,74,6,0.84,0.08,0.15,0.08,0.24,0.34,47,28,33.60,32.90,0.53,0.56,3.54,5.01,0.86,13.88,0.58,0.58,12.74,2.52,0.30,0.56,0.08,0.07,0.15
144,1,40,9,37,8,69,20,57,14,0.83,0.25,0.23,0.03,0.03,0.13,40,33,33.10,34.50,0.58,0.66,3.41,4.82,0.87,14.28,0.65,0.66,12.45,2.49,0.33,0.59,0.04,0.05,0.09
145,1,45,11,40,10,67,19,52,13,0.78,0.25,0.24,0.00,0.00,0.00,45,39,36.40,34.50,0.67,0.78,3.89,5.50,0.91,19.29,0.77,0.73,11.64,2.41,0.31,0.76,0.08,0.08,0.15
148,1,46,5,39,3,86,10,67,4,0.78,0.06,0.11,0.06,0.11,0.24,46,31,33.50,33.40,0.53,0.62,3.51,4.96,0.86,13.77,0.58,0.69,16.46,2.87,0.36,0.46,0.04,0.01,0.06
149,1,48,13,42,12,78,28,59,18,0.76,0.31,0.27,0.06,0.13,0.25,48,34,34.60,37.00,0.62,0.68,3.84,5.43,0.89,16.98,0.71,0.68,14.23,2.67,0.36,0.70,0.08,0.03,0.12
150,1,58,9,53,8,97,22,80,13,0.82,0.16,0.16,0.04,0.07,0.19,58,34,36.90,37.30,0.60,0.68,4.16,5.89,0.89,17.67,0.66,0.67,24.00,3.46,0.45,0.57,0.03,0.04,0.06
152,1,50,11,41,6,84,22,65,12,0.77,0.18,0.22,0.00,0.00,0.00,50,35,34.70,31.90,0.60,0.70,3.86,5.46,0.88,16.43,0.63,0.62,14.30,2.67,0.35,0.47,0.08,0.08,0.15
153,1,42,9,37,7,69,14,58,11,0.84,0.19,0.21,0.04,0.04,0.13,42,32,34.60,33.50,0.61,0.64,3.58,5.06,0.88,15.68,0.64,0.71,14.29,2.67,0.34,0.55,0.09,0.00,0.09
154,1,62,9,56,7,119,15,102,10,0.86,0.10,0.15,0.02,0.02,0.10,62,34,34.80,34.60,0.52,0.66,4.02,5.68,0.86,15.21,0.55,0.60,19.80,3.15,0.32,0.52,0.06,0.03,0.09
155,1,56,18,50,15,97,31,76,17,0.78,0.22,0.32,0.05,0.09,0.21,56,38,34.60,36.50,0.58,0.76,4.02,5.69,0.88,16.54,0.66,0.64,17.82,2.98,0.37,0.62,0.05,0.04,0.09
156,1,54,10,49,9,90,21,71,13,0.79,0.18,0.19,0.09,0.26,0.36,54,41,35.30,33.50,0.60,0.82,4.02,5.69,0.89,17.21,0.69,0.74,19.31,3.11,0.37,0.65,0.06,0.06,0.11
157,1,38,5,34,4,64,9,54,5,0.84,0.09,0.13,0.00,0.00,0.00,38,31,32.20,32.90,0.59,0.62,3.36,4.75,0.87,14.41,0.63,0.67,14.67,2.71,0.41,0.62,0.07,0.00,0.07
158,1,52,7,48,6,122,14,106,8,0.87,0.08,0.13,0.02,0.02,0.09,52,27,30.80,29.60,0.43,0.67,3.33,4.71,0.82,11.75,0.45,0.42,10.11,2.25,0.23,0.52,0.07,0.04,0.10
159,1,57,14,52,12,98,30,84,20,0.86,0.24,0.25,0.04,0.09,0.21,57,36,35.10,36.20,0.58,0.72,4.07,5.76,0.88,16.85,0.62,0.64,18.69,3.06,0.35,0.50,0.02,0.06,0.08
160,1,63,7,58,5,154,19,118,8,0.77,0.07,0.11,0.02,0.02,0.09,63,35,33.60,31.90,0.41,0.61,3.59,5.08,0.82,12.33,0.49,0.53,16.57,2.88,0.26,0.47,0.04,0.05,0.09
161,1,68,11,62,10,135,21,108,12,0.80,0.11,0.16,0.00,0.00,0.00,68,37,35.50,35.50,0.50,0.74,4.14,5.85,0.86,15.24,0.57,0.60,18.00,3.00,0.28,0.56,0.04,0.07,0.11
163,1,52,10,48,9,93,17,75,12,0.81,0.16,0.19,0.06,0.11,0.24,52,31,34.10,34.00,0.56,0.62,3.81,5.39,0.87,15.35,0.64,0.66,15.11,2.75,0.31,0.68,0.11,0.03,0.13
164,1,42,11,37,10,71,25,56,16,0.79,0.29,0.26,0.07,0.14,0.27,42,30,33.00,32.20,0.59,0.60,3.52,4.98,0.88,15.03,0.66,0.68,12.89,2.54,0.34,0.64,0.02,0.02,0.04
165,1,53,10,48,9,123,19,98,12,0.80,0.12,0.19,0.02,0.02,0.10,53,28,31.80,32.80,0.43,0.63,3.38,4.78,0.83,11.95,0.49,0.51,12.26,2.48,0.24,0.50,0.05,0.03,0.08
166,1,66,10,60,8,169,26,130,15,0.77,0.12,0.15,0.00,0.00,0.00,66,28,33.10,30.20,0.39,0.60,3.59,5.08,0.82,12.16,0.46,0.46,13.35,2.58,0.22,0.46,0.07,0.04,0.11
167,1,40,12,33,9,55,18,43,12,0.78,0.28,0.30,0.04,0.04,0.14,40,38,37.80,37.00,0.73,0.76,3.81,5.39,0.92,21.90,0.77,0.79,15.04,2.74,0.44,0.64,0.12,0.05,0.16
169,1,34,0,32,0,52,0,46,0,0.88,0.00,0.00,0.00,0.00,0.00,34,32,33.20,32.40,0.65,0.64,3.33,4.71,0.89,15.96,0.70,0.64,10.24,2.26,0.35,0.64,0.09,0.07,0.15
170,1,54,10,49,9,119,21,93,14,0.78,0.15,0.19,0.03,0.03,0.11,54,24,30.90,31.40,0.45,0.62,3.50,4.95,0.83,12.55,0.53,0.58,12.74,2.52,0.24,0.48,0.10,0.04,0.14
171,1,64,8,59,7,114,16,91,8,0.80,0.09,0.12,0.00,0.00,0.00,64,34,37.10,35.10,0.56,0.69,4.24,5.99,0.88,16.87,0.65,0.69,20.02,3.16,0.32,0.52,0.12,0.04,0.16
172,1,43,5,39,4,81,9,64,5,0.79,0.08,0.12,0.03,0.03,0.13,43,29,33.70,30.20,0.53,0.58,3.38,4.78,0.86,13.24,0.61,0.63,12.03,2.45,0.30,0.60,0.08,0.05,0.12
173,1,47,8,40,6,78,11,61,6,0.78,0.10,0.17,0.03,0.03,0.12,47,32,35.30,33.70,0.60,0.64,3.76,5.32,0.88,16.27,0.66,0.63,13.83,2.63,0.36,0.71,0.08,0.02,0.10
174,1,74,13,68,10,158,24,128,16,0.81,0.12,0.18,0.01,0.01,0.09,74,39,36.40,32.30,0.47,0.69,4.16,5.89,0.85,14.67,0.53,0.51,18.01,3.00,0.27,0.56,0.07,0.05,0.12
175,1,53,11,48,8,73,21,59,13,0.81,0.22,0.21,0.03,0.03,0.12,53,37,38.20,38.50,0.73,0.74,4.39,6.20,0.93,24.97,0.81,0.78,19.53,3.12,0.42,0.80,0.12,0.07,0.19
176,1,46,9,40,7,84,17,66,11,0.79,0.17,0.20,0.00,0.00,0.00,46,28,33.20,30.30,0.55,0.56,3.55,5.02,0.86,14.16,0.61,0.63,13.83,2.63,0.33,0.52,0.08,0.00,0.08
177,1,40,8,35,6,61,12,47,8,0.77,0.17,0.20,0.09,0.17,0.29,40,39,35.00,36.00,0.66,0.78,3.62,5.12,0.90,17.39,0.74,0.78,14.09,2.65,0.38,0.69,0.11,0.06,0.17
178,1,50,8,46,7,94,14,76,10,0.81,0.13,0.16,0.03,0.03,0.12,50,29,33.50,34.40,0.53,0.58,3.65,5.16,0.86,14.20,0.61,0.66,15.11,2.75,0.30,0.58,0.07,0.04,0.11
179,1,55,10,51,8,90,21,70,11,0.78,0.16,0.18,0.03,0.03,0.12,55,36,36.90,36.10,0.61,0.72,4.10,5.80,0.89,17.86,0.73,0.78,22.73,3.37,0.41,0.57,0.11,0.03,0.14
181,1,33,6,28,4,59,13,46,7,0.78,0.15,0.18,0.05,0.05,0.16,33,27,30.10,29.60,0.56,0.54,3.04,4.30,0.86,12.43,0.61,0.70,9.80,2.21,0.30,0.47,0.09,0.04,0.13
182,1,37,16,33,13,67,27,51,18,0.76,0.35,0.43,0.12,0.35,0.42,37,30,31.40,30.60,0.55,0.60,3.20,4.52,0.86,12.93,0.65,0.62,9.85,2.22,0.31,0.58,0.04,0.08,0.12
183,1,40,8,35,7,70,18,54,11,0.77,0.20,0.20,0.06,0.12,0.25,40,31,32.50,33.30,0.57,0.62,3.38,4.78,0.87,14.01,0.65,0.66,13.78,2.62,0.39,0.53,0.04,0.06,0.09
185,1,76,16,63,8,128,29,95,11,0.74,0.12,0.21,0.00,0.00,0.00,76,37,40.40,38.30,0.59,0.74,4.75,6.72,0.89,19.61,0.66,0.72,22.35,3.34,0.33,0.61,0.06,0.09,0.16
186,1,37,6,33,5,60,19,46,14,0.77,0.30,0.16,0.09,0.17,0.29,37,34,32.80,31.60,0.62,0.68,3.38,4.78,0.88,15.06,0.72,0.83,15.70,2.80,0.41,0.58,0.07,0.09,0.15
187,1,63,16,56,13,132,31,102,18,0.77,0.18,0.25,0.04,0.08,0.20,63,35,32.90,31.50,0.48,0.68,3.88,5.48,0.85,14.00,0.55,0.50,12.50,2.50,0.25,0.64,0.09,0.04,0.13
188,1,65,23,60,20,114,45,90,31,0.79,0.34,0.35,0.08,0.33,0.40,65,32,36.10,35.20,0.57,0.72,4.30,6.09,0.88,17.34,0.67,0.61,18.37,3.03,0.33,0.62,0.11,0.06,0.17
189,1,61,10,55,7,132,18,113,10,0.86,0.09,0.16,0.02,0.02,0.09,61,33,34.30,30.50,0.46,0.61,3.75,5.31,0.84,13.41,0.49,0.54,17.85,2.99,0.29,0.39,0.05,0.03,0.08
191,1,61,7,56,6,130,18,102,11,0.78,0.11,0.11,0.04,0.07,0.19,61,25,32.70,36.30,0.47,0.62,3.78,5.35,0.84,13.60,0.55,0.61,20.17,3.18,0.32,0.42,0.06,0.04,0.10
193,1,35,7,31,6,55,10,46,8,0.84,0.17,0.20,0.07,0.07,0.18,35,33,32.80,32.90,0.64,0.66,3.34,4.72,0.89,15.43,0.67,0.73,8.07,2.01,0.24,0.60,0.20,0.04,0.24
194,1,54,10,48,7,109,17,82,7,0.75,0.09,0.19,0.00,0.00,0.00,54,32,31.80,27.40,0.50,0.59,3.66,5.17,0.85,13.61,0.59,0.63,13.83,2.63,0.27,0.59,0.06,0.06,0.12
195,1,60,5,57,3,108,9,92,3,0.85,0.03,0.08,0.00,0.00,0.00,60,32,35.50,32.20,0.56,0.68,4.08,5.77,0.87,16.20,0.62,0.57,18.29,3.02,0.35,0.67,0.08,0.07,0.14
196,1,61,15,59,14,105,28,88,17,0.84,0.19,0.25,0.04,0.08,0.20,61,31,35.10,34.60,0.58,0.67,4.21,5.95,0.88,17.32,0.67,0.60,18.48,3.04,0.35,0.74,0.07,0.03,0.10
197,1,65,21,58,18,124,43,93,29,0.75,0.31,0.32,0.08,0.31,0.39,65,35,37.50,35.30,0.52,0.72,4.13,5.84,0.87,15.62,0.62,0.63,20.94,3.24,0.35,0.55,0.08,0.03,0.11
198,1,53,7,46,5,82,11,64,7,0.78,0.11,0.13,0.03,0.03,0.12,53,35,37.50,37.70,0.65,0.70,4.14,5.85,0.90,19.32,0.72,0.76,18.94,3.08,0.39,0.62,0.11,0.06,0.17
199,1,56,11,50,10,105,34,74,17,0.70,0.23,0.20,0.08,0.24,0.35,56,37,33.50,30.70,0.53,0.65,3.86,5.47,0.86,14.96,0.68,0.68,16.89,2.91,0.34,0.62,0.04,0.08,0.12
200,1,56,10,52,9,102,23,86,14,0.84,0.16,0.18,0.09,0.37,0.43,56,32,34.90,35.40,0.55,0.68,3.92,5.54,0.87,15.49,0.60,0.74,23.81,3.45,0.37,0.48,0.06,0.07,0.13
202,1,70,12,65,11,119,26,90,12,0.76,0.13,0.17,0.03,0.03,0.11,70,36,36.70,33.70,0.59,0.72,4.54,6.42,0.89,18.69,0.72,0.80,25.60,3.58,0.36,0.65,0.09,0.06,0.14
203,0,0,0,0,0,0,0,0,0,0,0,0,0,0,0,0,0,0,0,0,0,0,0,0,0,0,0,0,0,0,0,0,0,0
204,1,29,1,24,0,51,2,37,0,0.73,0.00,0.03,0.00,0.00,0.00,29,29,28.60,29.00,0.57,0.58,2.87,4.06,0.86,11.89,0.65,0.67,8.00,2.00,0.32,0.60,0.08,0.00,0.08
205,1,39,11,35,10,56,12,44,10,0.79,0.23,0.28,0.04,0.04,0.14,39,36,35.70,35.90,0.70,0.72,3.69,5.21,0.91,19.45,0.80,0.68,11.56,2.40,0.39,0.91,0.11,0.07,0.18
206,1,67,9,63,8,135,18,108,9,0.80,0.08,0.13,0.04,0.07,0.19,67,30,34.60,35.10,0.50,0.65,4.08,5.77,0.86,14.92,0.58,0.57,18.29,3.02,0.30,0.59,0.06,0.08,0.14
207,1,57,14,55,13,95,26,77,17,0.81,0.22,0.25,0.02,0.02,0.10,57,32,36.00,36.60,0.60,0.64,4.14,5.85,0.89,17.63,0.71,0.70,23.17,3.40,0.43,0.67,0.05,0.05,0.10
208,1,41,11,34,7,64,19,46,10,0.72,0.22,0.27,0.04,0.04,0.15,41,33,33.30,31.50,0.64,0.66,3.62,5.12,0.89,16.87,0.74,0.78,14.09,2.65,0.39,0.59,0.11,0.02,0.13
209,1,56,13,51,10,117,30,97,18,0.83,0.19,0.23,0.02,0.02,0.10,56,29,31.60,33.30,0.48,0.68,3.66,5.18,0.85,13.37,0.53,0.57,16.00,2.83,0.29,0.41,0.08,0.03,0.11
210,1,46,7,42,6,77,11,67,7,0.87,0.10,0.15,0.06,0.12,0.24,46,38,34.80,36.00,0.60,0.76,3.71,5.24,0.88,15.91,0.63,0.68,15.56,2.79,0.34,0.60,0.07,0.04,0.12
211,1,57,14,51,10,122,35,98,21,0.80,0.21,0.25,0.02,0.02,0.11,57,34,32.90,31.60,0.47,0.62,3.65,5.16,0.84,13.17,0.52,0.56,13.40,2.59,0.24,0.38,0.11,0.03,0.14
213,1,46,9,44,8,94,26,76,15,0.81,0.20,0.20,0.03,0.03,0.11,46,36,30.80,30.90,0.49,0.72,3.35,4.74,0.84,12.54,0.58,0.63,15.16,2.75,0.32,0.46,0.07,0.04,0.11
214,1,56,14,49,11,106,28,77,16,0.73,0.21,0.25,0.07,0.21,0.33,56,35,33.20,32.20,0.53,0.65,3.85,5.44,0.86,14.80,0.64,0.71,21.43,3.27,0.39,0.44,0.06,0.04,0.10
215,1,46,13,41,12,98,35,78,30,0.80,0.38,0.28,0.17,1.23,0.78,46,30,31.60,31.60,0.47,0.60,3.29,4.65,0.84,12.07,0.53,0.65,16.90,2.91,0.33,0.27,0.09,0.03,0.12
218,1,53,6,47,5,105,14,70,6,0.67,0.09,0.11,0.03,0.03,0.13,53,28,32.30,32.40,0.50,0.65,3.66,5.17,0.85,13.76,0.67,0.80,19.20,3.10,0.34,0.54,0.06,0.07,0.13
220,1,49,6,42,4,90,16,70,7,0.78,0.10,0.12,0.03,0.03,0.13,49,35,33.40,32.10,0.54,0.70,3.65,5.17,0.86,14.46,0.60,0.68,14.23,2.67,0.30,0.55,0.07,0.06,0.13
221,1,66,10,58,7,131,19,104,11,0.79,0.11,0.15,0.00,0.00,0.00,66,29,36.00,32.80,0.50,0.59,4.08,5.77,0.86,15.06,0.56,0.56,15.68,2.80,0.27,0.56,0.07,0.04,0.11
222,1,61,9,58,8,111,31,87,16,0.78,0.18,0.15,0.02,0.02,0.10,61,33,34.40,34.90,0.55,0.68,4.09,5.79,0.87,16.09,0.67,0.72,24.60,3.51,0.39,0.47,0.08,0.03,0.11
224,1,42,11,38,10,63,19,53,15,0.84,0.28,0.26,0.00,0.00,0.00,42,34,36.10,35.70,0.67,0.68,3.74,5.29,0.90,18.39,0.72,0.77,13.14,2.56,0.32,0.60,0.13,0.13,0.26
226,1,43,6,38,5,70,8,59,6,0.84,0.10,0.14,0.03,0.03,0.13,43,28,33.90,33.60,0.61,0.56,3.63,5.14,0.89,16.09,0.64,0.67,13.33,2.58,0.34,0.56,0.12,0.03,0.15
227,1,55,13,49,11,82,19,68,14,0.83,0.21,0.24,0.03,0.03,0.13,55,36,40.00,38.00,0.67,0.72,4.29,6.07,0.91,21.12,0.72,0.68,14.23,2.67,0.31,0.68,0.12,0.07,0.19
228,1,65,9,59,8,143,23,113,12,0.79,0.11,0.14,0.02,0.02,0.09,65,31,33.90,37.10,0.45,0.66,3.84,5.44,0.84,13.57,0.52,0.58,19.11,3.09,0.29,0.49,0.05,0.02,0.07
230,1,80,20,75,18,136,42,114,27,0.84,0.24,0.25,0.06,0.25,0.36,80,38,38.10,37.60,0.59,0.73,4.85,6.86,0.89,19.75,0.66,0.65,26.68,3.65,0.36,0.55,0.07,0.07,0.14
232,1,34,12,31,10,49,15,43,13,0.88,0.30,0.35,0.20,1.00,0.71,34,34,34,34,0.69,0.69,3.43,4.86,0.91,18.00,0.72,0.76,14.44,2.69,0.44,0.70,0.14,0.00,0.14
233,1,49,5,44,4,70,7,61,5,0.87,0.08,0.10,0.00,0.00,0.00,49,35,38.80,36.70,0.70,0.70,4.14,5.86,0.92,21.98,0.72,0.66,15.11,2.75,0.38,0.73,0.00,0.16,0.16
234,1,46,2,42,1,89,7,69,1,0.78,0.01,0.04,0.03,0.03,0.12,46,28,32.40,35.00,0.52,0.56,3.45,4.88,0.85,13.26,0.61,0.69,17.36,2.95,0.36,0.50,0.07,0.04,0.12
235,1,51,13,47,12,79,22,63,17,0.80,0.27,0.25,0.08,0.25,0.35,51,37,37.10,38.10,0.65,0.74,4.06,5.74,0.90,18.95,0.75,0.78,21.78,3.30,0.44,0.61,0.08,0.06,0.14
237,1,57,12,51,11,92,17,77,13,0.84,0.17,0.21,0.05,0.10,0.22,57,36,37.10,35.50,0.62,0.72,4.20,5.94,0.89,18.55,0.66,0.68,19.12,3.09,0.36,0.54,0.05,0.06,0.12
240,1,48,6,42,5,71,13,54,6,0.76,0.11,0.12,0.04,0.04,0.13,48,35,38.00,35.10,0.68,0.70,4.03,5.70,0.91,20.16,0.78,0.82,18.89,3.07,0.43,0.70,0.06,0.04,0.09
241,1,61,9,56,8,120,19,93,11,0.78,0.12,0.15,0.03,0.03,0.11,61,34,32.60,30.20,0.51,0.69,3.94,5.57,0.86,14.71,0.60,0.67,17.33,2.94,0.28,0.63,0.10,0.04,0.14
242,1,35,9,33,9,47,9,40,9,0.85,0.23,0.26,0.05,0.05,0.16,35,35,35,35,0.74,0.74,3.61,5.11,0.92,21.84,0.82,0.85,14.45,2.69,0.42,0.71,0.10,0.05,0.15
243,1,45,17,37,12,87,40,62,22,0.71,0.35,0.38,0.00,0.00,0.00,45,33,32.50,31.80,0.52,0.66,3.41,4.82,0.85,13.14,0.60,0.67,9.33,2.16,0.23,0.54,0.13,0.02,0.15
244,1,44,11,36,7,64,15,51,9,0.80,0.18,0.25,0.10,0.30,0.39,44,37,37.10,36.20,0.69,0.74,3.89,5.50,0.91,20.05,0.71,0.67,13.33,2.58,0.39,0.79,0.08,0.02,0.10
245,1,55,7,49,5,113,21,85,10,0.75,0.12,0.13,0.00,0.00,0.00,55,29,32.70,31.90,0.49,0.64,3.66,5.17,0.85,13.48,0.58,0.68,17.79,2.98,0.31,0.54,0.09,0.02,0.12
246,1,48,6,43,5,85,10,71,7,0.84,0.10,0.12,0.00,0.00,0.00,48,31,34.40,32.20,0.56,0.62,3.68,5.21,0.87,15.00,0.61,0.62,14.77,2.72,0.34,0.47,0.07,0.07,0.14
247,1,58,10,55,9,94,17,83,12,0.88,0.14,0.17,0.04,0.09,0.21,58,38,38.10,35.80,0.62,0.76,4.23,5.98,0.89,18.57,0.66,0.71,22.76,3.37,0.39,0.61,0.07,0.06,0.13
248,1,58,12,54,11,129,22,101,14,0.78,0.14,0.21,0.02,0.02,0.10,58,30,32.00,32.00,0.45,0.61,3.61,5.11,0.84,12.83,0.53,0.56,16.17,2.84,0.29,0.57,0.06,0.04,0.10
249,1,61,23,55,21,103,34,85,26,0.83,0.31,0.38,0.14,1.00,0.71,61,37,37.90,35.20,0.59,0.74,4.25,6.01,0.89,17.81,0.65,0.59,17.16,2.93,0.34,0.61,0.09,0.05,0.14
251,1,54,7,49,6,103,17,83,10,0.81,0.12,0.13,0.00,0.00,0.00,54,29,33.20,33.70,0.52,0.62,3.76,5.32,0.86,14.45,0.59,0.62,14.77,2.72,0.29,0.57,0.10,0.05,0.14
252,1,59,13,50,11,100,27,77,17,0.77,0.22,0.22,0.02,0.02,0.10,59,34,36.90,37.40,0.59,0.68,4.17,5.90,0.89,17.46,0.65,0.62,17.89,2.99,0.38,0.67,0.05,0.01,0.06
253,1,48,10,45,9,70,16,62,11,0.89,0.18,0.21,0.07,0.22,0.33,48,36,36.40,37.00,0.69,0.72,4.06,5.74,0.91,20.78,0.73,0.73,21.95,3.31,0.48,0.69,0.05,0.02,0.06
254,1,49,4,44,3,111,9,87,4,0.78,0.05,0.08,0.00,0.00,0.00,49,32,30.70,31.50,0.44,0.66,3.29,4.65,0.83,11.78,0.51,0.43,8.70,2.09,0.23,0.45,0.08,0.08,0.16
255,1,60,17,53,15,92,29,70,19,0.76,0.27,0.28,0.11,0.44,0.47,60,38,36.80,38.00,0.65,0.76,4.42,6.26,0.91,20.77,0.76,0.75,20.25,3.18,0.39,0.68,0.13,0.03,0.16
256,1,44,6,39,4,104,15,76,7,0.73,0.09,0.14,0.03,0.03,0.13,44,30,28.80,28.30,0.42,0.58,3.05,4.31,0.81,10.89,0.51,0.58,10.45,2.29,0.24,0.41,0.08,0.05,0.13
257,1,42,3,38,2,82,9,65,3,0.79,0.05,0.07,0.00,0.00,0.00,42,31,31.30,29.60,0.51,0.62,3.28,4.64,0.85,12.61,0.58,0.67,14.67,2.71,0.34,0.50,0.05,0.05,0.09
258,1,41,11,38,10,61,21,50,14,0.82,0.28,0.27,0.07,0.13,0.26,41,35,35.30,34.00,0.67,0.70,3.71,5.25,0.90,18.47,0.76,0.77,17.63,2.97,0.46,0.75,0.08,0.04,0.12
260,1,72,16,64,11,114,25,96,17,0.84,0.18,0.22,0.08,0.42,0.46,72,33,40.20,40.80,0.63,0.75,4.77,6.74,0.90,21.20,0.67,0.68,27.12,3.68,0.42,0.57,0.04,0.08,0.12
261,1,45,6,41,5,95,12,74,7,0.78,0.09,0.13,0.06,0.11,0.24,45,29,31.30,33.40,0.47,0.58,3.26,4.62,0.84,12.05,0.55,0.66,15.11,2.75,0.31,0.32,0.08,0.05,0.14
263,1,59,9,54,8,115,14,98,9,0.85,0.09,0.15,0.04,0.07,0.19,59,34,35.20,33.50,0.51,0.67,3.89,5.50,0.86,14.65,0.55,0.51,14.75,2.72,0.30,0.48,0.07,0.05,0.12
264,1,62,15,55,14,111,31,88,24,0.79,0.27,0.24,0.02,0.02,0.11,62,35,35.40,35.80,0.56,0.70,4.16,5.88,0.88,16.54,0.62,0.62,16.10,2.84,0.30,0.54,0.06,0.06,0.11
265,1,59,7,54,6,116,12,95,6,0.82,0.06,0.12,0.04,0.08,0.20,59,35,34.80,35.70,0.51,0.73,3.87,5.48,0.86,14.52,0.57,0.57,16.00,2.83,0.29,0.44,0.08,0.07,0.16
266,1,56,10,53,9,133,17,105,10,0.79,0.10,0.18,0.02,0.02,0.10,56,29,31.90,33.50,0.42,0.60,3.43,4.86,0.82,12.01,0.50,0.52,13.52,2.60,0.25,0.47,0.08,0.04,0.11
268,1,48,7,43,6,86,12,72,8,0.84,0.11,0.15,0.08,0.23,0.34,48,37,33.10,34.00,0.56,0.74,3.66,5.18,0.87,14.78,0.60,0.64,16.03,2.83,0.35,0.59,0.07,0.01,0.08
269,1,74,18,68,15,129,39,104,26,0.81,0.25,0.24,0.02,0.02,0.10,74,38,37.10,36.00,0.57,0.75,4.61,6.52,0.89,18.46,0.65,0.66,21.78,3.30,0.32,0.66,0.09,0.05,0.13
271,1,43,13,35,10,85,21,59,15,0.69,0.25,0.30,0.04,0.04,0.14,43,30,31.70,31.30,0.51,0.60,3.30,4.66,0.85,12.58,0.59,0.68,11.56,2.40,0.29,0.42,0.12,0.05,0.17
272,1,41,8,35,7,56,11,42,9,0.75,0.21,0.20,0.14,0.41,0.45,41,37,37.60,37.80,0.73,0.74,3.87,5.48,0.92,22.57,0.83,0.86,16.41,2.86,0.45,0.67,0.14,0.05,0.19
273,1,61,9,59,8,98,18,84,12,0.86,0.14,0.15,0.00,0.00,0.00,61,37,38.00,35.70,0.62,0.74,4.36,6.16,0.90,19.26,0.70,0.64,18.69,3.06,0.35,0.65,0.08,0.12,0.20
274,1,45,13,37,10,72,23,54,14,0.75,0.26,0.29,0.07,0.14,0.26,45,34,35.90,35.10,0.62,0.68,3.75,5.30,0.89,16.90,0.69,0.66,12.45,2.49,0.35,0.65,0.06,0.04,0.09
275,1,60,11,56,10,111,18,94,12,0.85,0.13,0.18,0.08,0.33,0.40,60,35,35.60,37.20,0.54,0.72,4.03,5.69,0.87,15.66,0.60,0.59,17.16,2.93,0.31,0.56,0.06,0.05,0.12
276,1,59,15,53,12,87,22,71,14,0.82,0.20,0.25,0.06,0.12,0.25,59,35,38.40,39.10,0.68,0.70,4.47,6.33,0.91,22.30,0.75,0.79,20.48,3.20,0.37,0.72,0.10,0.03,0.13
277,1,57,11,54,10,100,30,85,20,0.85,0.24,0.19,0.00,0.00,0.00,57,36,36.30,32.20,0.57,0.71,4.03,5.70,0.88,16.39,0.64,0.67,20.89,3.23,0.36,0.58,0.06,0.06,0.12
278,1,56,11,52,9,119,25,90,12,0.76,0.13,0.20,0.06,0.11,0.24,56,26,30.30,28.90,0.47,0.55,3.63,5.13,0.84,13.16,0.58,0.61,13.44,2.59,0.24,0.60,0.11,0.06,0.17
279,1,56,14,51,12,108,31,89,22,0.82,0.25,0.25,0.07,0.20,0.31,56,33,33.20,36.30,0.52,0.66,3.81,5.39,0.86,14.50,0.57,0.59,15.85,2.81,0.30,0.52,0.07,0.07,0.13
280,1,44,4,39,3,66,4,57,3,0.86,0.05,0.09,0.00,0.00,0.00,44,33,36.00,37.60,0.67,0.66,3.83,5.42,0.90,18.80,0.68,0.67,14.67,2.71,0.39,0.69,0.09,0.02,0.11
281,1,43,11,39,9,72,16,61,13,0.85,0.21,0.26,0.03,0.03,0.12,43,33,32.60,33.60,0.60,0.66,3.58,5.07,0.88,15.41,0.64,0.62,12.50,2.50,0.33,0.50,0.11,0.05,0.16
282,1,41,8,34,6,69,17,53,10,0.77,0.19,0.20,0.03,0.03,0.13,41,33,32.80,32.60,0.59,0.66,3.49,4.94,0.88,14.96,0.64,0.69,13.79,2.63,0.38,0.55,0.02,0.02,0.04
284,1,53,10,48,9,134,28,110,21,0.82,0.19,0.19,0.06,0.18,0.30,53,31,31.80,32.50,0.40,0.64,3.24,4.58,0.81,11.23,0.44,0.45,10.37,2.28,0.21,0.32,0.10,0.02,0.12
285,1,39,5,32,2,71,12,54,4,0.76,0.07,0.13,0.04,0.04,0.14,39,30,31.70,30.70,0.55,0.60,3.27,4.63,0.86,13.17,0.59,0.68,11.56,2.40,0.31,0.40,0.07,0.06,0.13
287,1,47,12,43,11,72,18,62,13,0.86,0.21,0.26,0.12,0.47,0.49,47,35,36.40,37.80,0.65,0.70,3.92,5.54,0.90,18.62,0.69,0.74,18.38,3.03,0.40,0.61,0.06,0.00,0.06
289,1,62,8,56,7,99,17,78,9,0.79,0.12,0.13,0.00,0.00,0.00,62,40,39.60,36.80,0.63,0.80,4.41,6.23,0.90,19.60,0.72,0.75,22.50,3.35,0.38,0.64,0.08,0.05,0.13
290,1,59,14,51,10,114,31,83,14,0.73,0.17,0.24,0.02,0.02,0.10,59,29,34.00,31.50,0.52,0.58,3.91,5.53,0.86,14.79,0.61,0.64,19.15,3.09,0.36,0.54,0.05,0.04,0.08
291,1,50,5,45,4,98,10,80,5,0.82,0.06,0.10,0.02,0.02,0.11,50,32,33.20,35.20,0.51,0.64,3.57,5.05,0.85,13.57,0.56,0.62,16.10,2.84,0.33,0.52,0.06,0.03,0.09
292,1,53,11,49,10,116,20,94,13,0.81,0.14,0.21,0.02,0.02,0.11,53,30,33.70,30.80,0.46,0.63,3.48,4.92,0.84,12.53,0.52,0.53,12.30,2.48,0.24,0.48,0.06,0.05,0.12
293,1,57,13,52,12,109,31,91,20,0.83,0.22,0.23,0.05,0.16,0.29,57,36,34.90,36.00,0.52,0.73,3.86,5.46,0.86,14.74,0.57,0.58,18.62,3.05,0.35,0.47,0.02,0.04,0.07
294,1,38,10,32,9,59,17,47,13,0.80,0.28,0.26,0.06,0.06,0.17,38,37,33.70,35.40,0.64,0.74,3.50,4.95,0.89,16.41,0.68,0.83,12.50,2.50,0.32,0.50,0.13,0.04,0.17
295,1,65,18,58,15,113,32,89,19,0.79,0.21,0.28,0.05,0.16,0.28,65,36,37.20,37.50,0.58,0.74,4.32,6.11,0.88,17.55,0.65,0.62,21.88,3.31,0.39,0.58,0.06,0.04,0.10
297,1,45,10,40,10,93,24,70,23,0.75,0.33,0.22,0.04,0.04,0.13,45,26,31.70,28.90,0.48,0.52,3.30,4.67,0.84,12.29,0.57,0.64,11.57,2.41,0.26,0.45,0.06,0.06,0.11
298,1,54,7,48,6,105,14,84,10,0.80,0.12,0.13,0.00,0.00,0.00,54,29,34.60,32.60,0.51,0.62,3.73,5.27,0.86,14.15,0.57,0.58,14.53,2.70,0.30,0.56,0.07,0.04,0.11
299,1,75,15,67,12,153,28,126,19,0.82,0.15,0.20,0.03,0.06,0.18,75,36,36.10,34.10,0.49,0.72,4.29,6.06,0.86,15.41,0.53,0.57,20.57,3.21,0.29,0.50,0.06,0.05,0.10
300,1,58,11,54,10,112,26,92,18,0.82,0.20,0.19,0.06,0.17,0.29,58,28,33.50,31.50,0.52,0.62,3.88,5.48,0.86,14.69,0.59,0.62,19.69,3.14,0.35,0.47,0.03,0.07,0.10
301,1,72,16,64,12,142,29,111,18,0.78,0.16,0.22,0.00,0.00,0.00,72,32,36.70,33.40,0.51,0.66,4.27,6.04,0.86,15.71,0.58,0.62,19.69,3.14,0.29,0.58,0.07,0.05,0.12
302,1,42,10,38,9,70,21,56,14,0.80,0.25,0.24,0.00,0.00,0.00,42,36,33.00,32.30,0.60,0.72,3.55,5.02,0.88,15.35,0.68,0.67,12.00,2.45,0.32,0.63,0.09,0.05,0.14
303,1,40,5,37,4,74,9,62,7,0.84,0.11,0.12,0.03,0.03,0.12,40,33,31.40,31.80,0.54,0.66,3.29,4.65,0.86,13.08,0.60,0.62,12.50,2.50,0.32,0.55,0.05,0.06,0.11
305,1,67,11,62,9,110,13,93,9,0.85,0.10,0.16,0.04,0.09,0.21,67,38,37.60,36.90,0.61,0.73,4.52,6.39,0.89,19.35,0.67,0.65,19.57,3.13,0.32,0.65,0.08,0.09,0.16
306,1,67,13,60,9,128,24,110,16,0.86,0.15,0.19,0.03,0.07,0.19,67,33,37.10,35.10,0.52,0.72,4.19,5.92,0.87,15.79,0.55,0.60,21.12,3.25,0.32,0.46,0.07,0.04,0.11
308,1,44,8,39,7,67,12,57,10,0.85,0.18,0.18,0.05,0.11,0.23,44,35,36.60,34.10,0.66,0.70,3.80,5.38,0.90,18.26,0.68,0.68,16.89,2.91,0.44,0.57,0.02,0.09,0.11
309,1,32,9,26,6,51,16,37,9,0.73,0.24,0.28,0.15,0.45,0.47,32,32,31.60,32.00,0.63,0.64,3.17,4.48,0.88,14.40,0.70,0.75,11.25,2.37,0.41,0.67,0.03,0.08,0.11
310,1,47,12,43,11,108,32,83,15,0.77,0.18,0.26,0.07,0.21,0.32,47,30,29.10,27.10,0.44,0.53,3.20,4.52,0.82,11.44,0.52,0.51,11.26,2.37,0.27,0.41,0.04,0.07,0.11
312,1,77,14,69,11,128,20,104,14,0.81,0.13,0.18,0.06,0.17,0.29,77,39,40.20,39.10,0.60,0.78,4.81,6.81,0.90,20.12,0.66,0.71,26.33,3.63,0.36,0.54,0.07,0.07,0.13
314,1,65,9,60,7,155,21,129,15,0.83,0.12,0.14,0.00,0.00,0.00,65,28,35.40,35.20,0.42,0.65,3.69,5.22,0.83,12.71,0.47,0.47,12.29,2.48,0.20,0.44,0.08,0.06,0.14
315,1,66,16,58,12,123,38,96,22,0.78,0.23,0.24,0.02,0.02,0.10,66,31,34.70,33.10,0.54,0.62,4.21,5.95,0.87,16.16,0.60,0.62,20.55,3.21,0.34,0.53,0.05,0.03,0.08
316,1,43,8,39,7,70,15,57,10,0.81,0.18,0.19,0.03,0.03,0.13,43,32,33.80,33.50,0.61,0.64,3.63,5.14,0.89,16.09,0.68,0.69,13.79,2.63,0.35,0.68,0.09,0.02,0.11
317,1,57,14,51,11,94,24,79,15,0.84,0.19,0.25,0.04,0.08,0.20,57,39,38.00,39.20,0.61,0.78,4.16,5.88,0.89,17.92,0.65,0.58,16.33,2.86,0.35,0.68,0.08,0.05,0.13
318,1,45,8,40,7,71,10,57,7,0.80,0.12,0.18,0.04,0.04,0.14,45,32,35.50,35.10,0.63,0.64,3.78,5.34,0.89,17.30,0.70,0.75,13.50,2.60,0.32,0.63,0.11,0.07,0.18
319,1,45,13,42,12,73,24,62,17,0.85,0.27,0.29,0.00,0.00,0.00,45,35,34.30,34.70,0.62,0.70,3.72,5.27,0.89,16.52,0.68,0.72,15.21,2.76,0.34,0.50,0.11,0.05,0.16
321,1,36,6,31,5,60,19,45,11,0.75,0.24,0.17,0.00,0.00,0.00,36,32,31.90,30.20,0.60,0.64,3.29,4.65,0.88,14.25,0.69,0.78,14.09,2.65,0.40,0.53,0.02,0.04,0.07
322,1,57,14,52,13,107,27,88,22,0.82,0.25,0.25,0.07,0.21,0.32,57,33,34.70,33.60,0.53,0.69,3.90,5.51,0.87,15.06,0.59,0.60,15.72,2.80,0.30,0.53,0.08,0.03,0.11
323,1,32,3,29,2,58,8,44,3,0.76,0.07,0.09,0.00,0.00,0.00,32,28,29.70,29.20,0.55,0.56,2.97,4.20,0.85,12.04,0.66,0.67,10.67,2.31,0.36,0.80,0.07,0.05,0.11
324,1,45,5,40,4,86,12,66,6,0.77,0.09,0.11,0.03,0.03,0.13,45,28,31.50,31.20,0.52,0.56,3.43,4.85,0.85,13.30,0.61,0.65,12.90,2.54,0.30,0.50,0.09,0.06,0.15
325,1,48,13,43,10,84,23,71,16,0.85,0.23,0.27,0.03,0.03,0.11,48,31,33.90,32.20,0.57,0.62,3.70,5.24,0.87,15.24,0.61,0.61,13.92,2.64,0.32,0.54,0.04,0.04,0.08
326,1,63,13,56,10,144,29,110,16,0.76,0.15,0.21,0.02,0.02,0.10,63,31,33.80,33.70,0.44,0.66,3.71,5.25,0.83,12.98,0.51,0.53,14.29,2.67,0.25,0.52,0.05,0.05,0.11
327,1,61,10,55,9,122,16,97,9,0.80,0.09,0.16,0.05,0.10,0.22,61,31,34.30,34.50,0.50,0.63,3.91,5.52,0.86,14.46,0.57,0.64,17.36,2.95,0.28,0.50,0.06,0.07,0.13
330,1,39,10,35,9,85,27,63,18,0.74,0.29,0.26,0.09,0.26,0.36,39,31,29.60,29.30,0.46,0.62,2.99,4.23,0.82,11.00,0.56,0.57,11.43,2.39,0.32,0.55,0.03,0.03,0.06
332,1,65,8,61,7,124,13,103,9,0.83,0.09,0.12,0.04,0.07,0.19,65,30,35.60,34.00,0.52,0.67,4.13,5.84,0.87,15.62,0.59,0.56,16.67,2.89,0.29,0.67,0.06,0.09,0.15
334,1,45,6,41,5,83,11,68,5,0.82,0.07,0.13,0.03,0.03,0.12,45,35,33.60,32.70,0.54,0.70,3.49,4.94,0.86,13.85,0.60,0.62,14.30,2.67,0.34,0.61,0.09,0.03,0.12
336,1,54,9,48,8,89,15,70,9,0.79,0.13,0.17,0.00,0.00,0.00,54,35,36.70,38.40,0.61,0.70,4.05,5.72,0.89,17.51,0.69,0.66,13.78,2.62,0.30,0.64,0.10,0.09,0.19
337,1,67,13,61,12,119,28,93,18,0.78,0.19,0.19,0.02,0.02,0.09,67,38,36.20,35.80,0.56,0.75,4.34,6.14,0.88,17.27,0.66,0.68,25.79,3.59,0.41,0.56,0.05,0.04,0.10
339,1,55,9,51,7,124,17,100,9,0.81,0.09,0.16,0.00,0.00,0.00,55,31,31.60,30.30,0.44,0.59,3.49,4.94,0.83,12.41,0.51,0.49,11.26,2.37,0.23,0.52,0.08,0.04,0.12
340,1,41,5,36,2,83,8,63,3,0.76,0.05,0.12,0.00,0.00,0.00,41,25,30.80,27.00,0.49,0.50,3.18,4.50,0.84,12.02,0.57,0.54,8.04,2.00,0.24,0.52,0.14,0.02,0.16
341,0,0,0,0,0,0,0,0,0,0,0,0,0,0,0,0,0,0,0,0,0,0,0,0,0,0,0,0,0,0,0,0,0,0
342,1,53,8,50,7,91,15,79,13,0.87,0.16,0.15,0.02,0.02,0.10,53,35,33.90,35.10,0.58,0.70,3.93,5.56,0.88,16.35,0.63,0.60,17.52,2.96,0.37,0.58,0.06,0.06,0.13
343,1,52,9,47,8,88,19,67,11,0.76,0.16,0.17,0.07,0.14,0.26,52,28,35.10,33.60,0.59,0.56,3.92,5.54,0.88,16.55,0.70,0.69,13.79,2.63,0.30,0.75,0.09,0.04,0.13
344,1,47,13,41,12,68,22,55,15,0.81,0.27,0.28,0.07,0.14,0.27,47,36,37.10,38.10,0.69,0.72,4.03,5.70,0.91,20.93,0.75,0.71,14.29,2.67,0.36,0.75,0.13,0.05,0.18
345,1,55,17,51,15,90,32,73,20,0.81,0.27,0.31,0.07,0.21,0.33,55,35,35.70,35.10,0.61,0.70,4.10,5.80,0.89,17.86,0.70,0.69,20.02,3.16,0.40,0.62,0.05,0.04,0.10
346,1,43,3,39,2,88,6,72,2,0.82,0.03,0.07,0.03,0.03,0.12,43,31,32.50,30.60,0.49,0.62,3.24,4.58,0.84,12.16,0.54,0.62,12.97,2.55,0.29,0.50,0.10,0.01,0.11