subjectcode,sentences,wordtypes,swordtypes,lextypes,slextypes,wordtokens,swordtokens,lextokens,slextokens,ld,ls1,ls2,vs1,vs2,cvs1,ndw,ndwz,ndwerz,ndwesz,ttr,msttr,cttr,rttr,logttr,uber,lv,vv1,svv1,cvv1,vv2,nv,adjv,advv,modv
100,1,57,13,50,10,105,20,82,13,0.78,0.16,0.23,0.03,0.03,0.12,57,32,34.80,32.50,0.54,0.65,3.93,5.56,0.87,15.40,0.61,0.67,16.00,2.83,0.29,0.56,0.11,0.04,0.15
101,1,58,10,51,7,106,19,87,12,0.82,0.14,0.17,0.07,0.20,0.31,58,34,36.50,31.90,0.55,0.69,3.98,5.63,0.87,15.66,0.59,0.67,20.89,3.23,0.36,0.43,0.09,0.02,0.11
103,1,58,15,53,14,95,19,77,16,0.81,0.21,0.26,0.10,0.41,0.45,58,36,35.20,35.00,0.61,0.72,4.21,5.95,0.89,18.25,0.69,0.74,21.56,3.28,0.38,0.54,0.06,0.05,0.12
104,0,0,0,0,0,0,0,0,0,0,0,0,0,0,0,0,0,0,0,0,0,0,0,0,0,0,0,0,0,0,0,0,0,0
106,1,59,10,52,8,107,29,83,16,0.78,0.19,0.17,0.02,0.02,0.10,59,32,34.50,35.40,0.55,0.68,4.03,5.70,0.87,15.93,0.63,0.61,17.04,2.92,0.34,0.50,0.06,0.07,0.13
109,1,55,11,49,8,111,26,87,13,0.78,0.15,0.20,0.00,0.00,0.00,55,28,32.80,33.70,0.50,0.63,3.69,5.22,0.85,13.72,0.56,0.59,13.56,2.60,0.26,0.59,0.06,0.02,0.08
110,1,52,14,48,13,86,23,68,15,0.79,0.22,0.27,0.04,0.04,0.14,52,30,35.30,32.20,0.60,0.60,3.96,5.61,0.89,17.13,0.71,0.69,12.46,2.50,0.26,0.61,0.07,0.12,0.19
111,1,54,9,50,8,89,21,74,13,0.83,0.18,0.17,0.00,0.00,0.00,54,34,36.90,36.40,0.61,0.68,4.05,5.72,0.89,17.51,0.68,0.69,18.69,3.06,0.36,0.62,0.07,0.04,0.11
113,1,59,13,55,12,102,24,85,15,0.83,0.18,0.22,0.02,0.02,0.11,59,35,34.90,34.80,0.58,0.72,4.13,5.84,0.88,16.97,0.65,0.63,16.95,2.91,0.32,0.71,0.09,0.04,0.13
115,1,46,4,40,2,78,8,67,4,0.86,0.06,0.09,0.00,0.00,0.00,46,30,34.30,33.50,0.59,0.60,3.68,5.21,0.88,15.61,0.60,0.67,16.00,2.83,0.36,0.44,0.09,0.04,0.13
116,1,62,16,56,14,101,26,83,19,0.82,0.23,0.26,0.09,0.34,0.41,62,35,37.50,35.70,0.61,0.71,4.36,6.17,0.89,18.96,0.67,0.68,21.79,3.30,0.39,0.59,0.05,0.06,0.11
117,1,56,13,51,12,109,33,82,19,0.75,0.23,0.23,0.00,0.00,0.00,56,36,33.20,28.70,0.51,0.68,3.79,5.36,0.86,14.35,0.62,0.66,17.78,2.98,0.33,0.54,0.07,0.06,0.13
118,1,50,4,47,3,125,11,102,6,0.82,0.06,0.08,0.00,0.00,0.00,50,28,30.70,32.20,0.40,0.63,3.16,4.47,0.81,11.05,0.46,0.48,11.02,2.35,0.23,0.42,0.07,0.06,0.13
119,1,44,8,39,7,84,25,65,16,0.77,0.25,0.18,0.03,0.03,0.12,44,30,32.30,33.60,0.52,0.60,3.39,4.80,0.85,13.19,0.60,0.67,16.00,2.83,0.37,0.42,0.05,0.03,0.08
121,1,42,5,39,4,116,14,84,6,0.72,0.07,0.12,0.02,0.02,0.11,42,29,26.50,27.90,0.36,0.56,2.76,3.90,0.79,9.66,0.46,0.52,11.52,2.40,0.26,0.38,0.06,0.04,0.10
122,1,47,9,43,8,73,21,60,13,0.82,0.22,0.19,0.06,0.12,0.25,47,36,34.90,33.40,0.64,0.72,3.89,5.50,0.90,18.16,0.72,0.73,17.45,2.95,0.40,0.58,0.10,0.03,0.13
123,1,83,15,77,12,156,30,127,18,0.81,0.14,0.18,0.00,0.00,0.00,83,37,39.60,39.30,0.53,0.78,4.70,6.65,0.88,17.55,0.61,0.60,25.68,3.58,0.34,0.61,0.06,0.04,0.10
124,1,28,1,24,0,53,3,40,0,0.75,0.00,0.04,0.00,0.00,0.00,28,28,26.80,26.80,0.53,0.56,2.72,3.85,0.84,10.73,0.60,0.67,8.00,2.00,0.30,0.54,0.07,0.05,0.12
126,1,70,13,64,11,171,31,139,20,0.81,0.14,0.19,0.02,0.02,0.09,70,35,34.00,35.30,0.41,0.71,3.79,5.35,0.83,12.85,0.46,0.50,15.50,2.78,0.22,0.47,0.05,0.04,0.09
129,1,53,4,50,3,98,12,75,3,0.77,0.04,0.08,0.02,0.02,0.10,53,33,32.30,31.90,0.54,0.66,3.79,5.35,0.87,14.85,0.67,0.70,22.26,3.34,0.43,0.53,0.08,0.03,0.11
130,1,56,13,51,11,96,19,73,12,0.76,0.16,0.23,0.04,0.04,0.13,56,35,34.30,35.40,0.58,0.70,4.04,5.72,0.88,16.79,0.70,0.79,17.29,2.94,0.30,0.68,0.11,0.04,0.15
132,1,26,4,23,3,39,8,30,6,0.77,0.20,0.15,0.00,0.00,0.00,26,26,26,26,0.67,0.67,2.94,4.16,0.89,14.38,0.77,0.92,11.08,2.35,0.40,0.56,0.10,0.10,0.20
134,1,43,5,37,3,83,9,64,5,0.77,0.08,0.12,0.00,0.00,0.00,43,34,33.90,31.70,0.52,0.68,3.34,4.72,0.85,12.89,0.58,0.67,13.33,2.58,0.31,0.43,0.08,0.05,0.12
135,1,38,4,33,2,70,12,54,5,0.77,0.09,0.11,0.00,0.00,0.00,38,32,31.40,32.30,0.54,0.64,3.21,4.54,0.86,12.83,0.61,0.73,13.88,2.63,0.35,0.43,0.06,0.04,0.09
137,1,74,9,66,6,161,21,130,11,0.81,0.08,0.12,0.02,0.02,0.09,74,31,33.60,33.20,0.46,0.67,4.12,5.83,0.85,14.43,0.51,0.57,21.06,3.25,0.28,0.41,0.04,0.07,0.11
138,1,56,6,53,5,108,11,90,6,0.83,0.07,0.11,0.02,0.02,0.11,56,34,34.30,32.70,0.52,0.67,3.81,5.39,0.86,14.50,0.59,0.65,18.23,3.02,0.31,0.56,0.04,0.08,0.12
139,1,34,4,30,3,60,10,47,4,0.78,0.09,0.12,0.04,0.04,0.15,34,30,31.10,30.70,0.57,0.60,3.10,4.39,0.86,12.82,0.64,0.74,12.57,2.51,0.36,0.56,0.06,0.02,0.09
140,0,0,0,0,0,0,0,0,0,0,0,0,0,0,0,0,0,0,0,0,0,0,0,0,0,0,0,0,0,0,0,0,0,0
141,1,46,9,42,8,74,20,62,14,0.84,0.23,0.20,0.00,0.00,0.00,46,38,35.50,31.40,0.62,0.76,3.78,5.35,0.89,16.92,0.68,0.74,20.63,3.21,0.45,0.53,0.05,0.02,0.06
142,1,35,8,30,6,50,14,37,8,0.74,0.22,0.23,0.05,0.05,0.15,35,35,35.00,35.00,0.70,0.70,3.50,4.95,0.91,18.63,0.81,0.81,13.76,2.62,0.46,0.73,0.11,0.03,0.14
143,1,47,6,43,5,88,12,74,5,0.84,0.07,0.13,0.05,0.11,0.23,47,28,33.10,31.80,0.53,0.56,3.54,5.01,0.86,13.88,0.58,0.58,12.74,2.52,0.30,0.56,0.08,0.07,0.15
144,1,40,9,37,8,69,20,57,14,0.83,0.25,0.23,0.03,0.03,0.13,40,33,33.80,34.50,0.58,0.66,3.41,4.82,0.87,14.28,0.65,0.66,12.45,2.49,0.33,0.59,0.04,0.05,0.09
145,1,45,11,40,10,67,19,52,13,0.78,0.25,0.24,0.00,0.00,0.00,45,39,37.30,34.90,0.67,0.78,3.89,5.50,0.91,19.29,0.77,0.73,11.64,2.41,0.31,0.76,0.08,0.08,0.15
148,1,46,4,39,2,86,8,67,2,0.78,0.03,0.09,0.06,0.11,0.24,46,31,34.90,32.70,0.53,0.62,3.51,4.96,0.86,13.77,0.58,0.69,16.46,2.87,0.36,0.46,0.04,0.01,0.06
149,1,47,12,41,11,78,27,59,17,0.76,0.29,0.26,0.03,0.03,0.13,47,34,34.30,36.30,0.60,0.68,3.76,5.32,0.88,16.27,0.69,0.67,13.33,2.58,0.34,0.65,0.10,0.03,0.14
150,1,58,9,53,8,97,22,80,13,0.82,0.16,0.16,0.04,0.07,0.19,58,34,36.40,36.40,0.60,0.68,4.16,5.89,0.89,17.67,0.66,0.67,24.00,3.46,0.45,0.59,0.01,0.04,0.05
152,1,50,11,44,9,84,22,68,15,0.81,0.22,0.22,0.00,0.00,0.00,50,35,34.50,30.70,0.60,0.70,3.86,5.46,0.88,16.43,0.65,0.62,14.30,2.67,0.34,0.55,0.07,0.07,0.15
153,1,42,9,37,7,69,14,58,11,0.84,0.19,0.21,0.04,0.04,0.13,42,32,35.50,33.10,0.61,0.64,3.58,5.06,0.88,15.68,0.64,0.71,14.29,2.67,0.34,0.55,0.09,0.00,0.09
154,1,62,8,57,7,119,14,103,10,0.87,0.10,0.13,0.02,0.02,0.09,62,34,35.70,34.90,0.52,0.66,4.02,5.68,0.86,15.21,0.55,0.61,20.64,3.21,0.33,0.52,0.06,0.03,0.09
155,1,56,18,50,15,97,31,76,17,0.78,0.22,0.32,0.05,0.09,0.21,56,38,35.50,36.60,0.58,0.76,4.02,5.69,0.88,16.54,0.66,0.64,17.82,2.98,0.37,0.62,0.05,0.04,0.09
156,1,53,9,48,8,90,17,71,9,0.79,0.13,0.17,0.09,0.26,0.36,53,40,35.60,32.30,0.59,0.80,3.95,5.59,0.88,16.61,0.68,0.74,19.31,3.11,0.37,0.61,0.06,0.06,0.11
157,1,38,5,34,4,64,9,54,5,0.84,0.09,0.13,0.00,0.00,0.00,38,31,32.10,32.40,0.59,0.62,3.36,4.75,0.87,14.41,0.63,0.67,14.67,2.71,0.41,0.62,0.07,0.00,0.07
158,1,52,7,48,6,122,14,106,8,0.87,0.08,0.13,0.02,0.02,0.09,52,27,32.30,31.70,0.43,0.67,3.33,4.71,0.82,11.75,0.45,0.42,10.11,2.25,0.23,0.52,0.07,0.04,0.10
159,1,57,14,52,12,98,30,84,20,0.86,0.24,0.25,0.04,0.09,0.21,57,36,36.20,37.30,0.58,0.72,4.07,5.76,0.88,16.85,0.62,0.64,18.69,3.06,0.35,0.50,0.02,0.06,0.08
160,1,63,7,58,5,154,19,118,8,0.77,0.07,0.11,0.02,0.02,0.09,63,35,32.70,33.00,0.41,0.61,3.59,5.08,0.82,12.33,0.49,0.53,16.57,2.88,0.26,0.47,0.04,0.05,0.09
161,1,68,10,62,9,136,18,108,9,0.79,0.08,0.15,0.00,0.00,0.00,68,37,34.70,35.40,0.50,0.74,4.12,5.83,0.86,15.12,0.57,0.60,18.00,3.00,0.28,0.56,0.04,0.07,0.11
163,1,52,9,48,8,93,15,75,10,0.81,0.13,0.17,0.06,0.11,0.24,52,31,34.20,35.80,0.56,0.62,3.81,5.39,0.87,15.35,0.64,0.66,15.11,2.75,0.31,0.68,0.11,0.03,0.13
164,1,41,10,36,9,71,25,56,16,0.79,0.29,0.24,0.07,0.14,0.27,41,29,32.40,30.50,0.58,0.58,3.44,4.87,0.87,14.37,0.64,0.68,12.89,2.54,0.34,0.60,0.02,0.02,0.04
165,1,53,10,48,9,123,19,98,12,0.80,0.12,0.19,0.02,0.02,0.10,53,28,33.10,30.90,0.43,0.63,3.38,4.78,0.83,11.95,0.49,0.51,12.26,2.48,0.24,0.50,0.05,0.03,0.08
166,1,66,10,61,9,169,26,131,16,0.78,0.12,0.15,0.00,0.00,0.00,66,28,32.40,28.90,0.39,0.60,3.59,5.08,0.82,12.16,0.47,0.46,13.35,2.58,0.22,0.47,0.07,0.04,0.11
167,1,39,12,32,9,54,18,42,12,0.78,0.29,0.31,0.04,0.04,0.14,39,37,37.10,36.40,0.72,0.74,3.75,5.31,0.92,21.24,0.76,0.79,15.04,2.74,0.45,0.64,0.10,0.05,0.14
169,1,34,0,32,0,52,0,46,0,0.88,0.00,0.00,0.00,0.00,0.00,34,32,33.00,32.40,0.65,0.64,3.33,4.71,0.89,15.96,0.70,0.64,10.24,2.26,0.35,0.64,0.09,0.07,0.15
170,1,54,9,49,8,119,19,93,12,0.78,0.13,0.17,0.03,0.03,0.11,54,24,31.10,32.30,0.45,0.62,3.50,4.95,0.83,12.55,0.53,0.58,12.74,2.52,0.24,0.48,0.10,0.04,0.14
171,1,63,8,58,7,113,16,90,8,0.80,0.09,0.13,0.00,0.00,0.00,63,34,34.70,34.30,0.56,0.68,4.19,5.93,0.88,16.61,0.64,0.69,20.02,3.16,0.32,0.50,0.12,0.04,0.17
172,1,43,5,39,4,81,9,64,5,0.79,0.08,0.12,0.03,0.03,0.13,43,29,31.90,29.90,0.53,0.58,3.38,4.78,0.86,13.24,0.61,0.63,12.03,2.45,0.30,0.60,0.08,0.05,0.12
173,1,47,8,40,6,78,11,61,6,0.78,0.10,0.17,0.03,0.03,0.12,47,32,33.90,34.40,0.60,0.64,3.76,5.32,0.88,16.27,0.66,0.63,13.83,2.63,0.36,0.71,0.08,0.02,0.10
174,1,74,11,68,8,160,22,130,14,0.81,0.11,0.15,0.00,0.00,0.00,74,39,36.70,32.60,0.46,0.69,4.14,5.85,0.85,14.51,0.52,0.51,17.75,2.98,0.27,0.55,0.07,0.05,0.12
175,1,53,11,48,8,73,21,59,13,0.81,0.22,0.21,0.03,0.03,0.12,53,37,39.90,38.10,0.73,0.74,4.39,6.20,0.93,24.97,0.81,0.78,19.53,3.12,0.42,0.80,0.12,0.07,0.19
176,1,44,7,38,5,84,16,65,10,0.77,0.15,0.16,0.00,0.00,0.00,44,27,31.40,29.10,0.52,0.54,3.39,4.80,0.85,13.19,0.58,0.63,13.83,2.63,0.34,0.46,0.08,0.00,0.08
177,1,40,8,35,6,61,12,47,8,0.77,0.17,0.20,0.09,0.17,0.29,40,39,34.50,36.00,0.66,0.78,3.62,5.12,0.90,17.39,0.74,0.78,14.09,2.65,0.38,0.69,0.11,0.06,0.17
178,1,50,7,46,6,94,12,76,8,0.81,0.11,0.14,0.03,0.03,0.12,50,29,34.80,33.20,0.53,0.58,3.65,5.16,0.86,14.20,0.61,0.66,15.11,2.75,0.30,0.58,0.07,0.04,0.11
179,1,55,10,52,9,90,21,71,12,0.79,0.17,0.18,0.03,0.03,0.12,55,36,35.60,35.20,0.61,0.72,4.10,5.80,0.89,17.86,0.73,0.78,22.73,3.37,0.41,0.59,0.11,0.03,0.14
181,1,33,6,28,4,59,13,46,7,0.78,0.15,0.18,0.05,0.05,0.16,33,27,29.30,29.80,0.56,0.54,3.04,4.30,0.86,12.43,0.61,0.70,9.80,2.21,0.30,0.47,0.09,0.04,0.13
182,1,35,11,33,10,68,23,55,17,0.81,0.31,0.31,0.13,0.52,0.51,35,28,29.30,29.10,0.51,0.56,3.00,4.24,0.84,11.64,0.60,0.61,11.65,2.41,0.35,0.47,0.04,0.05,0.09
183,1,40,7,35,6,70,17,54,10,0.77,0.19,0.17,0.03,0.03,0.12,40,31,31.50,33.50,0.57,0.62,3.38,4.78,0.87,14.01,0.65,0.66,13.78,2.62,0.39,0.53,0.04,0.06,0.09
185,1,72,12,66,10,130,23,106,13,0.82,0.12,0.17,0.00,0.00,0.00,72,35,39.20,36.20,0.55,0.70,4.47,6.31,0.88,17.41,0.62,0.66,21.78,3.30,0.31,0.56,0.06,0.08,0.14
186,1,37,6,33,5,60,19,46,14,0.77,0.30,0.16,0.09,0.17,0.29,37,34,31.70,32.20,0.62,0.68,3.38,4.78,0.88,15.06,0.72,0.83,15.70,2.80,0.41,0.58,0.07,0.09,0.15
187,1,62,15,56,13,132,31,103,19,0.78,0.18,0.24,0.06,0.18,0.30,62,35,33.10,30.40,0.47,0.68,3.82,5.40,0.85,13.70,0.54,0.51,13.25,2.57,0.25,0.62,0.08,0.04,0.12
188,1,63,19,58,16,114,41,90,27,0.79,0.30,0.30,0.04,0.08,0.20,63,31,36.30,32.80,0.55,0.70,4.17,5.90,0.87,16.43,0.64,0.60,18.00,3.00,0.33,0.58,0.10,0.06,0.16
189,1,61,10,55,7,132,18,113,10,0.86,0.09,0.16,0.02,0.02,0.09,61,33,33.50,29.50,0.46,0.61,3.75,5.31,0.84,13.41,0.49,0.54,17.85,2.99,0.29,0.39,0.05,0.03,0.08
191,1,62,6,57,5,131,17,103,10,0.79,0.10,0.10,0.02,0.02,0.10,62,25,34.50,35.30,0.47,0.63,3.83,5.42,0.85,13.80,0.55,0.60,19.32,3.11,0.31,0.42,0.07,0.05,0.12
193,1,35,7,31,6,55,10,46,8,0.84,0.17,0.20,0.07,0.07,0.18,35,33,33.00,32.70,0.64,0.66,3.34,4.72,0.89,15.43,0.67,0.73,8.07,2.01,0.24,0.60,0.20,0.04,0.24
194,1,51,7,47,6,109,15,83,6,0.76,0.07,0.14,0.00,0.00,0.00,51,31,31.90,24.40,0.47,0.57,3.45,4.88,0.84,12.58,0.57,0.61,13.44,2.59,0.27,0.56,0.06,0.06,0.12
195,1,60,5,58,4,108,9,93,4,0.86,0.04,0.08,0.00,0.00,0.00,60,32,35.90,33.50,0.56,0.68,4.08,5.77,0.87,16.20,0.62,0.57,18.29,3.02,0.34,0.68,0.08,0.06,0.14
196,1,60,15,58,14,104,28,87,17,0.84,0.20,0.25,0.04,0.08,0.20,60,30,34.70,36.80,0.58,0.66,4.16,5.88,0.88,17.03,0.67,0.60,18.48,3.04,0.36,0.74,0.06,0.03,0.09
197,1,65,20,58,17,124,42,93,28,0.75,0.30,0.31,0.06,0.17,0.29,65,35,33.90,33.90,0.52,0.72,4.13,5.84,0.87,15.62,0.62,0.63,20.94,3.24,0.35,0.55,0.08,0.03,0.11
198,1,53,6,47,5,82,10,65,7,0.79,0.11,0.11,0.03,0.03,0.12,53,35,37.70,38.30,0.65,0.70,4.14,5.85,0.90,19.32,0.72,0.76,18.94,3.08,0.38,0.62,0.11,0.08,0.18
199,1,56,11,50,10,105,34,74,17,0.70,0.23,0.20,0.08,0.24,0.35,56,37,32.30,32.00,0.53,0.65,3.86,5.47,0.86,14.96,0.68,0.68,16.89,2.91,0.34,0.62,0.04,0.08,0.12
200,1,56,10,52,9,101,23,85,14,0.84,0.16,0.18,0.12,0.58,0.54,56,32,34.60,35.80,0.55,0.68,3.94,5.57,0.87,15.68,0.61,0.77,25.33,3.56,0.39,0.48,0.06,0.06,0.12
202,1,70,12,65,11,119,26,90,12,0.76,0.13,0.17,0.03,0.03,0.11,70,36,36.60,33.60,0.59,0.72,4.54,6.42,0.89,18.69,0.72,0.80,25.60,3.58,0.36,0.65,0.09,0.06,0.14
203,0,0,0,0,0,0,0,0,0,0,0,0,0,0,0,0,0,0,0,0,0,0,0,0,0,0,0,0,0,0,0,0,0,0
204,1,29,1,24,0,51,2,37,0,0.73,0.00,0.03,0.00,0.00,0.00,29,29,28.70,29.00,0.57,0.58,2.87,4.06,0.86,11.89,0.65,0.67,8.00,2.00,0.32,0.60,0.08,0.00,0.08
205,1,39,11,35,10,56,12,44,10,0.79,0.23,0.28,0.04,0.04,0.14,39,36,35.20,36.10,0.70,0.72,3.69,5.21,0.91,19.45,0.80,0.68,11.56,2.40,0.39,0.91,0.11,0.07,0.18
206,1,67,9,63,8,135,18,108,9,0.80,0.08,0.13,0.04,0.07,0.19,67,30,35.60,33.80,0.50,0.65,4.08,5.77,0.86,14.92,0.58,0.57,18.29,3.02,0.30,0.59,0.06,0.08,0.14
207,1,57,14,55,13,95,26,77,17,0.81,0.22,0.25,0.02,0.02,0.10,57,32,36.50,36.10,0.60,0.64,4.14,5.85,0.89,17.63,0.71,0.70,23.17,3.40,0.43,0.67,0.05,0.05,0.10
208,1,40,10,34,7,64,18,47,10,0.73,0.21,0.25,0.04,0.04,0.14,40,33,33.40,31.70,0.62,0.66,3.54,5.00,0.89,15.98,0.72,0.75,13.50,2.60,0.38,0.59,0.11,0.02,0.13
209,1,55,12,52,11,118,30,99,19,0.84,0.19,0.22,0.02,0.02,0.10,55,29,32.40,32.20,0.47,0.67,3.58,5.06,0.84,12.95,0.53,0.56,15.68,2.80,0.28,0.42,0.08,0.03,0.11
210,1,44,6,40,5,77,10,67,6,0.87,0.09,0.14,0.03,0.03,0.12,44,36,32.70,34.80,0.57,0.72,3.55,5.01,0.87,14.64,0.60,0.67,14.67,2.71,0.33,0.55,0.07,0.04,0.12
211,1,56,13,50,9,122,35,98,21,0.80,0.21,0.23,0.02,0.02,0.11,56,34,31.10,30.20,0.46,0.61,3.59,5.07,0.84,12.87,0.51,0.56,13.40,2.59,0.24,0.38,0.10,0.03,0.13
213,1,46,9,44,8,94,26,76,15,0.81,0.20,0.20,0.03,0.03,0.11,46,36,30.50,30.50,0.49,0.72,3.35,4.74,0.84,12.54,0.58,0.63,15.16,2.75,0.32,0.46,0.07,0.04,0.11
214,1,56,14,49,11,106,28,77,16,0.73,0.21,0.25,0.07,0.21,0.33,56,35,34.00,32.70,0.53,0.65,3.85,5.44,0.86,14.80,0.64,0.71,21.43,3.27,0.39,0.44,0.06,0.04,0.10
215,1,46,10,41,9,98,31,78,26,0.80,0.33,0.22,0.08,0.24,0.34,46,30,31.20,32.30,0.47,0.60,3.29,4.65,0.84,12.07,0.53,0.63,15.16,2.75,0.31,0.30,0.09,0.04,0.13
218,1,53,5,47,4,106,13,71,5,0.67,0.07,0.09,0.03,0.03,0.13,53,28,32.90,34.20,0.50,0.64,3.64,5.15,0.85,13.63,0.66,0.80,19.20,3.10,0.34,0.52,0.06,0.08,0.14
220,1,49,6,41,3,90,16,69,6,0.77,0.09,0.12,0.03,0.03,0.13,49,35,32.80,32.70,0.54,0.70,3.65,5.17,0.86,14.46,0.59,0.68,14.23,2.67,0.30,0.52,0.07,0.06,0.13
221,1,67,11,58,7,130,20,102,11,0.78,0.11,0.16,0.00,0.00,0.00,67,29,35.80,33.50,0.52,0.60,4.16,5.88,0.86,15.52,0.57,0.57,16.00,2.83,0.27,0.56,0.07,0.03,0.10
222,1,61,9,58,8,111,31,87,16,0.78,0.18,0.15,0.02,0.02,0.10,61,33,33.80,34.40,0.55,0.68,4.09,5.79,0.87,16.09,0.67,0.72,24.60,3.51,0.39,0.47,0.08,0.03,0.11
224,1,42,11,38,10,62,18,51,13,0.82,0.25,0.26,0.00,0.00,0.00,42,34,36.60,36.70,0.68,0.68,3.77,5.33,0.91,18.99,0.75,0.77,13.14,2.56,0.33,0.60,0.10,0.14,0.24
226,1,43,5,39,5,70,6,61,6,0.87,0.10,0.12,0.03,0.03,0.13,43,28,35.40,33.90,0.61,0.56,3.63,5.14,0.89,16.09,0.64,0.67,13.33,2.58,0.33,0.56,0.11,0.05,0.16
227,1,54,10,48,8,82,14,68,9,0.83,0.13,0.19,0.00,0.00,0.00,54,35,38.70,37.70,0.66,0.70,4.22,5.96,0.91,20.19,0.71,0.68,14.23,2.67,0.31,0.65,0.10,0.07,0.18
228,1,65,10,58,8,142,24,111,12,0.78,0.11,0.15,0.02,0.02,0.09,65,31,34.90,36.40,0.46,0.66,3.86,5.45,0.84,13.65,0.52,0.59,19.45,3.12,0.30,0.49,0.05,0.01,0.06
230,1,79,20,74,18,135,42,113,27,0.84,0.24,0.25,0.06,0.25,0.36,79,38,37.60,36.60,0.59,0.73,4.81,6.80,0.89,19.50,0.65,0.65,26.68,3.65,0.36,0.55,0.06,0.07,0.13
232,1,34,12,32,11,48,15,43,14,0.90,0.33,0.35,0.20,1.00,0.71,34,34,34,34,0.71,0.71,3.47,4.91,0.91,18.87,0.74,0.76,14.44,2.69,0.44,0.73,0.14,0.00,0.14
233,1,48,6,43,5,69,8,60,6,0.87,0.10,0.12,0.00,0.00,0.00,48,35,38.70,36.40,0.70,0.70,4.09,5.78,0.91,21.45,0.72,0.66,15.11,2.75,0.38,0.71,0.00,0.17,0.17
234,1,46,2,42,1,89,7,69,1,0.78,0.01,0.04,0.03,0.03,0.12,46,28,32.30,33.70,0.52,0.56,3.45,4.88,0.85,13.26,0.61,0.69,17.36,2.95,0.36,0.50,0.07,0.04,0.12
235,1,51,13,47,12,79,22,63,17,0.80,0.27,0.25,0.08,0.25,0.35,51,37,37.40,38.20,0.65,0.74,4.06,5.74,0.90,18.95,0.75,0.78,21.78,3.30,0.44,0.61,0.08,0.06,0.14
237,1,57,14,51,13,89,20,74,16,0.83,0.22,0.25,0.05,0.10,0.23,57,36,36.90,35.80,0.64,0.72,4.27,6.04,0.90,19.64,0.69,0.69,18.69,3.06,0.36,0.58,0.05,0.08,0.14
240,1,48,5,42,4,71,12,54,5,0.76,0.09,0.10,0.04,0.04,0.13,48,35,36.20,34.50,0.68,0.70,4.03,5.70,0.91,20.16,0.78,0.82,18.89,3.07,0.43,0.68,0.07,0.04,0.11
241,1,60,7,55,6,119,17,92,9,0.77,0.10,0.12,0.03,0.03,0.11,60,33,34.00,30.30,0.50,0.67,3.89,5.50,0.86,14.49,0.60,0.67,17.33,2.94,0.28,0.62,0.10,0.04,0.14
242,1,35,9,32,8,47,9,39,8,0.83,0.21,0.26,0.05,0.05,0.16,35,35,35,35,0.74,0.74,3.61,5.11,0.92,21.84,0.82,0.85,14.45,2.69,0.44,0.69,0.10,0.05,0.15
243,1,45,18,37,13,85,42,60,24,0.71,0.40,0.40,0.00,0.00,0.00,45,33,32.30,31.00,0.53,0.66,3.45,4.88,0.86,13.48,0.62,0.67,9.33,2.16,0.23,0.58,0.13,0.02,0.15
244,1,43,7,36,3,64,10,51,4,0.80,0.08,0.16,0.00,0.00,0.00,43,36,36.00,36.00,0.67,0.72,3.80,5.38,0.90,18.89,0.71,0.70,13.37,2.59,0.37,0.73,0.10,0.02,0.12
245,1,55,7,50,6,113,21,86,11,0.76,0.13,0.13,0.00,0.00,0.00,55,29,31.90,32.00,0.49,0.64,3.66,5.17,0.85,13.48,0.58,0.68,17.79,2.98,0.30,0.56,0.09,0.02,0.12
246,1,48,6,43,5,85,10,71,7,0.84,0.10,0.12,0.00,0.00,0.00,48,31,34.10,33.00,0.56,0.62,3.68,5.21,0.87,15.00,0.61,0.62,14.77,2.72,0.34,0.47,0.07,0.07,0.14
247,1,58,9,55,8,94,16,83,11,0.88,0.13,0.16,0.02,0.02,0.11,58,38,37.30,35.80,0.62,0.76,4.23,5.98,0.89,18.57,0.66,0.71,22.76,3.37,0.39,0.61,0.07,0.06,0.13
248,1,58,12,54,11,129,22,101,14,0.78,0.14,0.21,0.02,0.02,0.10,58,30,32.20,32.20,0.45,0.61,3.61,5.11,0.84,12.83,0.53,0.56,16.17,2.84,0.29,0.57,0.06,0.04,0.10
249,1,60,22,55,21,103,34,86,27,0.83,0.31,0.37,0.12,0.73,0.61,60,36,36.40,36.20,0.58,0.73,4.18,5.91,0.88,17.26,0.64,0.57,16.00,2.83,0.33,0.62,0.09,0.05,0.14
251,1,54,7,49,6,103,17,83,10,0.81,0.12,0.13,0.00,0.00,0.00,54,29,34.20,32.70,0.52,0.62,3.76,5.32,0.86,14.45,0.59,0.62,14.77,2.72,0.29,0.57,0.10,0.05,0.14
252,1,59,13,51,12,100,27,78,18,0.78,0.23,0.22,0.02,0.02,0.10,59,34,35.10,37.00,0.59,0.68,4.17,5.90,0.89,17.46,0.65,0.62,17.89,2.99,0.37,0.67,0.06,0.01,0.08
253,1,47,9,43,8,68,15,60,10,0.88,0.17,0.19,0.05,0.11,0.23,47,36,37.40,37.10,0.69,0.72,4.03,5.70,0.91,20.93,0.72,0.71,19.18,3.10,0.45,0.69,0.05,0.03,0.08
254,1,48,4,43,3,111,9,87,4,0.78,0.05,0.08,0.00,0.00,0.00,48,32,29.80,31.50,0.43,0.65,3.22,4.56,0.82,11.49,0.49,0.43,8.70,2.09,0.23,0.41,0.08,0.08,0.16
255,1,60,16,53,14,91,27,69,17,0.76,0.25,0.27,0.08,0.25,0.35,60,38,37.00,37.10,0.66,0.76,4.45,6.29,0.91,21.22,0.77,0.75,20.25,3.18,0.39,0.73,0.12,0.03,0.14
256,1,44,6,39,4,104,15,76,7,0.73,0.09,0.14,0.03,0.03,0.13,44,30,29.40,27.00,0.42,0.58,3.05,4.31,0.81,10.89,0.51,0.58,10.45,2.29,0.24,0.41,0.08,0.05,0.13
257,1,42,3,38,2,82,9,65,3,0.79,0.05,0.07,0.00,0.00,0.00,42,31,31.70,30.30,0.51,0.62,3.28,4.64,0.85,12.61,0.58,0.67,14.67,2.71,0.34,0.50,0.05,0.05,0.09
258,1,39,9,36,8,61,19,50,12,0.82,0.24,0.23,0.03,0.03,0.13,39,33,33.30,32.60,0.64,0.66,3.53,4.99,0.89,16.41,0.72,0.73,16.13,2.84,0.44,0.67,0.08,0.04,0.12
260,1,72,16,65,12,114,25,97,18,0.85,0.19,0.22,0.08,0.42,0.46,72,33,40.10,39.20,0.63,0.75,4.77,6.74,0.90,21.20,0.67,0.68,27.12,3.68,0.41,0.58,0.04,0.08,0.12
261,1,45,6,41,5,95,12,74,7,0.78,0.09,0.13,0.06,0.11,0.24,45,29,31.10,32.70,0.47,0.58,3.26,4.62,0.84,12.05,0.55,0.66,15.11,2.75,0.31,0.32,0.08,0.05,0.14
263,1,58,8,53,7,115,13,98,8,0.85,0.08,0.14,0.02,0.02,0.09,58,34,34.40,32.80,0.50,0.67,3.82,5.41,0.86,14.28,0.54,0.49,13.75,2.62,0.29,0.48,0.07,0.05,0.12
264,1,61,14,54,13,111,31,88,24,0.79,0.27,0.23,0.02,0.02,0.11,61,34,35.30,35.00,0.55,0.69,4.09,5.79,0.87,16.09,0.61,0.62,16.10,2.84,0.30,0.51,0.06,0.06,0.11
265,1,58,6,53,5,116,12,95,6,0.82,0.06,0.10,0.02,0.02,0.10,58,34,34.80,34.30,0.50,0.72,3.81,5.39,0.85,14.16,0.56,0.56,15.19,2.76,0.28,0.44,0.08,0.07,0.16
266,1,56,10,53,9,133,17,105,10,0.79,0.10,0.18,0.02,0.02,0.10,56,29,33.50,32.00,0.42,0.60,3.43,4.86,0.82,12.01,0.50,0.52,13.52,2.60,0.25,0.47,0.08,0.04,0.11
268,1,48,5,42,3,86,9,71,4,0.83,0.06,0.10,0.03,0.03,0.11,48,37,33.90,34.50,0.56,0.74,3.66,5.18,0.87,14.78,0.59,0.63,15.16,2.75,0.34,0.57,0.07,0.01,0.08
269,1,74,17,68,14,129,38,104,25,0.81,0.24,0.23,0.02,0.02,0.10,74,38,35.30,35.90,0.57,0.75,4.61,6.52,0.89,18.46,0.65,0.66,21.78,3.30,0.32,0.66,0.09,0.05,0.13
271,1,42,12,35,9,85,20,59,14,0.69,0.24,0.29,0.04,0.04,0.14,42,29,31.60,29.90,0.49,0.58,3.22,4.56,0.84,12.16,0.59,0.69,12.46,2.50,0.31,0.45,0.07,0.07,0.14
272,1,41,8,35,7,56,11,42,9,0.75,0.21,0.20,0.14,0.41,0.45,41,37,38.30,37.70,0.73,0.74,3.87,5.48,0.92,22.57,0.83,0.86,16.41,2.86,0.45,0.67,0.14,0.05,0.19
273,1,61,9,59,8,98,18,84,12,0.86,0.14,0.15,0.00,0.00,0.00,61,37,38.20,35.60,0.62,0.74,4.36,6.16,0.90,19.26,0.70,0.64,18.69,3.06,0.35,0.65,0.08,0.12,0.20
274,1,44,9,37,7,72,20,55,12,0.76,0.22,0.20,0.00,0.00,0.00,44,34,34.30,34.60,0.61,0.68,3.67,5.19,0.88,16.13,0.67,0.67,13.33,2.58,0.36,0.62,0.04,0.04,0.07
275,1,58,8,54,7,109,15,92,9,0.84,0.10,0.14,0.08,0.32,0.40,58,35,35.10,36.00,0.53,0.70,3.93,5.56,0.87,15.15,0.59,0.60,18.00,3.00,0.33,0.52,0.07,0.05,0.12
276,1,58,11,53,9,87,18,72,11,0.83,0.15,0.19,0.03,0.03,0.12,58,35,38.60,38.00,0.67,0.70,4.40,6.22,0.91,21.36,0.74,0.79,21.44,3.27,0.38,0.73,0.07,0.03,0.10
277,1,57,11,54,10,100,30,85,20,0.85,0.24,0.19,0.00,0.00,0.00,57,36,35.90,32.30,0.57,0.71,4.03,5.70,0.88,16.39,0.64,0.67,20.89,3.23,0.36,0.58,0.06,0.06,0.12
278,1,55,9,51,7,119,22,90,9,0.76,0.10,0.16,0.06,0.11,0.24,55,26,30.90,27.70,0.46,0.55,3.57,5.04,0.84,12.85,0.57,0.61,13.44,2.59,0.24,0.56,0.11,0.06,0.17
279,1,55,13,51,12,108,29,91,22,0.84,0.24,0.24,0.06,0.19,0.31,55,32,33.70,33.80,0.51,0.64,3.74,5.29,0.86,14.11,0.56,0.56,15.19,2.76,0.30,0.52,0.07,0.07,0.13
280,1,44,4,39,3,66,4,57,3,0.86,0.05,0.09,0.00,0.00,0.00,44,33,37.00,37.40,0.67,0.66,3.83,5.42,0.90,18.80,0.68,0.67,14.67,2.71,0.39,0.69,0.09,0.02,0.11
281,1,43,10,39,8,72,15,61,12,0.85,0.20,0.23,0.03,0.03,0.12,43,33,33.30,33.70,0.60,0.66,3.58,5.07,0.88,15.41,0.64,0.64,13.36,2.58,0.34,0.47,0.11,0.05,0.16
282,1,40,8,34,7,68,17,52,11,0.76,0.21,0.20,0.03,0.03,0.13,40,33,31.80,32.40,0.59,0.66,3.43,4.85,0.87,14.57,0.65,0.69,13.79,2.63,0.38,0.57,0.02,0.02,0.04
284,1,53,10,48,9,134,28,109,21,0.81,0.19,0.19,0.06,0.18,0.30,53,31,30.90,31.40,0.40,0.63,3.24,4.58,0.81,11.23,0.44,0.46,10.58,2.30,0.21,0.32,0.10,0.02,0.12
285,1,39,5,32,2,71,12,54,4,0.76,0.07,0.13,0.04,0.04,0.14,39,30,30.10,31.20,0.55,0.60,3.27,4.63,0.86,13.17,0.59,0.68,11.56,2.40,0.31,0.40,0.07,0.06,0.13
287,1,48,10,44,9,73,16,63,11,0.86,0.17,0.21,0.12,0.47,0.49,48,35,36.50,38.20,0.66,0.70,3.97,5.62,0.90,19.07,0.70,0.74,18.38,3.03,0.40,0.61,0.05,0.03,0.08
289,1,62,7,56,6,99,16,78,8,0.79,0.10,0.11,0.00,0.00,0.00,62,40,36.90,37.20,0.63,0.80,4.41,6.23,0.90,19.60,0.72,0.75,22.50,3.35,0.38,0.64,0.08,0.05,0.13
290,1,59,14,54,13,114,31,86,17,0.75,0.20,0.24,0.02,0.02,0.10,59,29,33.30,30.40,0.52,0.58,3.91,5.53,0.86,14.79,0.63,0.64,19.15,3.09,0.35,0.58,0.05,0.03,0.08
291,1,50,4,45,3,98,8,80,3,0.82,0.04,0.08,0.02,0.02,0.11,50,32,34.50,35.20,0.51,0.64,3.57,5.05,0.85,13.57,0.56,0.62,16.10,2.84,0.33,0.52,0.06,0.03,0.09
292,1,53,11,49,10,116,20,94,13,0.81,0.14,0.21,0.02,0.02,0.11,53,30,31.10,32.00,0.46,0.63,3.48,4.92,0.84,12.53,0.52,0.53,12.30,2.48,0.24,0.48,0.06,0.05,0.12
293,1,57,13,51,11,109,31,90,19,0.83,0.21,0.23,0.05,0.16,0.29,57,36,33.70,35.20,0.52,0.73,3.86,5.46,0.86,14.74,0.57,0.58,18.62,3.05,0.36,0.45,0.02,0.04,0.07
294,1,37,10,32,9,58,17,47,13,0.81,0.28,0.27,0.06,0.06,0.17,37,36,34.00,35.00,0.64,0.72,3.44,4.86,0.89,15.93,0.68,0.83,12.50,2.50,0.32,0.50,0.13,0.04,0.17
295,1,65,18,58,15,113,32,89,19,0.79,0.21,0.28,0.05,0.16,0.28,65,36,35.90,36.90,0.58,0.74,4.32,6.11,0.88,17.55,0.65,0.62,21.88,3.31,0.39,0.58,0.06,0.04,0.10
297,1,45,10,40,10,93,24,70,23,0.75,0.33,0.22,0.04,0.04,0.13,45,26,32.50,30.70,0.48,0.52,3.30,4.67,0.84,12.29,0.57,0.64,11.57,2.41,0.26,0.45,0.06,0.06,0.11
298,1,53,8,46,6,104,15,82,10,0.79,0.12,0.15,0.00,0.00,0.00,53,29,34.80,32.10,0.51,0.62,3.67,5.20,0.85,13.90,0.56,0.57,13.71,2.62,0.29,0.56,0.07,0.02,0.10
299,1,75,15,67,12,153,28,126,19,0.82,0.15,0.20,0.03,0.06,0.18,75,36,37.70,37.80,0.49,0.72,4.29,6.06,0.86,15.41,0.53,0.57,20.57,3.21,0.29,0.50,0.06,0.05,0.10
300,1,58,11,54,10,112,26,92,18,0.82,0.20,0.19,0.06,0.17,0.29,58,28,34.10,30.60,0.52,0.62,3.88,5.48,0.86,14.69,0.59,0.62,19.69,3.14,0.35,0.47,0.03,0.07,0.10
301,1,72,15,65,12,143,26,112,16,0.78,0.14,0.21,0.00,0.00,0.00,72,32,35.90,33.50,0.50,0.66,4.26,6.02,0.86,15.59,0.58,0.62,19.69,3.14,0.29,0.59,0.07,0.04,0.12
302,1,42,10,38,9,70,21,56,14,0.80,0.25,0.24,0.00,0.00,0.00,42,36,32.80,32.70,0.60,0.72,3.55,5.02,0.88,15.35,0.68,0.67,12.00,2.45,0.32,0.63,0.09,0.05,0.14
303,1,39,4,36,3,74,9,62,7,0.84,0.11,0.10,0.03,0.03,0.12,39,33,32.30,31.40,0.53,0.66,3.21,4.53,0.85,12.56,0.58,0.62,12.50,2.50,0.32,0.50,0.05,0.06,0.11
305,1,66,10,61,8,110,12,93,8,0.85,0.09,0.15,0.04,0.09,0.21,66,38,38.10,36.50,0.60,0.72,4.45,6.29,0.89,18.78,0.66,0.65,19.57,3.13,0.32,0.62,0.08,0.09,0.16
306,1,67,13,60,9,128,24,110,16,0.86,0.15,0.19,0.04,0.07,0.19,67,33,37.50,34.70,0.52,0.72,4.19,5.92,0.87,15.79,0.55,0.61,20.64,3.21,0.31,0.47,0.07,0.04,0.11
308,1,43,7,38,6,67,12,57,10,0.85,0.18,0.16,0.05,0.11,0.23,43,35,35.80,34.20,0.64,0.70,3.71,5.25,0.89,17.31,0.67,0.68,16.89,2.91,0.44,0.50,0.02,0.09,0.11
309,1,32,9,26,6,51,16,37,9,0.73,0.24,0.28,0.15,0.45,0.47,32,32,31.60,32.00,0.63,0.64,3.17,4.48,0.88,14.40,0.70,0.75,11.25,2.37,0.41,0.67,0.03,0.08,0.11
310,1,46,11,42,10,108,32,83,15,0.77,0.18,0.24,0.07,0.21,0.32,46,29,28.80,26.70,0.43,0.52,3.13,4.43,0.82,11.16,0.51,0.51,11.26,2.37,0.27,0.38,0.04,0.07,0.11
312,1,77,14,70,12,128,20,105,15,0.82,0.14,0.18,0.06,0.17,0.29,77,39,39.90,39.70,0.60,0.78,4.81,6.81,0.90,20.12,0.67,0.71,26.33,3.63,0.35,0.56,0.07,0.07,0.13
314,1,65,9,60,7,155,21,129,15,0.83,0.12,0.14,0.00,0.00,0.00,65,28,33.80,33.60,0.42,0.65,3.69,5.22,0.83,12.71,0.47,0.47,12.29,2.48,0.20,0.44,0.08,0.06,0.14
315,1,66,16,61,15,123,38,99,25,0.80,0.25,0.24,0.02,0.02,0.10,66,31,35.90,34.30,0.54,0.62,4.21,5.95,0.87,16.16,0.62,0.62,20.55,3.21,0.33,0.57,0.05,0.03,0.08
316,1,42,7,38,6,70,14,57,9,0.81,0.16,0.17,0.03,0.03,0.13,42,32,33.90,31.60,0.60,0.64,3.55,5.02,0.88,15.35,0.67,0.69,13.79,2.63,0.35,0.63,0.09,0.02,0.11
317,1,57,14,51,11,94,24,79,15,0.84,0.19,0.25,0.04,0.08,0.20,57,39,38.10,38.60,0.61,0.78,4.16,5.88,0.89,17.92,0.65,0.58,16.33,2.86,0.35,0.68,0.08,0.05,0.13
318,1,46,7,41,6,72,9,58,6,0.81,0.10,0.15,0.00,0.00,0.00,46,32,35.10,34.40,0.64,0.64,3.83,5.42,0.90,17.73,0.71,0.75,13.50,2.60,0.31,0.63,0.12,0.07,0.19
319,1,45,13,42,12,73,24,62,17,0.85,0.27,0.29,0.00,0.00,0.00,45,35,34.10,34.60,0.62,0.70,3.72,5.27,0.89,16.52,0.68,0.72,15.21,2.76,0.34,0.50,0.11,0.05,0.16
321,1,36,6,31,5,60,19,45,11,0.75,0.24,0.17,0.00,0.00,0.00,36,32,31.70,29.80,0.60,0.64,3.29,4.65,0.88,14.25,0.69,0.78,14.09,2.65,0.40,0.53,0.02,0.04,0.07
322,1,57,12,52,11,107,25,89,20,0.83,0.22,0.21,0.04,0.09,0.21,57,32,34.80,33.50,0.53,0.68,3.90,5.51,0.87,15.06,0.58,0.60,16.20,2.85,0.30,0.52,0.08,0.03,0.11
323,1,32,3,29,2,58,8,44,3,0.76,0.07,0.09,0.00,0.00,0.00,32,28,28.70,29.00,0.55,0.56,2.97,4.20,0.85,12.04,0.66,0.67,10.67,2.31,0.36,0.80,0.07,0.05,0.11
324,1,45,4,40,3,86,11,66,5,0.77,0.08,0.09,0.03,0.03,0.13,45,28,32.30,31.30,0.52,0.56,3.43,4.85,0.85,13.30,0.61,0.65,12.90,2.54,0.30,0.50,0.09,0.06,0.15
325,1,48,12,43,9,84,22,71,15,0.85,0.21,0.25,0.00,0.00,0.00,48,31,35.40,33.10,0.57,0.62,3.70,5.24,0.87,15.24,0.61,0.61,13.92,2.64,0.32,0.54,0.04,0.04,0.08
326,1,63,12,57,10,144,25,111,13,0.77,0.12,0.19,0.02,0.02,0.10,63,31,34.00,31.60,0.44,0.66,3.71,5.25,0.83,12.98,0.51,0.53,14.29,2.67,0.24,0.53,0.05,0.05,0.11
327,1,61,10,55,9,122,16,97,9,0.80,0.09,0.16,0.05,0.10,0.22,61,31,34.30,35.00,0.50,0.63,3.91,5.52,0.86,14.46,0.57,0.64,17.36,2.95,0.28,0.50,0.06,0.07,0.13
330,1,38,9,33,8,85,26,62,17,0.73,0.27,0.24,0.06,0.12,0.24,38,31,29.20,29.90,0.45,0.62,2.91,4.12,0.82,10.65,0.53,0.53,9.53,2.18,0.29,0.55,0.03,0.03,0.06
332,1,65,8,61,7,124,13,103,9,0.83,0.09,0.12,0.04,0.07,0.19,65,30,36.10,37.20,0.52,0.67,4.13,5.84,0.87,15.62,0.59,0.56,16.67,2.89,0.29,0.67,0.06,0.09,0.15
334,1,44,5,40,4,83,10,67,4,0.81,0.06,0.11,0.03,0.03,0.12,44,34,31.50,32.10,0.53,0.68,3.42,4.83,0.86,13.36,0.60,0.62,14.30,2.67,0.34,0.59,0.09,0.03,0.12
336,1,54,9,48,8,89,15,70,9,0.79,0.13,0.17,0.00,0.00,0.00,54,35,36.70,38.30,0.61,0.70,4.05,5.72,0.89,17.51,0.69,0.66,13.78,2.62,0.30,0.64,0.10,0.09,0.19
337,1,66,12,60,11,119,28,93,18,0.78,0.19,0.18,0.02,0.02,0.09,66,38,37.40,35.70,0.55,0.75,4.28,6.05,0.88,16.83,0.65,0.68,25.79,3.59,0.41,0.52,0.05,0.04,0.10
339,1,54,8,50,6,123,16,99,8,0.80,0.08,0.15,0.00,0.00,0.00,54,31,31.40,30.10,0.44,0.59,3.44,4.87,0.83,12.22,0.51,0.49,11.26,2.37,0.23,0.50,0.08,0.04,0.12
340,1,41,5,36,2,83,8,63,3,0.76,0.05,0.12,0.00,0.00,0.00,41,25,31.80,27.50,0.49,0.50,3.18,4.50,0.84,12.02,0.57,0.54,8.04,2.00,0.24,0.52,0.14,0.02,0.16
341,0,0,0,0,0,0,0,0,0,0,0,0,0,0,0,0,0,0,0,0,0,0,0,0,0,0,0,0,0,0,0,0,0,0
342,1,53,8,50,7,91,15,79,13,0.87,0.16,0.15,0.02,0.02,0.10,53,35,35.10,34.90,0.58,0.70,3.93,5.56,0.88,16.35,0.63,0.60,17.52,2.96,0.37,0.58,0.06,0.06,0.13
343,1,52,10,47,9,87,19,66,11,0.76,0.17,0.19,0.07,0.14,0.26,52,28,35.40,36.40,0.60,0.56,3.94,5.57,0.88,16.83,0.71,0.69,13.79,2.63,0.30,0.78,0.09,0.05,0.14
344,1,47,13,41,12,68,22,55,15,0.81,0.27,0.28,0.07,0.14,0.27,47,36,37.80,38.20,0.69,0.72,4.03,5.70,0.91,20.93,0.75,0.71,14.29,2.67,0.36,0.75,0.13,0.05,0.18
345,1,55,17,51,15,90,32,73,20,0.81,0.27,0.31,0.09,0.37,0.43,55,35,35.70,35.30,0.61,0.70,4.10,5.80,0.89,17.86,0.70,0.70,20.93,3.23,0.41,0.61,0.05,0.04,0.10
346,1,43,3,39,2,88,6,72,2,0.82,0.03,0.07,0.03,0.03,0.12,43,31,29.90,30.80,0.49,0.62,3.24,4.58,0.84,12.16,0.54,0.62,12.97,2.55,0.29,0.50,0.10,0.01,0.11