filename,sentences,wordtypes,swordtypes,lextypes,slextypes,wordtokens,swordtokens,lextokens,slextokens,ld,ls1,ls2,vs1,vs2,cvs1,ndw,ndwz,ndwerz,ndwesz,ttr,msttr,cttr,rttr,logttr,uber,lv,vv1,svv1,cvv1,vv2,nv,adjv,advv,modv
100.txt,1,47,11,42,10,70,20,51,12,0.73,0.24,0.23,0.12,0.38,0.43,47,35,35.50,36.50,0.67,0.70,3.97,5.62,0.91,19.68,0.82,0.79,15.04,2.74,0.37,0.77,0.22,0.04,0.25
101.txt,1,58,13,50,9,78,15,64,9,0.82,0.14,0.22,0.05,0.11,0.23,58,44,41.10,41.80,0.74,0.88,4.64,6.57,0.93,27.82,0.78,0.76,21.19,3.25,0.44,0.79,0.12,0.05,0.17
105.txt,1,53,10,47,8,85,18,61,9,0.72,0.15,0.19,0.03,0.03,0.13,53,33,36.70,34.70,0.62,0.66,4.06,5.75,0.89,18.15,0.77,0.77,17.63,2.97,0.38,0.76,0.10,0.05,0.15
106.txt,1,29,3,26,2,33,4,29,3,0.88,0.10,0.10,0.00,0.00,0.00,29,29,29,29,0.88,0.88,3.57,5.05,0.96,41.09,0.90,1.00,15.00,2.74,0.52,0.80,0.21,0.07,0.28
109.txt,1,38,8,36,7,58,10,48,7,0.83,0.15,0.21,0.08,0.17,0.29,38,36,33.60,34.70,0.66,0.72,3.53,4.99,0.90,16.93,0.75,0.71,12.04,2.45,0.35,0.77,0.17,0.02,0.19
110.txt,1,45,10,41,9,59,10,48,9,0.81,0.19,0.22,0.08,0.15,0.28,45,39,39.10,39.20,0.76,0.78,4.14,5.86,0.93,26.66,0.85,0.85,18.62,3.05,0.46,0.82,0.15,0.06,0.21
111.txt,1,33,10,27,6,40,10,33,6,0.82,0.18,0.30,0.05,0.05,0.16,33,33,33,33,0.82,0.82,3.69,5.22,0.95,30.72,0.82,0.74,10.32,2.27,0.42,0.86,0.09,0.12,0.21
113.txt,1,33,3,30,2,42,4,38,2,0.90,0.05,0.09,0.00,0.00,0.00,33,33,33,33,0.79,0.79,3.60,5.09,0.94,25.16,0.79,0.86,16.41,2.86,0.50,0.50,0.11,0.11,0.21
115.txt,1,35,6,33,5,43,8,38,6,0.88,0.16,0.17,0.06,0.06,0.17,35,35,35,35,0.81,0.81,3.77,5.34,0.95,29.85,0.87,0.94,16.06,2.83,0.45,0.88,0.11,0.16,0.26
116.txt,0,0,0,0,0,0,0,0,0,0,0,0,0,0,0,0,0,0,0,0,0,0,0,0,0,0,0,0,0,0,0,0,0,0
118.txt,1,43,7,39,6,62,7,54,6,0.87,0.11,0.16,0.07,0.13,0.26,43,36,36.30,35.90,0.69,0.72,3.86,5.46,0.91,20.22,0.72,0.70,14.70,2.71,0.39,0.62,0.09,0.15,0.24
120.txt,1,35,7,30,5,40,7,33,5,0.82,0.15,0.20,0.09,0.17,0.29,35,35,35,35,0.88,0.88,3.91,5.53,0.96,44.26,0.91,0.87,17.39,2.95,0.61,1.00,0.15,0.03,0.18
121.txt,1,48,12,43,9,69,13,58,9,0.84,0.16,0.25,0.03,0.03,0.11,48,40,37.20,38.60,0.70,0.80,4.09,5.78,0.91,21.45,0.74,0.68,17.79,2.98,0.45,0.75,0.09,0.05,0.14
122.txt,1,35,5,31,4,45,6,39,4,0.87,0.10,0.14,0.00,0.00,0.00,35,35,35,35,0.78,0.78,3.69,5.22,0.93,25.04,0.79,0.85,14.45,2.69,0.44,0.71,0.10,0.15,0.26
123.txt,1,42,4,38,3,61,8,48,3,0.79,0.06,0.10,0.03,0.03,0.13,42,37,36.00,36.90,0.69,0.74,3.80,5.38,0.91,19.67,0.79,0.83,20.83,3.23,0.52,0.69,0.10,0.00,0.10
124.txt,1,52,8,49,7,70,12,57,7,0.81,0.12,0.15,0.06,0.13,0.25,52,37,38.40,39.70,0.74,0.74,4.39,6.22,0.93,26.37,0.86,0.81,20.16,3.18,0.44,0.83,0.14,0.11,0.25
126.txt,1,59,13,53,11,102,28,81,19,0.79,0.23,0.22,0.00,0.00,0.00,59,38,37.50,36.70,0.58,0.72,4.13,5.84,0.88,16.97,0.65,0.62,14.30,2.67,0.28,0.59,0.11,0.06,0.17
130.txt,1,51,9,46,8,84,18,67,12,0.80,0.18,0.18,0.00,0.00,0.00,51,38,35.50,35.50,0.61,0.76,3.93,5.56,0.89,17.09,0.69,0.70,13.37,2.59,0.28,0.70,0.10,0.09,0.19
132.txt,1,44,12,36,6,50,14,40,7,0.80,0.17,0.27,0.05,0.05,0.16,44,44,44.00,44.00,0.88,0.88,4.40,6.22,0.97,51.99,0.90,1.00,20.00,3.16,0.50,0.75,0.15,0.10,0.25
134.txt,1,56,11,50,9,80,18,63,12,0.79,0.19,0.20,0.06,0.12,0.24,56,36,38.70,39.60,0.70,0.72,4.43,6.26,0.92,23.38,0.79,0.79,21.44,3.27,0.43,0.75,0.13,0.05,0.17
135.txt,1,32,8,29,7,39,10,32,7,0.82,0.22,0.25,0.12,0.25,0.35,32,32,32,32,0.82,0.82,3.62,5.12,0.95,29.47,0.91,0.94,14.06,2.65,0.47,0.88,0.09,0.12,0.22
137.txt,1,43,5,40,4,57,7,49,5,0.86,0.10,0.12,0.00,0.00,0.00,43,39,38.60,39.00,0.75,0.78,4.03,5.70,0.93,25.19,0.82,0.81,16.96,2.91,0.43,0.57,0.18,0.12,0.31
138.txt,1,32,9,28,6,47,14,36,6,0.77,0.17,0.28,0.00,0.00,0.00,32,32,32,32,0.68,0.68,3.30,4.67,0.90,16.75,0.78,0.70,11.13,2.36,0.44,1.00,0.06,0.08,0.14
141.txt,1,29,5,26,4,35,6,30,4,0.86,0.13,0.17,0.06,0.06,0.18,29,29,29,29,0.83,0.83,3.47,4.90,0.95,29.19,0.87,1.00,16.00,2.83,0.53,0.80,0.10,0.10,0.20
142.txt,1,32,4,29,3,46,6,38,3,0.83,0.08,0.12,0.00,0.00,0.00,32,32,32,32,0.70,0.70,3.34,4.72,0.91,17.54,0.76,0.78,10.89,2.33,0.37,0.67,0.16,0.08,0.24
143.txt,1,38,5,34,4,64,8,53,5,0.83,0.09,0.13,0.03,0.03,0.13,38,36,32.00,35.70,0.59,0.72,3.36,4.75,0.87,14.41,0.64,0.68,14.23,2.67,0.40,0.57,0.08,0.04,0.11
144.txt,1,43,8,41,7,60,13,50,8,0.83,0.16,0.19,0.08,0.16,0.28,43,35,37.10,37.00,0.72,0.70,3.93,5.55,0.92,21.85,0.82,0.84,17.64,2.97,0.42,0.64,0.16,0.10,0.26
145.txt,1,36,8,32,7,46,10,39,7,0.85,0.18,0.22,0.06,0.06,0.17,36,36,36,36,0.78,0.78,3.75,5.31,0.94,25.97,0.82,0.82,11.53,2.40,0.36,0.70,0.18,0.10,0.28
147.txt,1,49,11,45,10,68,15,57,11,0.84,0.19,0.22,0.03,0.03,0.12,49,41,38.90,41.40,0.72,0.82,4.20,5.94,0.92,23.60,0.79,0.76,18.94,3.08,0.44,0.85,0.11,0.05,0.16
148.txt,1,40,7,37,6,54,7,45,6,0.83,0.13,0.17,0.07,0.14,0.27,40,38,37.60,38.20,0.74,0.76,3.85,5.44,0.92,23.03,0.82,0.86,20.57,3.21,0.53,0.70,0.07,0.07,0.13
150.txt,1,29,6,26,5,37,6,32,5,0.86,0.16,0.21,0.06,0.06,0.18,29,29,29,29,0.78,0.78,3.37,4.77,0.93,23.24,0.81,0.88,12.25,2.47,0.44,0.62,0.16,0.06,0.22
152.txt,1,40,3,36,2,53,3,44,2,0.83,0.05,0.07,0.04,0.04,0.14,40,38,38.00,38.50,0.75,0.76,3.89,5.49,0.93,24.33,0.82,0.85,18.62,3.05,0.50,0.73,0.14,0.00,0.14
153.txt,1,57,12,55,11,90,21,76,15,0.84,0.20,0.21,0.05,0.09,0.21,57,35,37.60,35.70,0.63,0.70,4.25,6.01,0.90,19.25,0.72,0.68,20.45,3.20,0.39,0.64,0.11,0.11,0.21
154.txt,1,59,6,53,4,85,7,70,4,0.82,0.06,0.10,0.03,0.03,0.11,59,36,39.40,37.60,0.69,0.72,4.53,6.40,0.92,23.48,0.76,0.75,22.50,3.35,0.43,0.71,0.07,0.09,0.16
155.txt,1,49,10,42,7,65,18,52,10,0.80,0.19,0.20,0.03,0.03,0.13,49,37,40.40,40.10,0.75,0.74,4.30,6.08,0.93,26.78,0.81,0.79,18.24,3.02,0.44,0.86,0.10,0.04,0.13
156.txt,1,38,9,34,8,52,9,45,8,0.87,0.18,0.24,0.04,0.04,0.14,38,37,37.00,37.50,0.73,0.74,3.73,5.27,0.92,21.62,0.76,0.75,13.50,2.60,0.40,0.80,0.16,0.07,0.22
157.txt,1,24,3,20,2,25,3,21,2,0.84,0.10,0.12,0.00,0.00,0.00,24,24,24,24,0.96,0.96,3.39,4.80,0.99,110.23,0.95,1.00,7.00,1.87,0.33,0.80,0.24,0.19,0.43
159.txt,1,37,8,31,6,53,12,41,8,0.77,0.20,0.22,0.05,0.05,0.15,37,36,35.30,36.40,0.70,0.72,3.59,5.08,0.91,19.05,0.76,0.76,12.19,2.47,0.39,0.67,0.15,0.07,0.22
160.txt,1,38,9,33,8,46,9,39,8,0.85,0.21,0.24,0.17,0.70,0.59,38,38,38,38,0.83,0.83,3.96,5.60,0.95,33.32,0.85,0.83,15.70,2.80,0.49,0.67,0.21,0.05,0.26
161.txt,1,34,8,31,5,42,9,38,5,0.90,0.13,0.24,0.04,0.04,0.14,34,34,34,34,0.81,0.81,3.71,5.25,0.94,28.71,0.82,0.76,14.44,2.69,0.50,0.86,0.11,0.05,0.16
163.txt,1,55,11,51,10,80,15,66,11,0.82,0.17,0.20,0.12,0.48,0.49,55,38,37.80,37.90,0.69,0.76,4.35,6.15,0.91,22.26,0.77,0.82,22.09,3.32,0.41,0.69,0.12,0.11,0.23
164.txt,1,43,7,38,5,63,8,50,5,0.79,0.10,0.16,0.00,0.00,0.00,43,35,36.10,35.40,0.68,0.70,3.83,5.42,0.91,19.52,0.76,0.73,13.88,2.63,0.38,0.67,0.14,0.08,0.22
165.txt,1,36,5,31,4,49,7,39,4,0.80,0.10,0.14,0.05,0.05,0.16,36,36,36,36,0.73,0.73,3.64,5.14,0.92,21.34,0.79,0.85,14.45,2.69,0.44,0.60,0.15,0.05,0.21
166.txt,1,29,5,25,3,46,6,38,3,0.83,0.08,0.17,0.00,0.00,0.00,29,29,29,29,0.63,0.63,3.02,4.28,0.88,13.80,0.66,0.68,8.89,2.11,0.34,0.43,0.16,0.08,0.24
167.txt,1,36,7,32,6,48,10,39,8,0.81,0.21,0.19,0.10,0.20,0.32,36,36,36,36,0.75,0.75,3.67,5.20,0.93,22.62,0.82,0.85,14.45,2.69,0.44,0.56,0.13,0.13,0.26
168.txt,1,29,6,25,6,36,6,31,6,0.86,0.19,0.21,0.11,0.21,0.32,29,29,29,29,0.81,0.81,3.42,4.83,0.94,25.79,0.81,0.79,11.84,2.43,0.48,0.71,0.13,0.03,0.16
170.txt,1,42,7,38,6,56,10,47,6,0.84,0.13,0.17,0.00,0.00,0.00,42,38,38.20,39.80,0.75,0.76,3.97,5.61,0.93,24.46,0.81,0.80,16.00,2.83,0.43,0.91,0.11,0.09,0.19
171.txt,1,50,6,45,4,67,6,58,4,0.87,0.07,0.12,0.06,0.12,0.24,50,39,38.60,40.00,0.75,0.78,4.32,6.11,0.93,26.23,0.78,0.76,19.88,3.15,0.45,0.69,0.12,0.05,0.17
172.txt,0,0,0,0,0,0,0,0,0,0,0,0,0,0,0,0,0,0,0,0,0,0,0,0,0,0,0,0,0,0,0,0,0,0
173.txt,1,51,11,47,10,77,14,64,10,0.83,0.16,0.22,0.05,0.10,0.22,51,39,37.90,36.00,0.66,0.78,4.11,5.81,0.91,19.89,0.73,0.76,23.44,3.42,0.48,0.62,0.05,0.08,0.12
174.txt,1,45,8,41,7,60,8,51,7,0.85,0.14,0.18,0.10,0.30,0.39,45,41,39.20,38.60,0.75,0.82,4.11,5.81,0.93,25.31,0.80,0.83,20.83,3.23,0.49,0.75,0.08,0.06,0.14
175.txt,1,51,10,47,8,69,13,61,9,0.88,0.15,0.20,0.06,0.11,0.24,51,40,39.60,39.40,0.74,0.80,4.34,6.14,0.93,25.76,0.77,0.71,17.86,2.99,0.41,0.92,0.05,0.13,0.18
177.txt,1,32,8,28,7,40,10,36,9,0.90,0.25,0.25,0.16,0.47,0.49,32,32,32,32,0.80,0.80,3.58,5.06,0.94,26.48,0.78,0.74,10.32,2.27,0.39,0.75,0.08,0.14,0.22
179.txt,1,33,6,29,5,47,9,39,5,0.83,0.13,0.18,0.10,0.19,0.31,33,33,33,33,0.70,0.70,3.40,4.81,0.91,18.20,0.74,0.67,9.33,2.16,0.36,0.57,0.15,0.13,0.28
182.txt,1,33,8,30,7,57,11,46,7,0.81,0.15,0.24,0.04,0.04,0.14,33,29,30.00,29.60,0.58,0.58,3.09,4.37,0.86,12.99,0.65,0.63,10.70,2.31,0.37,0.70,0.09,0.07,0.15
183.txt,1,46,7,43,6,80,12,68,7,0.85,0.10,0.15,0.03,0.03,0.12,46,37,33.40,33.30,0.57,0.74,3.64,5.14,0.87,15.07,0.63,0.69,16.46,2.87,0.35,0.56,0.09,0.07,0.16
185.txt,1,40,10,32,5,46,12,36,6,0.78,0.17,0.25,0.10,0.19,0.31,40,40,40,40,0.87,0.87,4.17,5.90,0.96,45.55,0.89,0.95,19.05,3.09,0.56,0.67,0.11,0.06,0.17
186.txt,1,52,13,46,10,67,15,54,10,0.81,0.19,0.25,0.10,0.30,0.39,52,44,41.90,43.00,0.78,0.88,4.49,6.35,0.94,30.29,0.85,0.83,20.83,3.23,0.46,0.82,0.15,0.07,0.22
189.txt,1,52,13,45,10,87,22,66,12,0.76,0.18,0.25,0.06,0.11,0.24,52,39,35.70,35.20,0.60,0.78,3.94,5.57,0.88,16.83,0.68,0.60,12.60,2.51,0.32,0.75,0.09,0.09,0.18
191.txt,1,35,7,33,6,60,9,49,6,0.82,0.12,0.20,0.03,0.03,0.13,35,31,32.00,32.90,0.58,0.62,3.20,4.52,0.87,13.51,0.67,0.63,12.03,2.45,0.39,0.60,0.14,0.02,0.16
193.txt,1,33,8,31,6,43,10,38,6,0.88,0.16,0.24,0.11,0.22,0.33,33,33,33,33,0.77,0.77,3.56,5.03,0.93,23.21,0.82,0.72,9.39,2.17,0.34,0.88,0.18,0.11,0.29
194.txt,1,34,9,31,7,51,9,46,7,0.90,0.15,0.26,0.10,0.19,0.31,34,34,33.70,33.50,0.67,0.68,3.37,4.76,0.90,16.56,0.67,0.76,12.19,2.47,0.35,0.60,0.13,0.07,0.20
195.txt,1,38,7,35,6,62,8,50,6,0.81,0.12,0.18,0.07,0.14,0.27,38,36,32.90,33.40,0.61,0.72,3.41,4.83,0.88,15.11,0.70,0.75,15.75,2.81,0.42,0.70,0.12,0.02,0.14
196.txt,1,29,8,23,5,34,9,25,5,0.74,0.20,0.28,0.08,0.08,0.20,29,29,29,29,0.85,0.85,3.52,4.97,0.95,33.95,0.92,0.92,10.08,2.25,0.44,0.88,0.16,0.04,0.20
197.txt,1,51,12,46,10,75,19,60,11,0.80,0.18,0.24,0.03,0.03,0.12,51,38,37.60,35.00,0.68,0.76,4.16,5.89,0.91,20.99,0.77,0.78,19.53,3.12,0.42,0.65,0.10,0.07,0.17
198.txt,1,33,8,32,7,53,10,46,8,0.87,0.17,0.24,0.05,0.05,0.15,33,32,31.80,31.80,0.62,0.64,3.21,4.53,0.88,14.45,0.70,0.68,10.23,2.26,0.33,0.89,0.17,0.04,0.22
199.txt,1,35,7,32,6,51,10,42,8,0.82,0.19,0.20,0.06,0.06,0.17,35,35,34.30,34.50,0.69,0.70,3.47,4.90,0.90,17.83,0.76,0.83,12.50,2.50,0.36,0.60,0.17,0.10,0.26
200.txt,1,42,7,39,6,54,11,46,8,0.85,0.17,0.17,0.04,0.04,0.14,42,39,39.80,38.60,0.78,0.78,4.04,5.72,0.94,27.50,0.85,0.80,16.00,2.83,0.43,0.83,0.13,0.17,0.30
202.txt,1,38,5,35,4,48,10,38,4,0.79,0.11,0.13,0.05,0.05,0.16,38,38,38,38,0.79,0.79,3.88,5.48,0.94,27.86,0.92,1.00,19.00,3.08,0.50,0.62,0.18,0.11,0.29
203.txt,0,0,0,0,0,0,0,0,0,0,0,0,0,0,0,0,0,0,0,0,0,0,0,0,0,0,0,0,0,0,0,0,0,0
206.txt,1,33,8,28,6,46,12,36,6,0.78,0.17,0.24,0.07,0.07,0.19,33,33,33,33,0.72,0.72,3.44,4.87,0.91,19.17,0.78,0.93,12.07,2.46,0.36,0.67,0.11,0.11,0.22
207.txt,1,30,8,26,7,45,9,37,8,0.82,0.22,0.27,0.12,0.24,0.34,30,30,30,30,0.67,0.67,3.16,4.47,0.89,15.52,0.70,0.76,9.94,2.23,0.35,0.62,0.14,0.08,0.22
208.txt,1,34,7,30,6,48,9,37,7,0.77,0.19,0.21,0.11,0.22,0.33,34,34,34,34,0.71,0.71,3.47,4.91,0.91,18.87,0.81,0.83,12.50,2.50,0.41,0.78,0.19,0.03,0.22
209.txt,1,29,9,25,6,38,16,29,8,0.76,0.28,0.31,0.07,0.07,0.18,29,29,29,29,0.76,0.76,3.33,4.70,0.93,21.26,0.86,0.93,13.07,2.56,0.48,0.75,0.14,0.03,0.17
210.txt,1,55,15,50,13,97,29,79,19,0.81,0.24,0.27,0.05,0.09,0.21,55,34,35.70,34.80,0.57,0.68,3.95,5.58,0.88,16.02,0.63,0.64,17.82,2.98,0.35,0.52,0.10,0.03,0.13
212.txt,1,11,3,10,2,11,3,10,2,0.91,0.20,0.27,0.25,0.25,0.35,11,11,11,11,1.00,1.00,2.35,3.32,1.00,NaN,1.00,1.00,4.00,1.41,0.40,1.00,0.30,0.20,0.50
213.txt,1,38,5,34,4,60,7,44,4,0.73,0.09,0.13,0.04,0.04,0.15,38,36,33.90,34.00,0.63,0.72,3.47,4.91,0.89,15.94,0.77,0.83,15.70,2.80,0.43,0.73,0.11,0.05,0.16
214.txt,1,37,6,33,5,47,6,38,5,0.81,0.13,0.16,0.05,0.05,0.16,37,37,37,37,0.79,0.79,3.82,5.40,0.94,26.91,0.87,0.80,12.80,2.53,0.42,0.83,0.18,0.13,0.32
215.txt,1,31,5,30,4,42,12,34,6,0.81,0.18,0.16,0.00,0.00,0.00,31,31,31,31,0.74,0.74,3.38,4.78,0.92,19.98,0.88,0.94,14.06,2.65,0.44,0.73,0.12,0.09,0.21
216.txt,1,31,10,27,8,34,11,28,8,0.82,0.29,0.32,0.17,0.50,0.50,31,31,31,31,0.91,0.91,3.76,5.32,0.97,58.46,0.96,0.94,16.06,2.83,0.61,1.00,0.11,0.04,0.14
217.txt,1,52,14,46,11,85,31,66,18,0.78,0.27,0.27,0.07,0.13,0.26,52,37,34.30,37.30,0.61,0.74,3.99,5.64,0.89,17.44,0.70,0.73,16.13,2.84,0.33,0.61,0.12,0.05,0.17
218.txt,1,39,7,36,6,56,9,49,7,0.88,0.14,0.18,0.07,0.14,0.27,39,34,35.80,34.40,0.70,0.68,3.69,5.21,0.91,19.45,0.73,0.75,15.75,2.81,0.43,0.75,0.12,0.06,0.18
219.txt,1,27,4,24,3,38,5,31,3,0.82,0.10,0.15,0.00,0.00,0.00,27,27,27,27,0.71,0.71,3.10,4.38,0.91,16.82,0.77,0.86,10.29,2.27,0.39,0.67,0.23,0.10,0.32
220.txt,1,35,6,30,5,48,7,38,5,0.79,0.13,0.17,0.00,0.00,0.00,35,35,35,35,0.73,0.73,3.57,5.05,0.92,20.61,0.79,0.78,10.89,2.33,0.37,0.80,0.11,0.11,0.21
221.txt,1,36,6,33,5,55,6,45,5,0.82,0.11,0.17,0.04,0.04,0.15,36,35,33.80,33.70,0.65,0.70,3.43,4.85,0.89,16.46,0.73,0.74,12.57,2.51,0.38,0.67,0.16,0.07,0.22
222.txt,1,45,10,42,8,59,11,56,9,0.95,0.16,0.22,0.06,0.12,0.25,45,38,39.40,36.80,0.76,0.76,4.14,5.86,0.93,26.66,0.75,0.72,16.53,2.88,0.41,0.80,0.09,0.12,0.21
224.txt,1,47,6,42,5,65,6,55,5,0.85,0.09,0.13,0.03,0.03,0.12,47,39,38.50,38.70,0.72,0.78,4.12,5.83,0.92,23.34,0.76,0.76,18.94,3.08,0.45,0.80,0.07,0.09,0.16
225.txt,1,39,5,36,4,60,12,49,4,0.82,0.08,0.13,0.05,0.05,0.15,39,32,33.80,33.20,0.65,0.64,3.56,5.03,0.89,16.90,0.73,0.86,16.41,2.86,0.39,0.64,0.16,0.04,0.20
226.txt,1,29,7,23,3,38,11,28,5,0.74,0.18,0.24,0.00,0.00,0.00,29,29,29,29,0.76,0.76,3.33,4.70,0.93,21.26,0.82,0.82,7.36,1.92,0.32,0.71,0.14,0.18,0.32
228.txt,1,41,7,36,6,56,7,45,6,0.80,0.13,0.17,0.11,0.32,0.40,41,37,37.20,36.80,0.73,0.74,3.87,5.48,0.92,22.57,0.80,0.82,18.89,3.07,0.51,0.64,0.09,0.04,0.13
230.txt,1,50,9,47,8,70,12,64,9,0.91,0.14,0.18,0.11,0.56,0.53,50,38,37.90,39.80,0.71,0.76,4.23,5.98,0.92,23.30,0.73,0.69,21.36,3.27,0.48,0.80,0.06,0.06,0.12
232.txt,1,38,5,34,4,52,8,41,4,0.79,0.10,0.13,0.00,0.00,0.00,38,38,36.80,37.40,0.73,0.76,3.73,5.27,0.92,21.62,0.83,0.87,17.39,2.95,0.49,0.64,0.05,0.12,0.17
233.txt,1,44,9,40,8,65,10,60,8,0.92,0.13,0.20,0.05,0.10,0.22,44,36,36.90,35.40,0.68,0.72,3.86,5.46,0.91,19.39,0.67,0.65,16.90,2.91,0.43,0.50,0.10,0.07,0.17
234.txt,0,0,0,0,0,0,0,0,0,0,0,0,0,0,0,0,0,0,0,0,0,0,0,0,0,0,0,0,0,0,0,0,0,0
235.txt,1,42,13,35,9,57,15,43,9,0.75,0.21,0.31,0.04,0.04,0.14,42,36,37.70,36.40,0.74,0.72,3.93,5.56,0.92,23.25,0.81,0.83,16.67,2.89,0.47,0.86,0.12,0.09,0.21
237.txt,1,47,5,43,4,68,6,59,4,0.87,0.07,0.11,0.03,0.03,0.12,47,41,38.50,38.10,0.69,0.82,4.03,5.70,0.91,20.93,0.73,0.74,18.38,3.03,0.42,0.67,0.10,0.08,0.19
240.txt,1,30,6,26,5,40,11,30,6,0.75,0.20,0.20,0.08,0.08,0.20,30,30,30,30,0.75,0.75,3.35,4.74,0.92,20.54,0.87,0.92,10.08,2.25,0.37,0.75,0.30,0.03,0.33
241.txt,1,29,6,26,6,37,6,30,6,0.81,0.20,0.21,0.06,0.06,0.17,29,29,29,29,0.78,0.78,3.37,4.77,0.93,23.24,0.87,0.83,12.50,2.50,0.50,0.88,0.13,0.00,0.13
242.txt,1,40,5,36,4,49,7,43,4,0.88,0.09,0.12,0.04,0.04,0.14,40,40,40,40,0.82,0.82,4.04,5.71,0.95,32.41,0.84,0.84,17.64,2.97,0.49,0.71,0.16,0.07,0.23
243.txt,1,65,15,59,13,98,25,76,14,0.78,0.18,0.23,0.13,0.66,0.57,65,35,39.50,38.00,0.66,0.70,4.64,6.57,0.91,22.24,0.78,0.68,17.79,2.98,0.34,0.84,0.14,0.08,0.22
246.txt,1,39,6,35,5,50,7,43,5,0.86,0.12,0.15,0.09,0.17,0.29,39,39,39.00,39.00,0.78,0.78,3.90,5.52,0.94,26.75,0.81,0.74,12.57,2.51,0.40,0.80,0.09,0.14,0.23
248.txt,1,57,8,52,6,94,8,81,6,0.86,0.07,0.14,0.02,0.02,0.10,57,38,37.50,37.50,0.61,0.76,4.16,5.88,0.89,17.92,0.64,0.62,17.89,2.99,0.36,0.62,0.14,0.05,0.19
249.txt,1,52,3,48,2,72,4,66,3,0.92,0.05,0.06,0.00,0.00,0.00,52,37,39.00,37.70,0.72,0.74,4.33,6.13,0.92,24.41,0.73,0.79,21.44,3.27,0.41,0.55,0.15,0.09,0.24
251.txt,1,26,3,22,3,37,3,31,3,0.84,0.10,0.12,0.04,0.04,0.15,26,26,26,26,0.70,0.70,3.02,4.27,0.90,16.05,0.71,0.65,9.78,2.21,0.48,0.75,0.06,0.06,0.13
252.txt,1,34,6,29,5,40,7,33,6,0.82,0.18,0.18,0.05,0.05,0.15,34,34,34,34,0.85,0.85,3.80,5.38,0.96,36.36,0.88,0.82,14.73,2.71,0.55,1.00,0.15,0.03,0.18
253.txt,1,42,9,37,6,55,12,45,8,0.82,0.18,0.21,0.04,0.04,0.15,42,39,38.90,40.30,0.76,0.78,4.00,5.66,0.93,25.86,0.82,0.78,14.09,2.65,0.40,0.90,0.11,0.11,0.22
254.txt,1,35,4,31,3,48,6,43,4,0.90,0.09,0.11,0.00,0.00,0.00,35,35,35,35,0.73,0.73,3.57,5.05,0.92,20.61,0.72,0.67,10.67,2.31,0.37,0.89,0.12,0.05,0.16
256.txt,1,33,5,29,4,41,8,33,6,0.80,0.18,0.15,0.06,0.06,0.17,33,33,33,33,0.80,0.80,3.64,5.15,0.94,27.59,0.88,0.83,12.50,2.50,0.45,0.88,0.18,0.03,0.21
257.txt,1,28,5,25,4,35,6,29,4,0.83,0.14,0.18,0.00,0.00,0.00,28,28,28,28,0.80,0.80,3.35,4.73,0.94,24.60,0.86,0.88,12.25,2.47,0.48,0.75,0.21,0.07,0.28
258.txt,1,35,10,30,7,49,13,40,8,0.82,0.20,0.29,0.04,0.04,0.15,35,35,35,35,0.71,0.71,3.54,5.00,0.91,19.55,0.75,0.74,12.57,2.51,0.42,0.70,0.10,0.07,0.17
260.txt,1,41,13,36,10,51,15,40,11,0.78,0.28,0.32,0.05,0.05,0.16,41,41,40.10,41.00,0.80,0.82,4.06,5.74,0.94,30.76,0.90,0.89,15.21,2.76,0.42,0.87,0.12,0.03,0.15
261.txt,1,51,14,47,12,72,16,59,13,0.82,0.22,0.27,0.10,0.31,0.39,51,39,38.00,37.20,0.71,0.78,4.25,6.01,0.92,23.03,0.80,0.72,15.21,2.76,0.36,0.80,0.17,0.15,0.32
262.txt,1,35,6,32,5,42,7,35,5,0.83,0.14,0.17,0.00,0.00,0.00,35,35,35,35,0.83,0.83,3.82,5.40,0.95,33.28,0.91,0.95,17.05,2.92,0.51,0.83,0.09,0.03,0.11
263.txt,1,47,9,44,8,62,11,56,8,0.90,0.14,0.19,0.12,0.48,0.49,47,41,39.80,39.60,0.76,0.82,4.22,5.97,0.93,26.71,0.79,0.79,20.48,3.20,0.46,0.70,0.11,0.11,0.21
264.txt,1,26,4,23,4,33,5,28,5,0.85,0.18,0.15,0.11,0.21,0.32,26,26,26,26,0.79,0.79,3.20,4.53,0.93,22.27,0.82,0.79,11.84,2.43,0.54,0.80,0.11,0.04,0.14
265.txt,1,47,6,42,5,66,9,52,7,0.79,0.13,0.13,0.04,0.04,0.15,47,39,38.00,39.80,0.71,0.78,4.09,5.79,0.92,22.45,0.81,0.78,14.09,2.65,0.35,0.80,0.15,0.17,0.33
266.txt,1,48,9,42,6,63,14,51,7,0.81,0.14,0.19,0.03,0.03,0.13,48,41,40.30,39.70,0.76,0.82,4.28,6.05,0.93,27.41,0.82,0.81,20.16,3.18,0.49,0.83,0.08,0.08,0.16
272.txt,1,42,10,39,9,52,12,43,9,0.83,0.21,0.24,0.10,0.20,0.32,42,40,40.70,40.70,0.81,0.80,4.12,5.82,0.95,31.75,0.91,0.85,14.45,2.69,0.40,0.92,0.16,0.07,0.23
273.txt,1,40,10,37,8,50,17,42,10,0.84,0.24,0.25,0.04,0.04,0.14,40,40,40.00,40.00,0.80,0.80,4.00,5.66,0.94,29.79,0.88,0.88,19.36,3.11,0.52,0.83,0.07,0.05,0.12
274.txt,1,34,6,31,5,55,11,46,7,0.84,0.15,0.18,0.04,0.04,0.14,34,33,31.80,31.80,0.62,0.66,3.24,4.58,0.88,14.50,0.67,0.68,11.56,2.40,0.37,0.70,0.11,0.04,0.15
275.txt,1,53,10,49,9,78,18,63,11,0.81,0.17,0.19,0.06,0.12,0.25,53,37,37.30,37.30,0.68,0.74,4.24,6.00,0.91,21.33,0.78,0.84,22.78,3.38,0.43,0.59,0.14,0.05,0.19
276.txt,1,39,8,32,3,56,13,43,6,0.77,0.14,0.21,0.04,0.04,0.14,39,35,35.50,35.20,0.70,0.70,3.69,5.21,0.91,19.45,0.74,0.80,16.00,2.83,0.47,0.75,0.09,0.07,0.16
277.txt,1,33,7,28,4,57,13,41,4,0.72,0.10,0.21,0.05,0.05,0.15,33,28,30.70,29.10,0.58,0.56,3.09,4.37,0.86,12.99,0.68,0.71,10.71,2.31,0.37,0.56,0.10,0.10,0.20
278.txt,1,37,6,34,5,51,8,41,5,0.80,0.12,0.16,0.00,0.00,0.00,37,36,36.60,36.00,0.73,0.72,3.66,5.18,0.92,20.92,0.83,0.81,13.76,2.62,0.41,0.91,0.07,0.10,0.17
279.txt,1,31,4,29,3,42,4,37,3,0.88,0.08,0.13,0.05,0.05,0.15,31,31,31,31,0.74,0.74,3.38,4.78,0.92,19.98,0.78,0.76,12.19,2.47,0.43,1.00,0.14,0.08,0.22
281.txt,1,40,3,36,2,54,5,44,2,0.81,0.05,0.07,0.00,0.00,0.00,40,38,37.80,37.70,0.74,0.76,3.85,5.44,0.92,23.03,0.82,0.79,17.29,2.94,0.50,0.80,0.16,0.07,0.23
282.txt,1,32,12,28,10,45,19,33,10,0.73,0.30,0.38,0.00,0.00,0.00,32,32,32,32,0.71,0.71,3.37,4.77,0.91,18.46,0.85,0.80,9.60,2.19,0.36,1.00,0.18,0.06,0.24
284.txt,1,12,7,11,6,13,7,12,6,0.92,0.50,0.58,0.20,0.20,0.32,12,12,12,12,0.92,0.92,2.35,3.33,0.97,35.70,0.92,1.00,5.00,1.58,0.42,1.00,0.17,0.08,0.25
285.txt,1,34,6,32,5,40,9,36,6,0.90,0.17,0.18,0.00,0.00,0.00,34,34,34,34,0.85,0.85,3.80,5.38,0.96,36.36,0.89,0.89,14.22,2.67,0.44,0.80,0.08,0.14,0.22
287.txt,1,20,5,19,5,20,5,19,5,0.95,0.26,0.25,0.08,0.08,0.20,20,20,20,20,1.00,1.00,3.16,4.47,1.00,NaN,1.00,1.00,12.00,2.45,0.63,1.00,0.16,0.11,0.26
288.txt,1,37,7,35,6,47,7,39,6,0.83,0.15,0.19,0.06,0.06,0.17,37,37,37,37,0.79,0.79,3.82,5.40,0.94,26.91,0.90,1.00,18.00,3.00,0.46,0.88,0.13,0.15,0.28
290.txt,1,39,8,35,7,50,8,45,7,0.90,0.16,0.21,0.08,0.17,0.29,39,39,39.00,39.00,0.78,0.78,3.90,5.52,0.94,26.75,0.78,0.67,10.67,2.31,0.36,0.88,0.18,0.09,0.27
291.txt,1,35,4,31,3,44,6,37,3,0.84,0.08,0.11,0.00,0.00,0.00,35,35,35,35,0.80,0.80,3.73,5.28,0.94,27.18,0.84,0.86,15.43,2.78,0.49,0.86,0.08,0.14,0.22
292.txt,1,39,7,36,6,71,15,60,9,0.85,0.15,0.18,0.03,0.03,0.11,39,32,32.00,32.20,0.55,0.64,3.27,4.63,0.86,13.17,0.60,0.59,13.56,2.60,0.38,0.56,0.07,0.07,0.13
293.txt,1,41,5,36,3,71,7,58,3,0.82,0.05,0.12,0.04,0.04,0.13,41,37,32.40,34.20,0.58,0.74,3.44,4.87,0.87,14.37,0.62,0.61,10.32,2.27,0.29,0.62,0.16,0.09,0.24
294.txt,1,18,5,14,4,19,5,15,4,0.79,0.27,0.28,0.10,0.10,0.22,18,18,18,18,0.95,0.95,2.92,4.13,0.98,69.64,0.93,0.90,8.10,2.01,0.60,1.00,0.20,0.00,0.20
295.txt,1,45,7,41,6,60,8,50,7,0.83,0.14,0.16,0.04,0.04,0.14,45,39,38.80,38.20,0.75,0.78,4.11,5.81,0.93,25.31,0.82,0.81,17.93,2.99,0.44,0.77,0.06,0.12,0.18
297.txt,1,36,6,32,5,52,7,41,5,0.79,0.12,0.17,0.05,0.05,0.16,36,36,35.00,34.90,0.69,0.72,3.53,4.99,0.91,18.44,0.78,0.84,13.47,2.60,0.39,0.80,0.12,0.07,0.20
299.txt,1,55,9,50,8,80,13,65,9,0.81,0.14,0.16,0.06,0.13,0.25,55,39,39.70,39.70,0.69,0.78,4.35,6.15,0.91,22.26,0.77,0.90,25.29,3.56,0.43,0.60,0.12,0.09,0.22
300.txt,1,31,4,28,3,44,7,35,4,0.80,0.11,0.13,0.00,0.00,0.00,31,31,31,31,0.70,0.70,3.30,4.67,0.91,17.76,0.80,0.94,14.06,2.65,0.43,0.62,0.20,0.03,0.23
301.txt,1,39,6,35,5,60,7,52,5,0.87,0.10,0.15,0.00,0.00,0.00,39,35,34.70,35.30,0.65,0.70,3.56,5.03,0.89,16.90,0.67,0.61,11.65,2.41,0.37,0.50,0.15,0.10,0.25
303.txt,1,38,7,33,5,48,11,40,7,0.83,0.17,0.18,0.04,0.04,0.14,38,38,38,38,0.79,0.79,3.88,5.48,0.94,27.86,0.82,0.83,16.67,2.89,0.50,0.67,0.12,0.10,0.23
305.txt,1,52,7,48,6,70,8,60,6,0.86,0.10,0.13,0.03,0.03,0.13,52,39,40.60,40.20,0.74,0.78,4.39,6.22,0.93,26.37,0.80,0.83,20.83,3.23,0.42,0.78,0.13,0.15,0.28
306.txt,1,48,6,44,5,80,10,67,6,0.84,0.09,0.12,0.03,0.03,0.12,48,36,35.30,31.60,0.60,0.72,3.79,5.37,0.88,16.33,0.66,0.65,14.24,2.67,0.33,0.50,0.12,0.10,0.22
307.txt,1,36,3,32,3,46,3,37,3,0.80,0.08,0.08,0.05,0.05,0.16,36,36,36,36,0.78,0.78,3.75,5.31,0.94,25.97,0.86,0.84,13.47,2.60,0.43,0.83,0.08,0.08,0.16
308.txt,1,32,4,30,4,42,5,39,5,0.93,0.13,0.12,0.08,0.17,0.29,32,32,32,32,0.76,0.76,3.49,4.94,0.93,22.31,0.77,0.71,12.04,2.45,0.44,0.75,0.13,0.05,0.18
309.txt,1,30,8,25,5,34,9,27,5,0.79,0.19,0.27,0.06,0.06,0.17,30,30,30,30,0.88,0.88,3.64,5.14,0.96,43.15,0.93,0.89,14.22,2.67,0.59,1.00,0.11,0.04,0.15
310.txt,1,44,7,41,6,58,10,48,6,0.83,0.12,0.16,0.04,0.04,0.14,44,38,39.90,38.70,0.76,0.76,4.09,5.78,0.93,25.92,0.85,0.81,17.93,2.99,0.46,0.75,0.17,0.10,0.27
314.txt,1,31,10,27,8,43,17,33,10,0.77,0.30,0.32,0.12,0.25,0.35,31,31,31,31,0.72,0.72,3.34,4.73,0.91,18.78,0.82,0.81,10.56,2.30,0.39,0.80,0.12,0.06,0.18
315.txt,1,62,12,57,11,108,18,87,13,0.81,0.15,0.19,0.04,0.09,0.21,62,36,35.90,39.50,0.57,0.76,4.22,5.97,0.88,17.15,0.66,0.65,19.57,3.13,0.34,0.62,0.09,0.07,0.16
316.txt,1,45,9,42,8,69,14,55,11,0.80,0.20,0.20,0.03,0.03,0.13,45,37,36.80,37.40,0.65,0.74,3.83,5.42,0.90,18.21,0.76,0.77,17.63,2.97,0.42,0.86,0.07,0.09,0.16
317.txt,1,25,8,21,5,40,16,28,6,0.70,0.21,0.32,0.12,0.25,0.35,25,25,25,25,0.62,0.62,2.80,3.95,0.87,12.57,0.75,0.75,9.00,2.12,0.43,0.57,0.18,0.00,0.18
318.txt,1,30,6,26,3,33,6,27,3,0.82,0.11,0.20,0.06,0.06,0.18,30,30,30,30,0.91,0.91,3.69,5.22,0.97,55.71,0.96,1.00,16.00,2.83,0.59,1.00,0.15,0.04,0.19
320.txt,1,36,7,32,6,47,14,37,8,0.79,0.22,0.19,0.06,0.06,0.17,36,36,36,36,0.77,0.77,3.71,5.25,0.93,24.15,0.86,0.94,16.06,2.83,0.46,0.60,0.11,0.14,0.24
321.txt,1,42,7,38,6,57,8,46,6,0.81,0.13,0.17,0.04,0.04,0.14,42,38,38.30,39.10,0.74,0.76,3.93,5.56,0.92,23.25,0.83,0.77,15.38,2.77,0.43,0.89,0.15,0.07,0.22
322.txt,1,17,3,15,3,23,3,21,3,0.91,0.14,0.18,0.09,0.09,0.21,17,17,17,17,0.74,0.74,2.51,3.54,0.90,14.12,0.71,0.73,5.82,1.71,0.38,0.60,0.10,0.10,0.19
323.txt,1,34,5,30,3,43,6,38,3,0.88,0.08,0.15,0.00,0.00,0.00,34,34,34,34,0.79,0.79,3.67,5.18,0.94,26.16,0.79,0.74,12.57,2.51,0.45,0.75,0.13,0.16,0.29
324.txt,1,32,7,29,6,42,11,33,7,0.79,0.21,0.22,0.13,0.27,0.37,32,32,32,32,0.76,0.76,3.49,4.94,0.93,22.31,0.88,0.93,13.07,2.56,0.42,0.80,0.09,0.12,0.21
325.txt,1,33,7,29,6,43,9,36,6,0.84,0.17,0.21,0.05,0.05,0.16,33,33,33,33,0.77,0.77,3.56,5.03,0.93,23.21,0.81,0.74,10.32,2.27,0.39,1.00,0.08,0.14,0.22
326.txt,1,41,3,37,1,53,5,44,1,0.83,0.02,0.07,0.00,0.00,0.00,41,40,38.90,39.70,0.77,0.80,3.98,5.63,0.94,26.67,0.84,0.90,16.20,2.85,0.41,0.67,0.16,0.09,0.25
327.txt,1,48,9,45,8,62,12,53,8,0.85,0.15,0.19,0.10,0.29,0.38,48,40,39.00,41.70,0.77,0.80,4.31,6.10,0.94,28.90,0.85,0.81,20.16,3.18,0.47,1.00,0.09,0.09,0.19
328.txt,1,18,3,17,3,18,3,17,3,0.94,0.18,0.17,0.20,0.40,0.45,18,18,18,18,1.00,1.00,3.00,4.24,1.00,NaN,1.00,1.00,10.00,2.24,0.59,1.00,0.18,0.12,0.29
329.txt,1,47,9,42,7,69,11,58,8,0.84,0.14,0.19,0.06,0.12,0.25,47,36,37.50,38.50,0.68,0.72,4.00,5.66,0.91,20.28,0.72,0.70,16.03,2.83,0.40,0.73,0.14,0.05,0.19
330.txt,1,37,5,34,5,51,5,46,5,0.90,0.11,0.14,0.08,0.16,0.28,37,36,36.30,36.40,0.73,0.72,3.66,5.18,0.92,20.92,0.74,0.76,14.44,2.69,0.41,0.71,0.13,0.09,0.22
332.txt,1,43,9,37,6,64,12,53,7,0.83,0.13,0.21,0.03,0.03,0.13,43,35,35.60,33.80,0.67,0.70,3.80,5.38,0.90,18.89,0.70,0.68,14.23,2.67,0.40,0.64,0.06,0.13,0.19
336.txt,1,26,7,24,6,31,9,27,6,0.87,0.22,0.27,0.15,0.31,0.39,26,26,26,26,0.84,0.84,3.30,4.67,0.95,29.12,0.89,1.00,13.00,2.55,0.48,0.86,0.11,0.07,0.19
337.txt,1,49,14,44,13,61,18,48,14,0.79,0.29,0.29,0.09,0.18,0.30,49,39,41.60,40.60,0.80,0.78,4.44,6.27,0.95,33.50,0.92,0.86,16.41,2.86,0.40,0.93,0.10,0.12,0.23
339.txt,1,39,4,36,4,51,4,45,4,0.88,0.09,0.10,0.04,0.04,0.14,39,38,38.20,38.00,0.76,0.76,3.86,5.46,0.93,25.03,0.80,0.78,16.33,2.86,0.47,1.00,0.11,0.09,0.20
340.txt,1,35,5,31,4,46,6,37,4,0.80,0.11,0.14,0.00,0.00,0.00,35,35,35,35,0.76,0.76,3.65,5.16,0.93,23.29,0.84,0.77,13.14,2.56,0.46,0.88,0.11,0.08,0.19
342.txt,1,40,5,36,4,52,5,45,4,0.87,0.09,0.12,0.04,0.04,0.15,40,39,38.50,39.00,0.77,0.78,3.92,5.55,0.93,25.84,0.80,0.83,15.70,2.80,0.42,0.78,0.11,0.11,0.22
344.txt,1,31,9,26,6,45,11,38,6,0.84,0.16,0.29,0.04,0.04,0.14,31,31,31,31,0.69,0.69,3.27,4.62,0.90,16.89,0.68,0.64,10.24,2.26,0.42,0.67,0.05,0.05,0.11
345.txt,0,0,0,0,0,0,0,0,0,0,0,0,0,0,0,0,0,0,0,0,0,0,0,0,0,0,0,0,0,0,0,0,0,0
346.txt,1,44,10,39,8,73,20,57,9,0.78,0.16,0.23,0.03,0.03,0.12,44,32,34.40,33.20,0.60,0.64,3.64,5.15,0.88,15.79,0.68,0.65,14.24,2.67,0.39,0.67,0.12,0.04,0.16