subjectcode,sentences,wordtypes,swordtypes,lextypes,slextypes,wordtokens,swordtokens,lextokens,slextokens,ld,ls1,ls2,vs1,vs2,cvs1,ndw,ndwz,ndwerz,ndwesz,ttr,msttr,cttr,rttr,logttr,uber,lv,vv1,svv1,cvv1,vv2,nv,adjv,advv,modv
741,1,56,4,31,4,116,8,55,8,0.47,0.15,0.07,0.07,0.07,0.19,56,32,31.70,30.70,0.48,0.63,3.68,5.20,0.85,13.48,0.56,0.57,4.57,1.51,0.15,0.54,0.18,0.02,0.20
646,1,56,8,37,8,107,10,59,10,0.55,0.17,0.14,0.00,0.00,0.00,56,32,34.30,32.80,0.52,0.63,3.83,5.41,0.86,14.65,0.63,0.73,8.07,2.01,0.19,0.59,0.08,0.12,0.20
546,1,39,3,24,3,49,3,26,3,0.53,0.12,0.08,0.17,0.17,0.29,39,39,39,39,0.80,0.80,3.94,5.57,0.94,28.82,0.92,1.00,6.00,1.73,0.23,0.86,0.19,0.04,0.23
580,1,82,11,53,9,171,16,89,13,0.52,0.15,0.13,0.00,0.00,0.00,82,33,35.50,36.30,0.48,0.71,4.43,6.27,0.86,15.62,0.60,0.75,11.25,2.37,0.17,0.55,0.10,0.09,0.19
504,1,56,6,32,5,95,8,49,7,0.52,0.14,0.11,0.00,0.00,0.00,56,36,36.90,33.60,0.59,0.72,4.06,5.75,0.88,17.04,0.65,0.91,9.09,2.13,0.20,0.52,0.12,0.04,0.16
634,1,54,3,38,3,99,5,55,5,0.56,0.09,0.06,0.00,0.00,0.00,54,31,32.70,34.00,0.55,0.62,3.84,5.43,0.87,15.13,0.69,0.77,7.69,1.96,0.18,0.62,0.16,0.05,0.22
630,1,61,8,38,8,110,20,57,19,0.52,0.33,0.13,0.07,0.07,0.18,61,32,33.70,32.60,0.55,0.67,4.11,5.82,0.87,16.27,0.67,0.87,11.27,2.37,0.23,0.67,0.07,0.05,0.12
648,1,48,8,31,8,91,11,45,11,0.49,0.24,0.17,0.17,0.17,0.29,48,26,31.80,31.00,0.53,0.52,3.56,5.03,0.86,13.82,0.69,1.00,6.00,1.73,0.13,0.56,0.18,0.07,0.24
921,1,59,7,41,6,107,9,58,8,0.54,0.14,0.12,0.00,0.00,0.00,59,32,34.40,33.40,0.55,0.65,4.03,5.70,0.87,15.93,0.71,0.78,10.89,2.33,0.24,0.54,0.09,0.17,0.26
589,1,50,2,29,2,100,5,47,5,0.47,0.11,0.04,0.00,0.00,0.00,50,24,31.30,28.20,0.50,0.60,3.54,5.00,0.85,13.29,0.62,0.78,5.44,1.65,0.15,0.48,0.11,0.11,0.21
705,1,45,4,27,4,81,6,39,6,0.48,0.15,0.09,0.00,0.00,0.00,45,34,34.20,34.60,0.56,0.68,3.54,5.00,0.87,14.27,0.69,0.67,2.67,1.15,0.10,0.64,0.21,0.03,0.23
564,1,48,8,32,8,116,13,66,13,0.57,0.20,0.17,0.08,0.08,0.20,48,32,30.40,30.70,0.41,0.65,3.15,4.46,0.81,11.12,0.48,0.67,5.33,1.63,0.12,0.38,0.12,0.09,0.21
904,0,0,0,0,0,0,0,0,0,0,0,0,0,0,0,0,0,0,0,0,0,0,0,0,0,0,0,0,0,0,0,0,0,0
664,1,59,3,36,3,138,3,70,3,0.51,0.04,0.05,0.00,0.00,0.00,59,30,33.40,31.40,0.43,0.62,3.55,5.02,0.83,12.41,0.51,0.67,6.67,1.83,0.14,0.44,0.07,0.09,0.16
750,1,51,8,34,8,109,9,53,9,0.49,0.17,0.16,0.21,0.64,0.57,51,28,30.80,32.00,0.47,0.61,3.45,4.88,0.84,12.58,0.64,0.86,10.29,2.27,0.23,0.43,0.15,0.13,0.28
839,1,54,8,34,8,120,10,54,10,0.45,0.19,0.15,0.40,1.60,0.89,54,32,30.60,30.80,0.45,0.64,3.49,4.93,0.83,12.47,0.63,0.90,8.10,2.01,0.17,0.61,0.13,0.09,0.22
883,1,31,4,20,4,53,5,30,5,0.57,0.17,0.13,0.00,0.00,0.00,31,31,30.20,29.90,0.58,0.62,3.01,4.26,0.86,12.76,0.67,1.00,5.00,1.58,0.17,0.53,0.13,0.10,0.23
640,1,69,11,45,11,103,12,58,12,0.56,0.21,0.16,0.24,0.94,0.69,69,44,40.10,41.10,0.67,0.83,4.81,6.80,0.91,23.29,0.78,1.00,17.00,2.92,0.29,0.72,0.12,0.07,0.19
853,1,50,9,33,9,87,9,42,9,0.48,0.21,0.18,0.00,0.00,0.00,50,32,34.80,32.80,0.57,0.64,3.79,5.36,0.88,15.64,0.79,1.00,9.00,2.12,0.21,0.69,0.12,0.02,0.14
526,1,59,10,39,10,112,18,60,18,0.54,0.30,0.17,0.07,0.07,0.18,59,29,34.40,33.50,0.53,0.63,3.94,5.57,0.86,15.09,0.65,0.80,9.60,2.19,0.20,0.52,0.10,0.10,0.20
699,1,50,5,34,5,84,5,48,5,0.57,0.10,0.10,0.09,0.09,0.21,50,36,35.00,33.40,0.60,0.72,3.86,5.46,0.88,16.43,0.71,0.73,5.82,1.71,0.17,0.64,0.12,0.04,0.17
636,1,46,2,30,2,77,4,43,4,0.56,0.09,0.04,0.00,0.00,0.00,46,34,34.20,36.10,0.60,0.68,3.71,5.24,0.88,15.91,0.70,1.00,9.00,2.12,0.21,0.61,0.14,0.05,0.19
919,1,69,6,47,6,153,9,83,9,0.54,0.11,0.09,0.16,0.47,0.49,69,37,36.30,34.90,0.45,0.72,3.94,5.58,0.84,13.80,0.57,0.58,6.37,1.78,0.13,0.44,0.14,0.10,0.24
587,1,54,9,33,9,132,13,63,13,0.48,0.21,0.17,0.25,0.75,0.61,54,30,29.40,29.60,0.41,0.61,3.32,4.70,0.82,11.58,0.52,0.75,6.75,1.84,0.14,0.46,0.10,0.06,0.16
662,1,30,11,18,11,43,16,24,16,0.56,0.67,0.37,0.40,0.80,0.63,30,30,30,30,0.70,0.70,3.23,4.57,0.90,17.07,0.75,1.00,5.00,1.58,0.21,0.77,0.08,0.08,0.17
888,1,65,7,40,7,131,9,64,9,0.49,0.14,0.11,0.12,0.24,0.34,65,32,34.30,34.80,0.50,0.65,4.02,5.68,0.86,14.73,0.62,0.71,8.47,2.06,0.19,0.53,0.14,0.03,0.17
645,1,44,3,25,3,86,5,39,5,0.45,0.13,0.07,0.00,0.00,0.00,44,25,31.50,27.80,0.51,0.50,3.35,4.74,0.85,12.86,0.64,0.78,5.44,1.65,0.18,0.57,0.13,0.03,0.15
642,0,0,0,0,0,0,0,0,0,0,0,0,0,0,0,0,0,0,0,0,0,0,0,0,0,0,0,0,0,0,0,0,0,0
703,1,59,3,35,3,125,4,66,4,0.53,0.06,0.05,0.08,0.08,0.20,59,36,32.70,31.30,0.47,0.67,3.73,5.28,0.84,13.49,0.53,0.75,6.75,1.84,0.14,0.42,0.08,0.12,0.20
517,1,50,7,32,7,82,9,42,9,0.51,0.21,0.14,0.11,0.11,0.24,50,36,37.00,34.70,0.61,0.72,3.90,5.52,0.89,17.05,0.76,0.89,7.11,1.89,0.19,0.67,0.21,0.05,0.26
592,1,39,2,21,2,62,2,27,2,0.44,0.07,0.05,0.17,0.17,0.29,39,32,34.00,31.80,0.63,0.64,3.50,4.95,0.89,15.96,0.78,0.83,4.17,1.44,0.19,0.62,0.26,0.04,0.30
651,1,79,19,59,19,122,24,78,24,0.64,0.31,0.24,0.06,0.06,0.17,79,41,39.80,42.10,0.65,0.82,5.06,7.15,0.91,23.06,0.76,0.88,13.24,2.57,0.19,0.66,0.21,0.08,0.28
545,1,34,2,19,2,63,3,28,3,0.44,0.11,0.06,0.00,0.00,0.00,34,28,29.30,27.20,0.54,0.56,3.03,4.28,0.85,12.09,0.68,0.80,3.20,1.26,0.14,0.56,0.18,0.04,0.21
661,0,0,0,0,0,0,0,0,0,0,0,0,0,0,0,0,0,0,0,0,0,0,0,0,0,0,0,0,0,0,0,0,0,0
610,1,52,5,30,5,134,7,62,7,0.46,0.11,0.10,0.18,0.36,0.43,52,31,29.30,30.50,0.39,0.59,3.18,4.49,0.81,11.01,0.48,0.73,5.82,1.71,0.13,0.42,0.16,0.05,0.21
654,0,0,0,0,0,0,0,0,0,0,0,0,0,0,0,0,0,0,0,0,0,0,0,0,0,0,0,0,0,0,0,0,0,0
794,1,66,11,44,10,119,15,69,14,0.58,0.20,0.17,0.08,0.08,0.20,66,32,35.20,32.80,0.55,0.64,4.28,6.05,0.88,16.83,0.64,0.77,7.69,1.96,0.14,0.53,0.16,0.09,0.25
844,1,34,4,18,4,54,6,24,6,0.44,0.25,0.12,0.20,0.20,0.32,34,31,31.90,31.80,0.63,0.62,3.27,4.63,0.88,14.94,0.75,0.80,3.20,1.26,0.17,0.77,0.12,0.04,0.17
602,1,44,10,31,10,83,11,46,11,0.55,0.24,0.23,0.40,0.80,0.63,44,31,30.10,31.10,0.53,0.62,3.42,4.83,0.86,13.36,0.67,1.00,5.00,1.58,0.11,0.63,0.15,0.07,0.22
647,1,65,10,43,9,131,16,61,15,0.47,0.25,0.15,0.14,0.29,0.38,65,30,32.70,30.20,0.50,0.62,4.02,5.68,0.86,14.73,0.70,0.71,7.14,1.89,0.16,0.62,0.15,0.07,0.21
502,0,0,0,0,0,0,0,0,0,0,0,0,0,0,0,0,0,0,0,0,0,0,0,0,0,0,0,0,0,0,0,0,0,0
531,1,55,3,34,3,95,5,46,5,0.48,0.11,0.05,0.00,0.00,0.00,55,35,35.40,35.80,0.58,0.70,3.99,5.64,0.88,16.48,0.74,0.86,5.14,1.60,0.13,0.75,0.15,0.09,0.24
521,1,53,9,33,9,136,25,71,25,0.52,0.35,0.17,0.25,0.75,0.61,53,24,30.40,32.50,0.39,0.56,3.21,4.54,0.81,11.12,0.46,0.83,8.33,2.04,0.14,0.35,0.10,0.06,0.15
749,1,80,12,53,12,163,16,79,16,0.48,0.20,0.15,0.12,0.24,0.34,80,37,37.30,33.80,0.49,0.69,4.43,6.27,0.86,15.83,0.67,0.76,9.94,2.23,0.16,0.62,0.13,0.09,0.22
913,1,56,8,35,8,98,10,48,10,0.49,0.21,0.14,0.00,0.00,0.00,56,32,35.60,36.60,0.57,0.64,4.00,5.66,0.88,16.31,0.73,0.88,6.12,1.75,0.15,0.63,0.17,0.06,0.23
773,1,38,3,21,3,92,3,37,3,0.40,0.08,0.08,0.12,0.12,0.25,38,25,28.80,27.80,0.41,0.50,2.80,3.96,0.80,10.04,0.57,0.62,3.12,1.25,0.14,0.69,0.14,0.08,0.22
849,1,34,3,19,3,56,3,24,3,0.43,0.12,0.09,0.00,0.00,0.00,34,31,31.60,31.30,0.61,0.62,3.21,4.54,0.88,14.10,0.79,1.00,3.00,1.22,0.12,0.73,0.33,0.08,0.42
885,1,49,5,29,4,88,5,43,4,0.49,0.09,0.10,0.00,0.00,0.00,49,31,34.50,32.90,0.56,0.62,3.69,5.22,0.87,14.87,0.67,0.83,4.17,1.44,0.12,0.60,0.19,0.05,0.23
785,1,41,5,24,5,72,5,36,5,0.50,0.14,0.12,0.20,0.20,0.32,41,35,32.50,30.40,0.57,0.70,3.42,4.83,0.87,14.11,0.67,1.00,5.00,1.58,0.14,0.67,0.17,0.03,0.19
525,1,48,5,30,4,95,6,48,5,0.51,0.10,0.10,0.00,0.00,0.00,48,32,32.40,28.90,0.51,0.64,3.48,4.92,0.85,13.19,0.62,0.75,4.50,1.50,0.12,0.54,0.19,0.06,0.25
846,1,49,6,28,6,82,8,41,8,0.50,0.20,0.12,0.00,0.00,0.00,49,34,34.50,33.60,0.60,0.68,3.83,5.41,0.88,16.38,0.68,0.75,4.50,1.50,0.15,0.75,0.15,0.05,0.20
697,1,59,9,36,8,115,12,65,11,0.57,0.17,0.15,0.00,0.00,0.00,59,33,33.30,33.30,0.51,0.64,3.89,5.50,0.86,14.65,0.55,0.88,6.12,1.75,0.11,0.39,0.15,0.11,0.26
656,1,54,10,37,10,134,18,67,18,0.50,0.27,0.19,0.21,0.64,0.57,54,32,28.50,29.30,0.40,0.59,3.30,4.66,0.81,11.46,0.55,0.86,10.29,2.27,0.18,0.48,0.10,0.12,0.22
689,1,3,0,3,0,3,0,3,0,1.00,0.00,0.00,0,0,0,3,3,3,3,1.00,1.00,1.22,1.73,1.00,NaN,1.00,0,0,0,0.00,1.00,0.33,0.00,0.33
519,1,57,6,35,6,120,11,56,11,0.47,0.20,0.11,0.21,0.64,0.57,57,27,31.30,31.40,0.47,0.60,3.68,5.20,0.84,13.37,0.62,0.71,7.14,1.89,0.18,0.52,0.09,0.07,0.16
730,1,15,0,8,0,17,0,8,0,0.47,0.00,0.00,0.00,0.00,0.00,15,15,15,15,0.88,0.88,2.57,3.64,0.96,27.85,1.00,1.00,2.00,1.00,0.25,1.00,0.12,0.00,0.12
701,1,56,10,33,8,96,15,54,13,0.56,0.24,0.18,0.00,0.00,0.00,56,31,35.10,31.50,0.58,0.62,4.04,5.72,0.88,16.79,0.61,0.91,9.09,2.13,0.19,0.53,0.09,0.07,0.17
801,1,40,4,22,4,76,5,34,5,0.45,0.15,0.10,0.00,0.00,0.00,40,29,31.10,31.00,0.53,0.58,3.24,4.59,0.85,12.69,0.65,0.83,4.17,1.44,0.15,0.62,0.18,0.12,0.29
868,1,41,2,27,1,70,2,41,1,0.59,0.02,0.05,0.00,0.00,0.00,41,34,33.00,35.20,0.59,0.68,3.47,4.90,0.87,14.65,0.66,0.75,4.50,1.50,0.15,0.64,0.17,0.17,0.34
819,1,67,9,40,8,134,11,70,10,0.52,0.14,0.13,0.05,0.05,0.16,67,33,34.30,33.00,0.50,0.68,4.09,5.79,0.86,15.03,0.57,0.68,8.89,2.11,0.19,0.55,0.10,0.06,0.16
563,1,50,5,30,5,87,7,43,7,0.49,0.16,0.10,0.08,0.08,0.20,50,37,35.30,34.20,0.57,0.74,3.79,5.36,0.88,15.64,0.70,0.83,8.33,2.04,0.23,0.61,0.09,0.07,0.16
516,1,61,3,40,3,116,6,57,6,0.49,0.11,0.05,0.00,0.00,0.00,61,35,33.70,30.70,0.53,0.63,4.00,5.66,0.86,15.27,0.70,0.91,9.09,2.13,0.18,0.62,0.14,0.09,0.23
643,1,53,6,32,6,110,9,52,9,0.47,0.17,0.11,0.17,0.17,0.29,53,30,32.60,30.70,0.48,0.62,3.57,5.05,0.84,13.14,0.62,0.67,2.67,1.15,0.08,0.55,0.19,0.04,0.23
889,1,61,3,37,3,119,7,65,7,0.55,0.11,0.05,0.00,0.00,0.00,61,36,35.50,34.10,0.51,0.71,3.95,5.59,0.86,14.84,0.57,0.64,5.79,1.70,0.14,0.53,0.11,0.05,0.15
612,1,62,7,40,7,118,8,60,8,0.51,0.13,0.11,0.07,0.07,0.19,62,37,35.30,35.40,0.53,0.75,4.04,5.71,0.87,15.36,0.67,0.71,7.14,1.89,0.17,0.55,0.18,0.07,0.25
622,1,54,5,37,5,86,5,47,5,0.55,0.11,0.09,0.17,0.33,0.41,54,39,36.20,35.60,0.63,0.78,4.12,5.82,0.90,18.52,0.79,0.75,6.75,1.84,0.19,0.88,0.13,0.04,0.17
566,1,69,7,44,7,151,12,79,12,0.52,0.15,0.10,0.07,0.07,0.19,69,35,34.30,32.20,0.46,0.66,3.97,5.62,0.84,13.96,0.56,0.79,8.64,2.08,0.14,0.48,0.13,0.05,0.18
791,1,67,11,43,11,140,13,66,13,0.47,0.20,0.16,0.15,0.31,0.39,67,32,33.30,33.20,0.48,0.65,4.00,5.66,0.85,14.39,0.65,1.00,13.00,2.55,0.20,0.54,0.06,0.06,0.12
807,1,57,6,36,5,96,8,49,5,0.51,0.10,0.11,0.12,0.24,0.34,57,30,37.20,35.80,0.59,0.60,4.11,5.82,0.89,17.36,0.73,0.71,8.47,2.06,0.24,0.74,0.12,0.08,0.20
677,1,59,10,37,9,106,13,58,12,0.55,0.21,0.17,0.07,0.07,0.19,59,37,34.70,35.30,0.56,0.72,4.05,5.73,0.87,16.12,0.64,0.86,10.29,2.27,0.21,0.48,0.12,0.07,0.19
742,1,56,5,37,5,90,8,49,8,0.54,0.16,0.09,0.00,0.00,0.00,56,36,38.50,35.70,0.62,0.72,4.17,5.90,0.89,18.53,0.76,0.82,7.36,1.92,0.18,0.69,0.14,0.06,0.20
734,1,23,2,11,2,35,3,14,3,0.40,0.21,0.09,0.00,0.00,0.00,23,23,23,23,0.66,0.66,2.75,3.89,0.88,13.08,0.79,1.00,2.00,1.00,0.14,0.62,0.14,0.14,0.29
756,1,26,0,15,0,42,0,20,0,0.48,0.00,0.00,0.00,0.00,0.00,26,26,26,26,0.62,0.62,2.84,4.01,0.87,12.65,0.75,1.00,3.00,1.22,0.15,0.55,0.15,0.15,0.30
591,1,40,5,24,5,76,7,40,7,0.53,0.17,0.12,0.00,0.00,0.00,40,29,32.50,33.60,0.53,0.58,3.24,4.59,0.85,12.69,0.60,0.67,2.67,1.15,0.10,0.61,0.17,0.03,0.20
848,1,51,6,31,6,112,8,49,8,0.44,0.16,0.12,0.11,0.11,0.24,51,31,31.50,30.00,0.46,0.58,3.41,4.82,0.83,12.29,0.63,0.78,5.44,1.65,0.14,0.54,0.14,0.08,0.22
745,1,35,4,20,4,66,6,31,6,0.47,0.19,0.11,0.14,0.14,0.27,35,29,29.30,28.70,0.53,0.58,3.05,4.31,0.85,12.02,0.65,0.86,5.14,1.60,0.19,0.60,0.16,0.06,0.23
914,1,41,6,26,6,59,6,32,6,0.54,0.19,0.15,0.12,0.12,0.25,41,36,36.40,35.40,0.69,0.72,3.77,5.34,0.91,19.84,0.81,1.00,8.00,2.00,0.25,0.72,0.12,0.03,0.16
845,1,57,8,39,7,108,10,67,9,0.62,0.13,0.14,0.23,0.69,0.59,57,34,36.00,34.80,0.53,0.70,3.88,5.48,0.86,14.90,0.58,0.69,6.23,1.77,0.13,0.50,0.19,0.03,0.22
710,1,37,3,22,3,72,7,36,7,0.50,0.19,0.08,0.00,0.00,0.00,37,30,29.90,29.30,0.51,0.60,3.08,4.36,0.84,11.93,0.61,0.89,7.11,1.89,0.22,0.41,0.11,0.03,0.14
657,1,46,5,29,5,83,8,41,8,0.49,0.20,0.11,0.20,0.40,0.45,46,31,34.00,33.40,0.55,0.62,3.57,5.05,0.87,14.37,0.71,0.80,6.40,1.79,0.20,0.65,0.15,0.07,0.22
565,1,60,10,35,10,110,20,56,20,0.51,0.36,0.17,0.00,0.00,0.00,60,37,35.30,34.90,0.55,0.76,4.05,5.72,0.87,15.83,0.62,0.88,6.12,1.75,0.12,0.59,0.12,0.07,0.20
625,1,39,4,26,4,70,5,34,5,0.49,0.15,0.10,0.14,0.14,0.27,39,32,30.90,32.70,0.56,0.64,3.30,4.66,0.86,13.40,0.76,0.86,5.14,1.60,0.18,0.73,0.18,0.09,0.26
901,1,53,2,31,2,114,2,55,2,0.48,0.04,0.04,0.07,0.07,0.19,53,30,31.30,32.60,0.46,0.65,3.51,4.96,0.84,12.72,0.56,0.64,5.79,1.70,0.16,0.42,0.18,0.05,0.24
733,1,63,10,41,10,151,12,72,12,0.48,0.17,0.16,0.09,0.09,0.21,63,31,30.70,30.10,0.42,0.65,3.63,5.13,0.83,12.51,0.57,0.73,5.82,1.71,0.11,0.59,0.14,0.08,0.22
588,1,35,5,20,5,56,11,30,11,0.54,0.37,0.14,0.00,0.00,0.00,35,33,33.00,32.90,0.62,0.66,3.31,4.68,0.88,14.97,0.67,1.00,5.00,1.58,0.17,0.59,0.13,0.07,0.20
522,0,0,0,0,0,0,0,0,0,0,0,0,0,0,0,0,0,0,0,0,0,0,0,0,0,0,0,0,0,0,0,0,0,0
707,1,33,5,19,4,57,12,27,9,0.47,0.33,0.15,0.14,0.14,0.27,33,33,30.40,32.10,0.58,0.66,3.09,4.37,0.86,12.99,0.70,0.71,3.57,1.34,0.19,0.67,0.07,0.15,0.22
590,1,52,3,30,3,84,4,46,4,0.55,0.09,0.06,0.07,0.07,0.18,52,33,35.60,35.10,0.62,0.66,4.01,5.67,0.89,17.78,0.65,0.67,6.67,1.83,0.22,0.52,0.13,0.09,0.22
779,1,53,12,38,12,108,17,65,17,0.60,0.26,0.23,0.00,0.00,0.00,53,33,32.90,32.20,0.49,0.65,3.61,5.10,0.85,13.37,0.58,0.75,4.50,1.50,0.09,0.59,0.15,0.06,0.22
782,1,37,6,22,4,58,8,25,6,0.43,0.24,0.16,0.25,0.25,0.35,37,31,33.40,32.10,0.64,0.62,3.44,4.86,0.89,15.93,0.88,0.75,2.25,1.06,0.12,0.85,0.24,0.08,0.32
632,1,47,3,27,3,90,5,41,5,0.46,0.12,0.06,0.00,0.00,0.00,47,33,32.00,33.60,0.52,0.66,3.50,4.95,0.86,13.54,0.66,0.62,3.12,1.25,0.12,0.57,0.22,0.02,0.24
653,1,41,5,23,4,78,7,35,6,0.45,0.17,0.12,0.25,0.50,0.50,41,29,30.80,29.20,0.53,0.58,3.28,4.64,0.85,12.82,0.66,1.00,8.00,2.00,0.23,0.50,0.11,0.03,0.14
678,1,66,3,43,3,143,3,71,3,0.50,0.04,0.05,0.00,0.00,0.00,66,28,34.30,31.40,0.46,0.62,3.90,5.52,0.84,13.83,0.61,0.69,6.23,1.77,0.13,0.57,0.14,0.14,0.28
790,1,48,4,31,4,94,8,49,8,0.52,0.16,0.08,0.10,0.10,0.22,48,33,32.40,31.90,0.51,0.66,3.50,4.95,0.85,13.34,0.63,0.70,4.90,1.57,0.14,0.59,0.14,0.08,0.22
754,1,54,6,33,6,85,6,42,6,0.49,0.14,0.11,0.15,0.31,0.39,54,36,36.50,34.80,0.64,0.72,4.14,5.86,0.90,18.89,0.79,0.85,9.31,2.16,0.26,0.68,0.10,0.07,0.17
870,1,56,5,32,5,107,12,48,12,0.45,0.25,0.09,0.08,0.08,0.20,56,33,32.50,32.50,0.52,0.67,3.83,5.41,0.86,14.65,0.67,0.92,11.08,2.35,0.25,0.48,0.19,0.04,0.23
759,1,63,7,41,6,96,8,57,7,0.59,0.12,0.11,0.23,0.69,0.59,63,37,38.90,37.90,0.66,0.74,4.55,6.43,0.91,21.48,0.72,0.92,11.08,2.35,0.21,0.56,0.19,0.09,0.28
753,1,49,3,28,3,87,4,41,4,0.47,0.10,0.06,0.00,0.00,0.00,49,34,34.30,33.50,0.56,0.68,3.71,5.25,0.87,15.09,0.68,0.80,6.40,1.79,0.20,0.67,0.12,0.02,0.15
910,1,51,5,34,5,103,7,50,7,0.49,0.14,0.10,0.10,0.10,0.22,51,33,32.10,32.90,0.50,0.66,3.55,5.03,0.85,13.27,0.68,1.00,10.00,2.24,0.20,0.58,0.18,0.02,0.20
814,0,0,0,0,0,0,0,0,0,0,0,0,0,0,0,0,0,0,0,0,0,0,0,0,0,0,0,0,0,0,0,0,0,0
581,1,44,2,27,2,75,2,40,2,0.53,0.05,0.05,0.00,0.00,0.00,44,34,34.10,34.20,0.59,0.68,3.59,5.08,0.88,15.18,0.68,0.82,7.36,1.92,0.23,0.55,0.10,0.07,0.17
720,1,39,7,21,7,68,11,33,11,0.49,0.33,0.18,0.20,0.20,0.32,39,31,33.20,31.80,0.57,0.62,3.34,4.73,0.87,13.91,0.64,0.80,3.20,1.26,0.12,0.55,0.09,0.12,0.21
574,1,69,5,43,5,113,7,59,7,0.52,0.12,0.07,0.07,0.07,0.18,69,38,38.30,35.90,0.61,0.71,4.59,6.49,0.90,19.68,0.73,0.93,13.07,2.56,0.24,0.61,0.17,0.05,0.22
532,1,51,4,30,4,81,4,43,4,0.53,0.09,0.08,0.00,0.00,0.00,51,34,35.70,34.60,0.63,0.68,4.01,5.67,0.89,18.13,0.70,0.82,7.36,1.92,0.21,0.57,0.12,0.07,0.19
818,1,56,11,37,11,99,16,54,16,0.55,0.30,0.20,0.21,0.64,0.57,56,33,34.00,35.00,0.57,0.66,3.98,5.63,0.88,16.09,0.69,0.71,7.14,1.89,0.19,0.65,0.09,0.11,0.20
635,1,49,6,33,6,99,8,52,8,0.53,0.15,0.12,0.12,0.12,0.25,49,27,31.70,28.80,0.49,0.54,3.48,4.92,0.85,13.04,0.63,0.50,2.00,1.00,0.08,0.56,0.13,0.08,0.21
740,1,55,7,32,7,109,8,49,8,0.45,0.16,0.13,0.20,0.40,0.45,55,39,32.90,33.00,0.50,0.69,3.73,5.27,0.85,13.97,0.65,0.80,6.40,1.79,0.16,0.61,0.18,0.06,0.24
571,1,67,10,43,9,121,16,64,15,0.53,0.23,0.15,0.08,0.08,0.20,67,34,36.00,36.70,0.55,0.70,4.31,6.09,0.88,16.90,0.67,1.00,13.00,2.55,0.20,0.56,0.17,0.03,0.20
665,1,62,8,39,7,122,11,60,10,0.49,0.17,0.13,0.13,0.27,0.37,62,35,31.90,33.40,0.51,0.70,3.97,5.61,0.86,14.81,0.65,0.87,11.27,2.37,0.22,0.47,0.15,0.08,0.23
906,1,46,6,28,6,98,6,46,6,0.47,0.13,0.13,0.33,0.33,0.41,46,32,29.00,29.30,0.47,0.64,3.29,4.65,0.84,12.07,0.61,1.00,3.00,1.22,0.07,0.67,0.11,0.15,0.26
847,1,49,5,32,4,96,6,49,5,0.51,0.10,0.10,0.00,0.00,0.00,49,31,34.30,33.30,0.51,0.62,3.54,5.00,0.85,13.45,0.65,1.00,5.00,1.58,0.10,0.62,0.20,0.08,0.29
890,1,54,6,34,6,94,6,47,6,0.50,0.13,0.11,0.00,0.00,0.00,54,30,34.00,34.80,0.57,0.60,3.94,5.57,0.88,16.17,0.72,0.90,8.10,2.01,0.19,0.52,0.21,0.06,0.28
854,1,47,3,26,3,90,5,43,5,0.48,0.12,0.06,0.00,0.00,0.00,47,29,31.70,32.30,0.52,0.58,3.50,4.95,0.86,13.54,0.60,0.64,4.45,1.49,0.16,0.48,0.12,0.05,0.16
881,1,56,2,34,2,98,2,52,2,0.53,0.04,0.04,0.00,0.00,0.00,56,36,35.20,35.60,0.57,0.72,4.00,5.66,0.88,16.31,0.65,0.90,8.10,2.01,0.17,0.56,0.15,0.08,0.23
732,1,65,9,40,9,160,12,76,12,0.47,0.16,0.14,0.20,0.40,0.45,65,29,30.10,28.80,0.41,0.57,3.63,5.14,0.82,12.42,0.53,0.70,4.90,1.57,0.09,0.47,0.13,0.08,0.21
907,1,77,6,52,6,105,6,61,6,0.58,0.10,0.08,0.00,0.00,0.00,77,39,42.00,42.40,0.73,0.82,5.31,7.51,0.93,30.33,0.85,0.92,10.08,2.25,0.18,0.96,0.15,0.13,0.28
862,1,54,6,33,6,106,15,55,15,0.52,0.27,0.11,0.09,0.09,0.21,54,32,32.70,34.20,0.51,0.65,3.71,5.24,0.86,14.00,0.60,0.91,9.09,2.13,0.18,0.47,0.15,0.04,0.18
762,1,84,16,63,16,148,16,88,16,0.59,0.18,0.19,0.11,0.22,0.33,84,39,35.60,37.30,0.57,0.71,4.88,6.90,0.89,19.15,0.72,0.89,14.22,2.67,0.18,0.57,0.18,0.11,0.30
715,1,42,8,27,8,61,11,34,11,0.56,0.32,0.19,0.00,0.00,0.00,42,36,37.10,36.10,0.69,0.72,3.80,5.38,0.91,19.67,0.79,0.90,8.10,2.01,0.26,0.72,0.18,0.00,0.18
884,1,55,7,36,7,89,9,45,9,0.51,0.20,0.13,0.22,0.44,0.47,55,34,37.10,35.40,0.62,0.68,4.12,5.83,0.89,18.18,0.80,1.00,9.00,2.12,0.20,0.68,0.16,0.16,0.31
800,1,53,3,33,3,101,5,50,5,0.50,0.10,0.06,0.00,0.00,0.00,53,36,33.00,29.50,0.52,0.69,3.73,5.27,0.86,14.35,0.66,0.82,7.36,1.92,0.18,0.56,0.10,0.08,0.18
628,1,79,16,50,14,120,19,61,15,0.51,0.25,0.20,0.22,0.89,0.67,79,42,39.90,40.50,0.66,0.80,5.10,7.21,0.91,23.81,0.82,0.78,10.89,2.33,0.23,0.82,0.08,0.15,0.23
871,1,56,4,39,4,96,5,51,5,0.53,0.10,0.07,0.11,0.11,0.24,56,35,34.20,34.90,0.58,0.70,4.04,5.72,0.88,16.79,0.76,0.89,7.11,1.89,0.16,0.64,0.20,0.10,0.29
700,1,50,7,31,6,78,8,41,7,0.53,0.17,0.14,0.00,0.00,0.00,50,35,36.50,36.90,0.64,0.70,4.00,5.66,0.90,18.54,0.76,0.89,7.11,1.89,0.20,0.65,0.20,0.07,0.27
594,1,65,5,41,5,129,10,64,10,0.50,0.16,0.08,0.07,0.07,0.19,65,35,34.50,34.70,0.50,0.71,4.05,5.72,0.86,14.96,0.64,0.86,10.29,2.27,0.19,0.62,0.11,0.06,0.17
611,1,67,5,44,5,144,11,78,11,0.54,0.14,0.07,0.00,0.00,0.00,67,32,34.70,33.40,0.47,0.69,3.95,5.58,0.85,14.02,0.56,0.87,11.27,2.37,0.17,0.50,0.10,0.04,0.14
687,1,58,7,41,7,135,11,76,11,0.56,0.14,0.12,0.00,0.00,0.00,58,34,32.10,30.80,0.43,0.65,3.53,4.99,0.83,12.37,0.54,0.64,4.45,1.49,0.09,0.49,0.18,0.04,0.22
876,1,36,4,21,4,56,4,30,4,0.54,0.13,0.11,0.22,0.44,0.47,36,33,33.30,33.10,0.64,0.66,3.40,4.81,0.89,15.93,0.70,0.67,4.00,1.41,0.20,0.73,0.17,0.13,0.30
527,1,29,2,14,2,37,2,16,2,0.43,0.12,0.07,0.00,0.00,0.00,29,29,29,29,0.78,0.78,3.37,4.77,0.93,23.24,0.88,1.00,3.00,1.22,0.19,0.71,0.31,0.06,0.38
660,1,41,4,24,4,72,8,36,8,0.50,0.22,0.10,0.00,0.00,0.00,41,33,31.00,33.20,0.57,0.66,3.42,4.83,0.87,14.11,0.67,1.00,5.00,1.58,0.14,0.52,0.17,0.03,0.19
576,1,57,4,34,4,107,6,55,6,0.51,0.11,0.07,0.00,0.00,0.00,57,36,36.00,31.00,0.53,0.69,3.90,5.51,0.87,15.06,0.62,0.71,7.14,1.89,0.18,0.52,0.13,0.05,0.18
775,1,63,12,38,11,125,17,56,16,0.45,0.29,0.19,0.00,0.00,0.00,63,34,33.00,32.80,0.50,0.67,3.98,5.63,0.86,14.78,0.68,0.77,7.69,1.96,0.18,0.55,0.16,0.04,0.20
838,1,42,4,24,4,72,12,36,12,0.50,0.33,0.10,0.00,0.00,0.00,42,32,33.00,31.00,0.58,0.64,3.50,4.95,0.87,14.74,0.67,0.80,3.20,1.26,0.11,0.63,0.22,0.06,0.28
675,1,55,4,34,4,88,6,44,6,0.50,0.14,0.07,0.00,0.00,0.00,55,35,36.80,37.60,0.62,0.70,4.15,5.86,0.90,18.52,0.77,0.90,8.10,2.01,0.20,0.71,0.09,0.09,0.18
551,1,44,5,28,5,81,7,41,7,0.51,0.17,0.11,0.00,0.00,0.00,44,31,31.40,34.30,0.54,0.62,3.46,4.89,0.86,13.74,0.68,0.89,7.11,1.89,0.20,0.52,0.15,0.07,0.22
820,1,63,6,43,6,117,7,66,7,0.56,0.11,0.10,0.00,0.00,0.00,63,33,36.50,33.60,0.54,0.69,4.12,5.82,0.87,15.91,0.65,0.75,6.75,1.84,0.14,0.50,0.15,0.14,0.29
758,1,52,6,30,6,104,10,54,10,0.52,0.19,0.12,0.09,0.09,0.21,52,29,32.40,31.00,0.50,0.65,3.61,5.10,0.85,13.52,0.56,0.73,5.82,1.71,0.15,0.53,0.11,0.04,0.15
596,1,60,5,35,5,109,7,53,7,0.49,0.13,0.08,0.08,0.08,0.20,60,32,34.70,33.80,0.55,0.68,4.06,5.75,0.87,16.01,0.66,0.77,7.69,1.96,0.19,0.52,0.09,0.09,0.19
878,1,90,16,64,16,197,20,106,20,0.54,0.19,0.18,0.12,0.38,0.43,90,36,34.90,34.90,0.46,0.70,4.53,6.41,0.85,15.47,0.60,0.75,13.50,2.60,0.17,0.47,0.14,0.09,0.24
706,1,56,5,35,5,132,10,66,10,0.50,0.15,0.09,0.10,0.10,0.22,56,27,31.50,33.30,0.42,0.61,3.45,4.87,0.82,12.08,0.53,0.80,6.40,1.79,0.12,0.41,0.09,0.11,0.20
809,1,43,5,28,5,76,5,42,5,0.55,0.12,0.12,0.12,0.12,0.25,43,35,33.50,32.90,0.57,0.70,3.49,4.93,0.87,14.30,0.67,0.75,4.50,1.50,0.14,0.58,0.17,0.12,0.29
724,1,43,4,25,4,76,6,36,6,0.47,0.17,0.09,0.33,0.67,0.58,43,30,32.50,29.70,0.57,0.60,3.49,4.93,0.87,14.30,0.69,0.83,4.17,1.44,0.14,0.55,0.17,0.08,0.25
874,1,53,6,30,5,96,7,43,6,0.45,0.14,0.11,0.17,0.17,0.29,53,25,34.60,30.30,0.55,0.50,3.82,5.41,0.87,15.23,0.70,0.83,4.17,1.44,0.12,0.61,0.16,0.09,0.26
561,0,0,0,0,0,0,0,0,0,0,0,0,0,0,0,0,0,0,0,0,0,0,0,0,0,0,0,0,0,0,0,0,0,0
735,1,56,5,31,5,117,5,57,5,0.49,0.09,0.09,0.22,0.44,0.47,56,35,34.10,33.30,0.48,0.66,3.66,5.18,0.85,13.37,0.54,0.67,4.00,1.41,0.11,0.60,0.14,0.02,0.16
796,1,56,6,36,6,108,9,59,9,0.55,0.15,0.11,0.09,0.09,0.21,56,34,34.10,33.00,0.52,0.66,3.81,5.39,0.86,14.50,0.61,0.82,7.36,1.92,0.15,0.48,0.15,0.07,0.22
605,1,47,4,27,4,102,5,51,5,0.50,0.10,0.09,0.00,0.00,0.00,47,31,29.80,32.30,0.46,0.62,3.29,4.65,0.83,11.99,0.53,0.45,2.27,1.07,0.10,0.43,0.18,0.08,0.25
739,0,0,0,0,0,0,0,0,0,0,0,0,0,0,0,0,0,0,0,0,0,0,0,0,0,0,0,0,0,0,0,0,0,0
760,1,46,3,28,3,77,7,41,7,0.53,0.17,0.07,0.00,0.00,0.00,46,31,34.10,33.60,0.60,0.62,3.71,5.24,0.88,15.91,0.68,0.86,5.14,1.60,0.15,0.52,0.12,0.12,0.24
860,1,22,1,13,1,32,1,14,1,0.44,0.07,0.05,0.00,0.00,0.00,22,22,22,22,0.69,0.69,2.75,3.89,0.89,13.92,0.93,1.00,3.00,1.22,0.21,0.83,0.29,0.07,0.36
816,1,49,5,32,5,95,6,50,6,0.53,0.12,0.10,0.25,0.50,0.50,49,33,33.80,35.00,0.52,0.66,3.55,5.03,0.85,13.60,0.64,1.00,8.00,2.00,0.16,0.56,0.16,0.06,0.22
824,1,46,4,24,4,76,5,35,5,0.46,0.14,0.09,0.17,0.17,0.29,46,34,33.30,33.30,0.61,0.68,3.73,5.28,0.88,16.22,0.69,0.83,4.17,1.44,0.14,0.62,0.14,0.03,0.17
578,1,56,9,36,9,125,15,57,15,0.46,0.26,0.16,0.27,0.82,0.64,56,33,31.80,28.60,0.45,0.61,3.54,5.01,0.83,12.61,0.63,0.91,9.09,2.13,0.18,0.64,0.09,0.05,0.14
633,1,55,9,37,9,124,12,66,12,0.53,0.18,0.16,0.08,0.08,0.20,55,30,32.00,30.60,0.44,0.63,3.49,4.94,0.83,12.41,0.56,0.75,6.75,1.84,0.14,0.52,0.14,0.06,0.20
752,1,72,7,48,7,161,10,85,10,0.53,0.12,0.10,0.05,0.05,0.16,72,32,35.10,32.00,0.45,0.67,4.01,5.67,0.84,13.93,0.56,0.74,10.32,2.27,0.16,0.56,0.11,0.05,0.15
899,1,55,2,32,2,102,2,52,2,0.51,0.04,0.04,0.08,0.08,0.20,55,31,34.20,34.00,0.54,0.67,3.85,5.45,0.87,15.04,0.62,0.69,6.23,1.77,0.17,0.62,0.10,0.04,0.13
513,1,42,3,23,2,88,7,39,6,0.44,0.15,0.07,0.00,0.00,0.00,42,30,30.40,30.10,0.48,0.60,3.17,4.48,0.83,11.77,0.59,1.00,3.00,1.22,0.08,0.48,0.13,0.13,0.26
639,1,44,6,28,6,83,9,39,9,0.47,0.23,0.14,0.33,0.67,0.58,44,32,33.00,32.00,0.53,0.64,3.42,4.83,0.86,13.36,0.72,0.83,4.17,1.44,0.13,0.67,0.26,0.05,0.31
826,1,43,3,27,3,68,4,33,4,0.49,0.12,0.07,0.00,0.00,0.00,43,33,34.20,32.50,0.63,0.66,3.69,5.21,0.89,16.87,0.82,1.00,6.00,1.73,0.18,0.70,0.21,0.00,0.21
922,1,46,5,31,5,73,9,41,9,0.56,0.22,0.11,0.00,0.00,0.00,46,35,34.90,34.70,0.63,0.70,3.81,5.38,0.89,17.31,0.76,1.00,6.00,1.73,0.15,0.70,0.17,0.05,0.22
865,0,0,0,0,0,0,0,0,0,0,0,0,0,0,0,0,0,0,0,0,0,0,0,0,0,0,0,0,0,0,0,0,0,0
795,1,68,10,44,10,150,13,78,13,0.52,0.17,0.15,0.18,0.36,0.43,68,33,33.50,33.40,0.45,0.69,3.93,5.55,0.84,13.78,0.56,0.82,7.36,1.92,0.12,0.50,0.17,0.08,0.24
599,1,54,4,35,4,123,5,64,5,0.52,0.08,0.07,0.07,0.07,0.19,54,33,30.20,30.40,0.44,0.64,3.44,4.87,0.83,12.22,0.55,0.71,7.14,1.89,0.16,0.42,0.14,0.06,0.20
905,1,62,9,36,7,136,23,64,20,0.47,0.31,0.15,0.18,0.36,0.43,62,31,33.50,34.80,0.46,0.68,3.76,5.32,0.84,13.34,0.56,0.55,3.27,1.28,0.09,0.52,0.09,0.17,0.27
763,1,52,3,32,3,111,5,51,5,0.46,0.10,0.06,0.11,0.11,0.24,52,36,33.30,30.80,0.47,0.64,3.49,4.94,0.84,12.70,0.63,0.67,4.00,1.41,0.12,0.57,0.14,0.08,0.22
505,1,44,3,27,3,84,3,42,3,0.50,0.07,0.07,0.12,0.12,0.25,44,32,30.60,29.20,0.52,0.64,3.39,4.80,0.85,13.19,0.64,0.75,4.50,1.50,0.14,0.67,0.14,0.10,0.24
821,0,0,0,0,0,0,0,0,0,0,0,0,0,0,0,0,0,0,0,0,0,0,0,0,0,0,0,0,0,0,0,0,0,0
784,1,46,6,26,6,92,8,43,8,0.47,0.19,0.13,0.14,0.14,0.27,46,29,31.80,30.90,0.50,0.58,3.39,4.80,0.85,12.81,0.60,0.86,5.14,1.60,0.14,0.52,0.16,0.07,0.23
806,1,26,6,17,6,38,8,24,8,0.63,0.33,0.23,0.33,0.33,0.41,26,26,26,26,0.68,0.68,2.98,4.22,0.90,15.14,0.71,1.00,3.00,1.22,0.12,0.62,0.21,0.08,0.29
558,1,53,7,34,7,111,9,55,9,0.50,0.16,0.13,0.00,0.00,0.00,53,30,32.50,33.70,0.48,0.66,3.56,5.03,0.84,13.03,0.62,0.82,7.36,1.92,0.16,0.52,0.13,0.11,0.24
583,1,72,14,47,14,118,17,63,17,0.53,0.27,0.19,0.09,0.09,0.21,72,42,37.30,38.20,0.61,0.77,4.69,6.63,0.90,20.01,0.75,0.82,7.36,1.92,0.14,0.64,0.21,0.06,0.27
692,1,50,8,33,8,80,9,45,9,0.56,0.20,0.16,0.18,0.36,0.43,50,36,35.70,32.80,0.62,0.72,3.95,5.59,0.89,17.74,0.73,1.00,11.00,2.35,0.24,0.54,0.13,0.04,0.18
811,0,0,0,0,0,0,0,0,0,0,0,0,0,0,0,0,0,0,0,0,0,0,0,0,0,0,0,0,0,0,0,0,0,0
917,1,66,4,42,3,152,6,71,5,0.47,0.07,0.06,0.00,0.00,0.00,66,29,33.20,32.00,0.43,0.60,3.79,5.35,0.83,13.14,0.59,0.75,6.75,1.84,0.13,0.50,0.18,0.07,0.25
582,1,35,4,22,4,57,5,32,5,0.56,0.16,0.11,0.00,0.00,0.00,35,29,32.20,29.80,0.61,0.58,3.28,4.64,0.88,14.56,0.69,0.78,5.44,1.65,0.22,0.73,0.12,0.03,0.16
855,1,40,4,26,4,58,5,31,5,0.53,0.16,0.10,0.00,0.00,0.00,40,37,35.60,36.90,0.69,0.74,3.71,5.25,0.91,19.27,0.84,1.00,7.00,1.87,0.23,0.75,0.16,0.06,0.23
555,1,53,4,31,4,92,5,42,5,0.46,0.12,0.08,0.00,0.00,0.00,53,34,34.10,34.70,0.58,0.68,3.91,5.53,0.88,16.10,0.74,0.90,8.10,2.01,0.21,0.61,0.17,0.10,0.26
652,1,64,10,40,10,121,16,71,16,0.59,0.23,0.16,0.14,0.29,0.38,64,38,35.50,33.20,0.53,0.68,4.11,5.82,0.87,15.68,0.56,0.71,7.14,1.89,0.14,0.48,0.20,0.08,0.28
695,1,53,10,34,9,91,10,46,9,0.51,0.20,0.19,0.08,0.08,0.20,53,37,35.10,31.80,0.58,0.74,3.93,5.56,0.88,16.35,0.74,0.83,8.33,2.04,0.22,0.67,0.09,0.04,0.13
748,1,52,2,30,2,116,5,54,5,0.47,0.09,0.04,0.00,0.00,0.00,52,33,31.70,32.50,0.45,0.64,3.41,4.83,0.83,12.23,0.56,0.73,5.82,1.71,0.15,0.44,0.13,0.09,0.22
538,1,2,1,2,1,2,1,2,1,1.00,0.50,0.50,0,0,0,2,2,2,2,1.00,1.00,1.00,1.41,1.00,NaN,1.00,0,0,0,0.00,1.00,0.00,0.00,0.00
552,1,48,5,29,5,86,7,44,7,0.51,0.16,0.10,0.09,0.09,0.21,48,34,34.80,32.20,0.56,0.68,3.66,5.18,0.87,14.78,0.66,0.64,4.45,1.49,0.16,0.57,0.18,0.09,0.27
668,1,41,3,25,3,70,6,32,6,0.46,0.19,0.07,0.14,0.14,0.27,41,32,31.00,30.30,0.59,0.64,3.47,4.90,0.87,14.65,0.78,0.86,5.14,1.60,0.19,0.71,0.25,0.03,0.28
511,1,51,9,33,9,103,19,55,19,0.53,0.35,0.18,0.12,0.12,0.25,51,27,31.10,33.90,0.50,0.59,3.55,5.03,0.85,13.27,0.60,1.00,8.00,2.00,0.15,0.38,0.15,0.13,0.27
509,1,52,3,33,3,90,5,49,5,0.54,0.10,0.06,0.00,0.00,0.00,52,32,35.70,35.00,0.58,0.64,3.88,5.48,0.88,16.03,0.67,0.80,6.40,1.79,0.16,0.58,0.12,0.08,0.20
698,1,47,8,31,8,79,9,43,9,0.54,0.21,0.17,0.00,0.00,0.00,47,34,34.20,35.90,0.59,0.68,3.74,5.29,0.88,15.97,0.72,1.00,8.00,2.00,0.19,0.60,0.09,0.12,0.21
659,1,69,13,48,13,149,18,79,18,0.53,0.23,0.19,0.18,0.53,0.51,69,38,35.00,33.90,0.46,0.70,4.00,5.65,0.85,14.13,0.61,0.82,11.53,2.40,0.18,0.56,0.13,0.06,0.19
891,1,48,7,33,7,77,9,41,9,0.53,0.22,0.15,0.14,0.14,0.27,48,36,35.30,33.10,0.62,0.72,3.87,5.47,0.89,17.34,0.80,1.00,7.00,1.87,0.17,0.71,0.17,0.05,0.22
721,1,39,5,25,5,61,6,30,6,0.49,0.20,0.13,0.14,0.14,0.27,39,37,34.00,34.60,0.64,0.74,3.53,4.99,0.89,16.41,0.83,1.00,7.00,1.87,0.23,0.85,0.13,0.10,0.23
691,1,63,9,41,9,127,15,66,15,0.52,0.23,0.14,0.17,0.50,0.50,63,34,33.80,34.20,0.50,0.70,3.95,5.59,0.86,14.54,0.62,0.89,14.22,2.67,0.24,0.47,0.15,0.06,0.21
644,1,51,5,30,5,87,7,48,7,0.55,0.15,0.10,0.09,0.09,0.21,51,31,35.10,32.50,0.59,0.62,3.87,5.47,0.88,16.22,0.62,0.82,7.36,1.92,0.19,0.48,0.17,0.06,0.23
682,1,41,10,25,9,67,12,36,11,0.54,0.31,0.24,0.33,1.33,0.82,41,32,34.40,31.10,0.61,0.64,3.54,5.01,0.88,15.63,0.69,0.75,6.75,1.84,0.25,0.57,0.14,0.08,0.22
616,1,67,5,46,5,179,10,95,10,0.53,0.11,0.07,0.08,0.08,0.20,67,25,33.80,32.60,0.37,0.60,3.54,5.01,0.81,11.89,0.48,0.83,8.33,2.04,0.11,0.40,0.13,0.09,0.22
529,1,32,3,19,3,53,6,25,5,0.47,0.20,0.09,0.00,0.00,0.00,32,31,30.70,30.70,0.60,0.62,3.11,4.40,0.87,13.57,0.76,1.00,3.00,1.22,0.12,0.80,0.20,0.04,0.24
850,1,56,2,34,2,116,2,59,2,0.51,0.03,0.04,0.00,0.00,0.00,56,33,34.10,36.60,0.48,0.62,3.68,5.20,0.85,13.48,0.58,1.00,7.00,1.87,0.12,0.50,0.14,0.08,0.22
908,1,37,1,23,1,67,1,34,1,0.51,0.03,0.03,0.00,0.00,0.00,37,28,30.50,30.50,0.55,0.56,3.20,4.52,0.86,12.93,0.68,1.00,5.00,1.58,0.15,0.56,0.21,0.06,0.26
799,1,55,5,38,5,113,7,58,7,0.51,0.12,0.09,0.09,0.09,0.21,55,34,32.80,31.10,0.49,0.64,3.66,5.17,0.85,13.48,0.66,0.91,9.09,2.13,0.17,0.63,0.17,0.05,0.22
918,1,60,7,39,7,105,7,51,7,0.49,0.14,0.12,0.10,0.10,0.22,60,32,35.00,35.00,0.57,0.68,4.14,5.86,0.88,16.81,0.76,0.90,8.10,2.01,0.18,0.78,0.22,0.04,0.25
609,1,61,7,40,6,103,11,52,8,0.50,0.15,0.11,0.06,0.06,0.17,61,36,37.10,35.60,0.59,0.71,4.25,6.01,0.89,17.81,0.77,0.88,13.24,2.57,0.29,0.71,0.10,0.10,0.19
813,1,40,1,24,1,59,1,31,1,0.53,0.03,0.03,0.00,0.00,0.00,40,34,35.60,35.20,0.68,0.68,3.68,5.21,0.90,18.58,0.77,1.00,5.00,1.58,0.16,0.59,0.26,0.03,0.29
772,1,51,6,31,6,86,6,43,6,0.50,0.14,0.12,0.14,0.14,0.27,51,40,35.40,36.80,0.59,0.80,3.89,5.50,0.88,16.49,0.72,1.00,7.00,1.87,0.16,0.82,0.14,0.07,0.21
776,1,41,5,27,5,87,7,44,7,0.51,0.16,0.12,0.14,0.14,0.27,41,31,29.70,31.90,0.47,0.62,3.11,4.40,0.83,11.51,0.61,0.71,3.57,1.34,0.11,0.63,0.14,0.09,0.23
897,1,41,8,24,8,84,11,44,11,0.52,0.25,0.20,0.09,0.09,0.21,41,28,29.40,29.50,0.49,0.56,3.16,4.47,0.84,11.89,0.55,0.64,4.45,1.49,0.16,0.35,0.16,0.05,0.20
861,1,56,6,35,6,113,7,58,7,0.51,0.12,0.11,0.50,1.00,0.71,56,35,33.40,33.60,0.50,0.69,3.73,5.27,0.85,13.83,0.60,1.00,4.00,1.41,0.07,0.52,0.22,0.07,0.29
843,1,59,6,38,6,103,9,57,9,0.55,0.16,0.10,0.17,0.17,0.29,59,35,35.10,33.20,0.57,0.68,4.11,5.81,0.88,16.74,0.67,1.00,6.00,1.73,0.11,0.63,0.18,0.14,0.32
667,1,55,5,32,5,113,10,55,10,0.49,0.18,0.09,0.00,0.00,0.00,55,32,32.10,32.20,0.49,0.67,3.66,5.17,0.85,13.48,0.58,0.73,5.82,1.71,0.15,0.48,0.18,0.04,0.22
726,1,36,5,21,5,56,6,31,6,0.55,0.19,0.14,0.20,0.20,0.32,36,35,33.70,33.70,0.64,0.70,3.40,4.81,0.89,15.93,0.68,1.00,5.00,1.58,0.16,0.56,0.16,0.10,0.26
766,1,40,8,25,8,65,10,32,10,0.49,0.31,0.20,0.40,0.80,0.63,40,33,32.80,32.50,0.62,0.66,3.51,4.96,0.88,15.59,0.78,1.00,5.00,1.58,0.16,0.67,0.19,0.09,0.28
544,1,52,2,31,2,92,4,45,4,0.49,0.09,0.04,0.00,0.00,0.00,52,35,34.90,33.90,0.57,0.70,3.83,5.42,0.87,15.56,0.69,0.91,9.09,2.13,0.22,0.64,0.16,0.02,0.18
608,1,42,3,26,3,73,4,36,4,0.49,0.11,0.07,0.00,0.00,0.00,42,27,32.40,30.50,0.58,0.54,3.48,4.92,0.87,14.46,0.72,1.00,5.00,1.58,0.14,0.61,0.19,0.08,0.28
856,1,52,7,33,7,111,10,52,10,0.47,0.19,0.13,0.12,0.12,0.25,52,29,33.10,32.10,0.47,0.62,3.49,4.94,0.84,12.70,0.63,0.75,4.50,1.50,0.12,0.59,0.13,0.06,0.19
536,1,50,7,30,7,94,7,45,7,0.48,0.16,0.14,0.29,0.57,0.53,50,29,31.80,31.10,0.53,0.58,3.65,5.16,0.86,14.20,0.67,1.00,7.00,1.87,0.16,0.48,0.20,0.04,0.24
787,1,48,3,27,3,82,4,42,4,0.51,0.10,0.06,0.00,0.00,0.00,48,32,34.40,32.90,0.59,0.64,3.75,5.30,0.88,15.75,0.64,1.00,5.00,1.58,0.12,0.50,0.26,0.05,0.31
523,1,38,5,23,5,60,6,33,6,0.55,0.18,0.13,0.20,0.40,0.45,38,33,33.20,32.70,0.63,0.66,3.47,4.91,0.89,15.94,0.70,0.90,8.10,2.01,0.27,0.56,0.12,0.03,0.15
723,1,59,7,38,7,134,8,72,8,0.54,0.11,0.12,0.17,0.50,0.50,59,36,34.30,34.30,0.44,0.70,3.60,5.10,0.83,12.70,0.53,0.72,9.39,2.17,0.18,0.48,0.07,0.08,0.15
863,1,22,2,15,2,35,2,20,2,0.57,0.10,0.09,0.00,0.00,0.00,22,22,22,22,0.63,0.63,2.63,3.72,0.87,11.82,0.75,0.67,1.33,0.82,0.10,0.64,0.15,0.15,0.30
892,1,68,9,48,9,130,10,75,10,0.58,0.13,0.13,0.00,0.00,0.00,68,34,35.90,32.70,0.52,0.64,4.22,5.96,0.87,15.88,0.64,0.75,11.25,2.37,0.20,0.61,0.11,0.13,0.24
556,1,38,6,22,5,67,9,32,8,0.48,0.25,0.16,0.17,0.17,0.29,38,31,32.10,31.30,0.57,0.62,3.28,4.64,0.87,13.54,0.69,1.00,6.00,1.73,0.19,0.50,0.16,0.06,0.22
834,1,43,6,25,5,67,9,36,8,0.54,0.22,0.14,0.11,0.11,0.24,43,32,34.70,35.60,0.64,0.64,3.71,5.25,0.89,17.31,0.69,0.78,5.44,1.65,0.19,0.61,0.08,0.11,0.19
617,1,49,8,32,8,89,15,50,15,0.56,0.30,0.16,0.27,0.82,0.64,49,33,34.00,34.40,0.55,0.66,3.67,5.19,0.87,14.66,0.64,0.91,9.09,2.13,0.20,0.41,0.16,0.06,0.22
585,1,59,8,40,7,108,11,59,10,0.55,0.17,0.14,0.00,0.00,0.00,59,37,34.20,33.80,0.55,0.67,4.01,5.68,0.87,15.75,0.68,0.90,8.10,2.01,0.15,0.62,0.15,0.05,0.20
685,1,48,5,29,5,98,9,47,9,0.48,0.19,0.10,0.00,0.00,0.00,48,36,32.70,32.60,0.49,0.72,3.43,4.85,0.84,12.79,0.62,0.83,4.17,1.44,0.11,0.62,0.17,0.04,0.21
833,1,79,12,53,10,146,14,81,12,0.55,0.15,0.15,0.11,0.22,0.33,79,34,37.60,38.10,0.54,0.73,4.62,6.54,0.88,17.56,0.65,0.78,10.89,2.33,0.17,0.54,0.16,0.11,0.27
836,1,70,14,46,13,158,21,81,20,0.51,0.25,0.20,0.12,0.25,0.35,70,34,34.50,33.30,0.44,0.67,3.94,5.57,0.84,13.67,0.57,0.88,12.25,2.47,0.17,0.43,0.15,0.04,0.19
830,1,40,5,21,5,64,6,28,6,0.44,0.21,0.12,0.29,0.57,0.53,40,33,33.50,33.40,0.62,0.66,3.54,5.00,0.89,15.98,0.75,0.86,5.14,1.60,0.21,0.67,0.04,0.07,0.11
737,1,53,5,38,5,92,7,52,7,0.57,0.13,0.09,0.00,0.00,0.00,53,32,33.60,35.40,0.58,0.64,3.91,5.53,0.88,16.10,0.73,1.00,10.00,2.24,0.19,0.59,0.17,0.06,0.23
858,1,50,8,31,8,86,12,51,12,0.59,0.24,0.16,0.11,0.11,0.24,50,36,34.60,34.30,0.58,0.72,3.81,5.39,0.88,15.89,0.61,0.89,7.11,1.89,0.16,0.56,0.14,0.06,0.20
670,1,37,6,23,6,72,11,36,11,0.50,0.31,0.16,0.50,0.50,0.50,37,34,31.40,28.00,0.51,0.68,3.08,4.36,0.84,11.93,0.64,1.00,2.00,1.00,0.06,0.67,0.19,0.06,0.25
916,1,44,6,28,6,68,6,38,6,0.56,0.16,0.14,0.00,0.00,0.00,44,36,36.40,37.20,0.65,0.72,3.77,5.34,0.90,17.76,0.74,1.00,6.00,1.73,0.16,0.70,0.21,0.05,0.26
702,1,59,6,40,6,103,7,57,7,0.55,0.12,0.10,0.17,0.33,0.41,59,34,34.90,32.90,0.57,0.70,4.11,5.81,0.88,16.74,0.70,0.92,10.08,2.25,0.19,0.64,0.11,0.09,0.19
577,1,46,7,28,7,92,7,44,7,0.48,0.16,0.15,0.29,0.57,0.53,46,30,30.40,30.90,0.50,0.60,3.39,4.80,0.85,12.81,0.64,0.86,5.14,1.60,0.14,0.48,0.16,0.11,0.27
631,0,0,0,0,0,0,0,0,0,0,0,0,0,0,0,0,0,0,0,0,0,0,0,0,0,0,0,0,0,0,0,0,0,0
810,1,48,9,29,8,71,11,35,10,0.49,0.29,0.19,0.25,0.50,0.50,48,38,37.30,36.80,0.68,0.76,4.03,5.70,0.91,20.16,0.83,0.88,6.12,1.75,0.20,0.84,0.14,0.09,0.23
851,1,39,5,23,5,75,11,41,11,0.55,0.27,0.13,0.12,0.12,0.25,39,27,29.90,27.80,0.52,0.54,3.18,4.50,0.85,12.38,0.56,0.75,4.50,1.50,0.15,0.39,0.15,0.07,0.22
880,1,40,3,24,3,71,5,42,5,0.59,0.12,0.07,0.00,0.00,0.00,40,33,31.60,32.90,0.56,0.66,3.36,4.75,0.87,13.75,0.57,0.78,5.44,1.65,0.17,0.50,0.05,0.07,0.12
778,1,39,2,21,2,59,2,27,2,0.46,0.07,0.05,0.00,0.00,0.00,39,35,35.80,34.30,0.66,0.70,3.59,5.08,0.90,17.44,0.78,0.75,4.50,1.50,0.22,0.69,0.11,0.11,0.22
798,1,64,12,40,11,137,18,68,16,0.50,0.24,0.19,0.17,0.50,0.50,64,32,33.60,33.00,0.47,0.68,3.87,5.47,0.85,13.81,0.59,0.78,10.89,2.33,0.21,0.50,0.07,0.06,0.13
747,1,51,8,31,8,111,20,56,20,0.50,0.36,0.16,0.25,0.50,0.50,51,28,30.70,32.00,0.46,0.68,3.42,4.84,0.83,12.39,0.55,0.88,6.12,1.75,0.12,0.55,0.09,0.09,0.18
593,1,53,5,33,5,113,9,60,9,0.53,0.15,0.09,0.10,0.10,0.22,53,30,31.00,31.20,0.47,0.64,3.53,4.99,0.84,12.82,0.55,0.70,4.90,1.57,0.12,0.55,0.13,0.05,0.18
920,1,51,5,36,4,97,7,52,6,0.54,0.12,0.10,0.00,0.00,0.00,51,31,31.80,30.40,0.53,0.62,3.66,5.18,0.86,14.14,0.69,0.82,7.36,1.92,0.17,0.54,0.21,0.06,0.27
534,1,75,13,49,13,157,22,85,22,0.54,0.26,0.17,0.16,0.47,0.49,75,38,34.90,36.00,0.48,0.70,4.23,5.99,0.85,15.03,0.58,0.84,13.47,2.60,0.19,0.49,0.12,0.06,0.18
898,1,41,2,23,2,73,2,33,2,0.45,0.06,0.05,0.29,0.57,0.53,41,32,31.90,33.40,0.56,0.64,3.39,4.80,0.87,13.86,0.70,1.00,7.00,1.87,0.21,0.47,0.09,0.12,0.21
637,1,38,1,18,1,71,2,31,2,0.44,0.06,0.03,0.00,0.00,0.00,38,27,30.20,28.00,0.54,0.54,3.19,4.51,0.85,12.62,0.58,0.67,2.67,1.15,0.13,0.47,0.19,0.03,0.23
620,0,0,0,0,0,0,0,0,0,0,0,0,0,0,0,0,0,0,0,0,0,0,0,0,0,0,0,0,0,0,0,0,0,0
727,1,43,2,26,2,64,2,35,2,0.55,0.06,0.05,0.17,0.17,0.29,43,36,35.70,36.60,0.67,0.72,3.80,5.38,0.90,18.89,0.74,1.00,6.00,1.73,0.17,0.53,0.23,0.11,0.34
501,1,26,2,15,2,34,2,16,2,0.47,0.12,0.08,0.00,0.00,0.00,26,26,26,26,0.76,0.76,3.15,4.46,0.92,20.13,0.94,1.00,3.00,1.22,0.19,0.89,0.19,0.06,0.25
671,1,51,6,33,6,90,8,43,8,0.48,0.19,0.12,0.12,0.12,0.25,51,35,32.30,33.30,0.57,0.70,3.80,5.38,0.87,15.48,0.77,1.00,8.00,2.00,0.19,0.68,0.14,0.02,0.16
767,1,48,7,30,7,95,10,48,10,0.51,0.21,0.15,0.08,0.08,0.20,48,35,33.20,30.40,0.51,0.70,3.48,4.92,0.85,13.19,0.62,0.67,5.33,1.63,0.17,0.50,0.19,0.02,0.21
601,1,58,3,33,3,104,4,53,4,0.51,0.08,0.05,0.09,0.09,0.21,58,34,36.90,36.90,0.56,0.72,4.02,5.69,0.87,16.04,0.62,0.82,7.36,1.92,0.17,0.65,0.09,0.09,0.19
780,1,68,8,48,8,137,10,64,10,0.47,0.16,0.12,0.00,0.00,0.00,68,33,32.50,34.20,0.50,0.67,4.11,5.81,0.86,15.01,0.75,0.92,11.08,2.35,0.19,0.67,0.19,0.08,0.27
864,1,51,3,32,3,105,3,52,3,0.50,0.06,0.06,0.00,0.00,0.00,51,33,32.80,33.30,0.49,0.65,3.52,4.98,0.84,13.03,0.62,0.73,5.82,1.71,0.15,0.67,0.15,0.04,0.19
693,1,57,3,36,3,109,4,56,4,0.51,0.07,0.05,0.00,0.00,0.00,57,34,33.30,33.10,0.52,0.70,3.86,5.46,0.86,14.74,0.64,0.69,6.23,1.77,0.16,0.61,0.11,0.09,0.20
744,1,54,10,34,10,86,20,47,20,0.55,0.43,0.19,0.12,0.12,0.25,54,38,37.00,36.80,0.63,0.76,4.12,5.82,0.90,18.52,0.72,0.88,6.12,1.75,0.15,0.54,0.17,0.11,0.28
508,1,50,4,32,4,83,5,47,5,0.57,0.11,0.08,0.11,0.11,0.24,50,30,34.40,31.90,0.60,0.60,3.88,5.49,0.89,16.73,0.68,0.89,7.11,1.89,0.17,0.59,0.19,0.09,0.28
815,1,65,7,39,7,167,12,74,12,0.44,0.16,0.11,0.15,0.31,0.39,65,31,30.10,27.20,0.39,0.58,3.56,5.03,0.82,12.06,0.53,0.85,9.31,2.16,0.15,0.38,0.15,0.05,0.20
629,1,32,4,19,4,49,6,22,6,0.45,0.27,0.12,0.00,0.00,0.00,32,32,32,32,0.65,0.65,3.23,4.57,0.89,15.44,0.86,1.00,3.00,1.22,0.14,0.91,0.23,0.05,0.27
867,1,77,11,49,11,137,12,66,12,0.48,0.18,0.14,0.00,0.00,0.00,77,35,35.40,35.20,0.56,0.73,4.65,6.58,0.88,18.25,0.74,0.87,11.27,2.37,0.20,0.64,0.15,0.11,0.26
893,1,53,6,33,5,92,6,49,5,0.53,0.10,0.11,0.00,0.00,0.00,53,32,34.50,34.70,0.58,0.64,3.91,5.53,0.88,16.10,0.67,0.83,8.33,2.04,0.20,0.56,0.10,0.08,0.18
535,1,64,7,44,7,117,17,80,17,0.68,0.21,0.11,0.00,0.00,0.00,64,33,36.60,36.40,0.55,0.71,4.18,5.92,0.87,16.33,0.55,0.80,9.60,2.19,0.15,0.41,0.15,0.06,0.21
573,1,41,5,24,5,63,6,31,5,0.49,0.16,0.12,0.00,0.00,0.00,41,35,35.40,34.00,0.65,0.70,3.65,5.17,0.90,17.35,0.77,0.88,6.12,1.75,0.23,0.73,0.13,0.06,0.19
539,1,34,2,19,2,52,2,26,2,0.50,0.08,0.06,0.00,0.00,0.00,34,33,32.80,33.30,0.65,0.66,3.33,4.71,0.89,15.96,0.73,0.67,2.67,1.15,0.15,0.77,0.12,0.12,0.23
912,1,44,4,24,4,77,6,41,6,0.53,0.15,0.09,0.08,0.08,0.20,44,31,33.90,29.00,0.57,0.62,3.55,5.01,0.87,14.64,0.59,0.58,4.08,1.43,0.17,0.55,0.15,0.05,0.20
728,1,43,4,26,4,113,7,53,7,0.47,0.13,0.09,0.10,0.10,0.22,43,25,29.10,28.90,0.38,0.56,2.86,4.05,0.80,10.05,0.49,0.60,3.60,1.34,0.11,0.48,0.13,0.04,0.17
771,1,64,5,40,5,133,8,67,8,0.50,0.12,0.08,0.00,0.00,0.00,64,32,33.90,31.80,0.48,0.64,3.92,5.55,0.85,14.20,0.60,0.69,6.23,1.77,0.13,0.59,0.10,0.09,0.19
857,1,49,4,33,4,79,4,43,4,0.54,0.09,0.08,0.27,0.82,0.64,49,36,35.60,35.10,0.62,0.72,3.90,5.51,0.89,17.36,0.77,1.00,11.00,2.35,0.26,0.69,0.21,0.09,0.30
895,0,0,0,0,0,0,0,0,0,0,0,0,0,0,0,0,0,0,0,0,0,0,0,0,0,0,0,0,0,0,0,0,0,0
600,1,45,9,32,8,111,25,59,22,0.53,0.37,0.20,0.00,0.00,0.00,45,18,28.90,31.00,0.41,0.53,3.02,4.27,0.81,10.67,0.54,0.86,5.14,1.60,0.10,0.46,0.10,0.05,0.15
743,1,59,9,37,9,114,17,59,17,0.52,0.29,0.15,0.12,0.25,0.35,59,35,35.40,33.70,0.52,0.70,3.91,5.53,0.86,14.79,0.63,0.81,10.56,2.30,0.22,0.50,0.12,0.07,0.19
841,1,40,7,25,6,69,8,39,7,0.57,0.18,0.17,0.18,0.36,0.43,40,31,31.50,31.00,0.58,0.62,3.41,4.82,0.87,14.28,0.64,0.73,5.82,1.71,0.21,0.53,0.10,0.13,0.23
792,1,74,7,47,7,141,8,64,8,0.45,0.12,0.09,0.13,0.27,0.37,74,35,36.30,37.20,0.52,0.73,4.41,6.23,0.87,16.50,0.73,0.93,13.07,2.56,0.22,0.67,0.14,0.08,0.22
729,1,37,3,20,3,75,7,39,7,0.52,0.18,0.08,0.17,0.17,0.29,37,28,29.60,27.40,0.49,0.56,3.02,4.27,0.84,11.46,0.51,0.83,4.17,1.44,0.13,0.33,0.10,0.05,0.15
515,1,39,6,24,6,83,13,46,13,0.55,0.28,0.15,0.25,0.50,0.50,39,24,30.00,25.50,0.47,0.48,3.03,4.28,0.83,11.23,0.52,0.62,3.12,1.25,0.11,0.48,0.13,0.07,0.20
603,1,21,3,12,3,29,3,16,3,0.55,0.19,0.14,0.25,0.25,0.35,21,21,21,21,0.72,0.72,2.76,3.90,0.90,15.26,0.75,1.00,4.00,1.41,0.25,0.67,0.19,0.06,0.25
618,1,47,6,28,6,94,7,47,7,0.50,0.15,0.13,0.25,0.25,0.35,47,34,33.00,32.40,0.50,0.68,3.43,4.85,0.85,12.93,0.60,1.00,4.00,1.41,0.09,0.58,0.15,0.06,0.21
568,0,0,0,0,0,0,0,0,0,0,0,0,0,0,0,0,0,0,0,0,0,0,0,0,0,0,0,0,0,0,0,0,0,0
607,1,63,7,43,7,136,11,68,11,0.50,0.16,0.11,0.10,0.19,0.31,63,31,33.20,32.50,0.46,0.63,3.82,5.40,0.84,13.62,0.63,0.81,13.76,2.62,0.25,0.50,0.10,0.03,0.13
686,1,45,8,30,7,63,10,37,9,0.59,0.24,0.18,0.12,0.12,0.25,45,39,38.50,36.70,0.71,0.78,4.01,5.67,0.92,22.16,0.81,0.88,6.12,1.75,0.19,0.67,0.19,0.11,0.30
774,1,51,9,31,9,101,13,56,13,0.55,0.23,0.18,0.09,0.09,0.21,51,33,33.30,31.90,0.50,0.60,3.59,5.07,0.85,13.54,0.55,0.91,9.09,2.13,0.18,0.48,0.09,0.04,0.12
586,1,64,7,40,7,132,8,67,8,0.51,0.12,0.11,0.08,0.08,0.20,64,35,34.10,30.60,0.48,0.66,3.94,5.57,0.85,14.30,0.60,0.69,6.23,1.77,0.13,0.58,0.12,0.06,0.18
765,1,2,1,2,1,2,1,2,1,1.00,0.50,0.50,0,0,0,2,2,2,2,1.00,1.00,1.00,1.41,1.00,NaN,1.00,0,0,0,0.00,1.00,0.00,0.00,0.00
554,1,84,10,53,10,208,11,99,11,0.48,0.11,0.12,0.14,0.43,0.46,84,34,34.30,30.40,0.40,0.64,4.12,5.82,0.83,13.65,0.54,0.76,12.19,2.47,0.16,0.48,0.11,0.05,0.16
713,1,59,9,39,9,112,12,59,12,0.53,0.20,0.15,0.23,0.69,0.59,59,35,33.80,35.20,0.53,0.68,3.94,5.57,0.86,15.09,0.66,0.92,11.08,2.35,0.20,0.63,0.08,0.05,0.14
613,1,75,7,51,7,148,10,78,10,0.53,0.13,0.09,0.00,0.00,0.00,75,33,33.90,35.20,0.51,0.70,4.36,6.16,0.86,15.96,0.65,0.87,11.27,2.37,0.17,0.55,0.14,0.08,0.22
717,1,44,9,26,9,83,12,43,12,0.52,0.28,0.20,0.17,0.17,0.29,44,34,31.70,34.10,0.53,0.68,3.42,4.83,0.86,13.36,0.60,0.83,4.17,1.44,0.12,0.52,0.14,0.02,0.16
911,1,51,5,35,5,106,9,57,9,0.54,0.16,0.10,0.08,0.08,0.20,51,32,31.60,28.30,0.48,0.60,3.50,4.95,0.84,12.91,0.61,0.67,5.33,1.63,0.14,0.50,0.16,0.09,0.25
872,1,54,7,33,7,92,10,46,10,0.50,0.22,0.13,0.00,0.00,0.00,54,34,36.00,37.20,0.59,0.68,3.98,5.63,0.88,16.67,0.72,0.78,5.44,1.65,0.15,0.74,0.13,0.11,0.24
808,1,53,9,30,7,94,11,44,8,0.47,0.18,0.17,0.15,0.31,0.39,53,33,35.60,35.40,0.56,0.66,3.87,5.47,0.87,15.64,0.68,0.85,9.31,2.16,0.25,0.60,0.14,0.07,0.20
875,1,61,8,38,8,111,12,51,12,0.46,0.24,0.13,0.18,0.36,0.43,61,31,34.80,36.20,0.55,0.67,4.09,5.79,0.87,16.09,0.75,0.82,7.36,1.92,0.18,0.67,0.14,0.14,0.27
829,1,45,8,28,7,78,9,37,8,0.47,0.22,0.18,0.20,0.20,0.32,45,33,33.40,32.10,0.58,0.66,3.60,5.10,0.87,14.99,0.76,1.00,5.00,1.58,0.14,0.68,0.19,0.05,0.24
827,1,58,6,37,6,94,8,55,8,0.59,0.15,0.10,0.00,0.00,0.00,58,35,37.60,36.40,0.62,0.70,4.23,5.98,0.89,18.57,0.67,0.92,11.08,2.35,0.22,0.53,0.13,0.07,0.20
718,1,59,8,35,8,91,9,49,9,0.54,0.18,0.14,0.09,0.09,0.21,59,38,36.70,37.20,0.65,0.76,4.37,6.18,0.90,20.39,0.71,0.91,9.09,2.13,0.20,0.62,0.14,0.08,0.22
725,1,56,4,34,4,105,5,57,5,0.54,0.09,0.07,0.08,0.08,0.20,56,37,35.00,34.20,0.53,0.69,3.86,5.47,0.86,14.96,0.60,0.92,10.08,2.25,0.19,0.42,0.14,0.07,0.21
575,1,51,7,32,7,93,8,46,8,0.49,0.17,0.14,0.11,0.11,0.24,51,31,34.20,32.50,0.55,0.62,3.74,5.29,0.87,14.85,0.70,0.89,7.11,1.89,0.17,0.72,0.24,0.04,0.28
507,1,44,4,28,4,74,6,38,6,0.51,0.16,0.09,0.29,0.57,0.53,44,32,33.70,29.20,0.59,0.64,3.62,5.11,0.88,15.48,0.74,1.00,7.00,1.87,0.18,0.67,0.18,0.03,0.21
714,1,49,3,32,3,86,3,43,3,0.50,0.07,0.06,0.00,0.00,0.00,49,33,31.70,29.70,0.57,0.66,3.74,5.28,0.87,15.32,0.74,0.70,4.90,1.57,0.16,0.80,0.12,0.12,0.23
614,1,63,7,40,7,99,7,51,7,0.52,0.14,0.11,0.15,0.31,0.39,63,37,37.80,38.20,0.64,0.74,4.48,6.33,0.90,20.29,0.78,1.00,13.00,2.55,0.25,0.68,0.08,0.08,0.16
684,1,94,10,65,10,208,14,121,14,0.58,0.12,0.11,0.00,0.00,0.00,94,34,36.60,35.80,0.45,0.72,4.61,6.52,0.85,15.58,0.54,0.73,11.64,2.41,0.13,0.44,0.14,0.08,0.22
606,1,44,6,24,5,70,12,35,11,0.50,0.31,0.14,0.00,0.00,0.00,44,31,35.80,33.70,0.63,0.62,3.72,5.26,0.89,16.88,0.69,0.67,5.33,1.63,0.23,0.62,0.09,0.11,0.20
869,1,62,6,40,6,120,6,61,6,0.51,0.10,0.10,0.08,0.08,0.20,62,35,35.00,34.90,0.52,0.72,4.00,5.66,0.86,15.07,0.66,0.85,9.31,2.16,0.18,0.66,0.15,0.05,0.20
769,1,35,4,18,4,53,6,25,6,0.47,0.24,0.11,0.00,0.00,0.00,35,33,33.70,32.80,0.66,0.66,3.40,4.81,0.90,16.50,0.72,1.00,3.00,1.22,0.12,0.58,0.24,0.12,0.36
680,1,57,8,34,7,107,9,50,8,0.47,0.16,0.14,0.14,0.29,0.38,57,34,33.20,31.80,0.53,0.68,3.90,5.51,0.87,15.06,0.68,0.86,10.29,2.27,0.24,0.50,0.14,0.08,0.22
512,1,76,14,51,14,130,18,65,17,0.50,0.26,0.18,0.09,0.09,0.21,76,37,37.40,39.20,0.58,0.74,4.71,6.67,0.89,19.17,0.78,1.00,11.00,2.35,0.17,0.67,0.22,0.12,0.34
716,1,62,12,37,11,114,22,63,21,0.55,0.33,0.19,0.20,0.60,0.55,62,38,36.90,38.10,0.54,0.79,4.11,5.81,0.87,15.99,0.59,0.67,6.67,1.83,0.16,0.52,0.14,0.08,0.22
777,1,46,7,34,7,72,10,46,10,0.64,0.22,0.15,0.17,0.33,0.41,46,33,35.50,36.30,0.64,0.66,3.83,5.42,0.90,17.73,0.74,1.00,12.00,2.45,0.26,0.65,0.07,0.11,0.17
837,1,48,7,33,7,98,10,54,10,0.55,0.19,0.15,0.00,0.00,0.00,48,32,31.90,30.20,0.49,0.64,3.43,4.85,0.84,12.79,0.61,0.67,5.33,1.63,0.15,0.61,0.13,0.06,0.19
835,1,50,2,29,2,92,2,45,2,0.49,0.04,0.04,0.00,0.00,0.00,50,30,34.80,32.20,0.54,0.60,3.69,5.21,0.87,14.56,0.64,0.75,4.50,1.50,0.13,0.59,0.18,0.11,0.29
530,0,0,0,0,0,0,0,0,0,0,0,0,0,0,0,0,0,0,0,0,0,0,0,0,0,0,0,0,0,0,0,0,0,0
696,1,53,4,34,4,107,13,57,13,0.53,0.23,0.08,0.08,0.08,0.20,53,33,32.00,32.90,0.50,0.65,3.62,5.12,0.85,13.50,0.60,0.83,8.33,2.04,0.18,0.53,0.12,0.05,0.18
548,1,34,3,18,3,69,4,28,4,0.41,0.14,0.09,0.00,0.00,0.00,34,29,28.80,27.40,0.49,0.58,2.89,4.09,0.83,11.00,0.64,0.67,2.67,1.15,0.14,0.61,0.07,0.04,0.11
805,0,0,0,0,0,0,0,0,0,0,0,0,0,0,0,0,0,0,0,0,0,0,0,0,0,0,0,0,0,0,0,0,0,0
624,1,59,5,35,5,85,5,47,5,0.55,0.11,0.08,0.00,0.00,0.00,59,40,38.20,41.30,0.69,0.80,4.53,6.40,0.92,23.48,0.74,0.83,4.17,1.44,0.11,0.73,0.21,0.13,0.34
915,1,53,7,33,7,108,9,50,9,0.46,0.18,0.13,0.00,0.00,0.00,53,36,32.80,31.30,0.49,0.67,3.61,5.10,0.85,13.37,0.66,0.75,6.75,1.84,0.18,0.57,0.14,0.02,0.16
768,1,72,8,49,7,155,8,82,7,0.53,0.09,0.11,0.05,0.05,0.15,72,31,33.90,32.90,0.46,0.63,4.09,5.78,0.85,14.41,0.60,0.76,12.19,2.47,0.20,0.52,0.12,0.11,0.23
559,1,69,11,43,10,125,13,69,12,0.55,0.17,0.16,0.15,0.31,0.39,69,39,38.90,37.00,0.55,0.76,4.36,6.17,0.88,17.04,0.62,0.92,11.08,2.35,0.17,0.48,0.17,0.09,0.26
663,1,67,9,42,9,155,14,73,14,0.47,0.19,0.13,0.07,0.07,0.19,67,28,32.30,30.70,0.43,0.57,3.81,5.38,0.83,13.17,0.58,0.71,7.14,1.89,0.14,0.50,0.15,0.07,0.22
506,1,63,10,45,10,107,11,58,11,0.54,0.19,0.16,0.06,0.06,0.18,63,35,36.30,35.10,0.59,0.72,4.31,6.09,0.89,17.90,0.78,0.81,10.56,2.30,0.22,0.70,0.19,0.10,0.29
543,0,0,0,0,0,0,0,0,0,0,0,0,0,0,0,0,0,0,0,0,0,0,0,0,0,0,0,0,0,0,0,0,0,0
789,1,72,8,48,8,121,10,64,10,0.53,0.16,0.11,0.07,0.07,0.18,72,29,38.80,37.30,0.60,0.66,4.63,6.55,0.89,19.24,0.75,0.87,11.27,2.37,0.20,0.64,0.16,0.20,0.36
621,1,47,6,29,5,79,6,44,5,0.56,0.11,0.13,0.20,0.40,0.45,47,33,34.20,32.90,0.59,0.66,3.74,5.29,0.88,15.97,0.66,0.70,4.90,1.57,0.16,0.57,0.18,0.05,0.23
572,1,59,4,39,4,112,6,59,6,0.53,0.10,0.07,0.00,0.00,0.00,59,35,34.90,30.90,0.53,0.67,3.94,5.57,0.86,15.09,0.66,0.64,4.45,1.49,0.12,0.54,0.20,0.10,0.31