subjectcode,sentences,wordtypes,swordtypes,lextypes,slextypes,wordtokens,swordtokens,lextokens,slextokens,ld,ls1,ls2,vs1,vs2,cvs1,ndw,ndwz,ndwerz,ndwesz,ttr,msttr,cttr,rttr,logttr,uber,lv,vv1,svv1,cvv1,vv2,nv,adjv,advv,modv
100,1,67,7,44,6,124,19,64,10,0.52,0.16,0.10,0.00,0.00,0.00,67,14,16.85,17.98,0.54,0.88,4.25,6.02,0.87,16.39,0.69,0.54,3.77,1.37,0.11,0.62,0.19,0.16,0.34
101,1,39,7,24,6,58,11,36,10,0.62,0.28,0.18,0.00,0.00,0.00,39,20,17.54,17.95,0.67,0.97,3.62,5.12,0.90,18.04,0.67,0.60,3.60,1.34,0.17,0.53,0.19,0.08,0.28
102,1,35,7,21,6,57,11,29,8,0.51,0.28,0.20,0.00,0.00,0.00,35,17,16.83,16.08,0.61,0.88,3.28,4.64,0.88,14.56,0.72,0.75,4.50,1.50,0.21,0.64,0.17,0.10,0.28
103,1,44,14,23,8,54,18,26,9,0.48,0.35,0.32,0.00,0.00,0.00,44,19,18.36,18.24,0.81,0.95,4.23,5.99,0.95,33.74,0.88,1.00,4.00,1.41,0.15,0.85,0.19,0.12,0.31
104,0,0,0,0,0,0,0,0,0,0,0,0,0,0,0,0,0,0,0,0,0,0,0,0,0,0,0,0,0,0,0,0,0,0
105,1,62,12,36,8,136,34,64,22,0.47,0.34,0.19,0.00,0.00,0.00,62,19,16.89,16.82,0.46,0.86,3.76,5.32,0.84,13.34,0.56,0.62,4.92,1.57,0.12,0.33,0.14,0.16,0.30
106,1,19,5,12,4,32,8,17,5,0.53,0.29,0.26,0.00,0.00,0.00,19,16,14.56,15.25,0.59,0.80,2.38,3.36,0.85,10.01,0.71,0.67,2.67,1.15,0.24,0.50,0.24,0.06,0.29
109,1,35,7,19,6,60,21,32,14,0.53,0.44,0.20,0.00,0.00,0.00,35,14,15.46,16.80,0.58,0.75,3.20,4.52,0.87,13.51,0.59,0.80,3.20,1.26,0.12,0.43,0.22,0.06,0.28
110,1,67,14,44,13,115,21,68,16,0.59,0.24,0.21,0.16,0.64,0.57,67,20,17.70,18.47,0.58,0.92,4.42,6.25,0.89,18.10,0.65,0.44,4.84,1.56,0.16,0.74,0.16,0.07,0.24
111,1,36,9,22,6,60,19,35,13,0.58,0.37,0.25,0.08,0.08,0.20,36,17,15.99,16.25,0.60,0.85,3.29,4.65,0.88,14.25,0.63,0.69,6.23,1.77,0.26,0.40,0.17,0.03,0.20
112,1,39,7,25,5,58,9,35,6,0.60,0.17,0.18,0.00,0.00,0.00,39,19,17.67,18.77,0.67,0.93,3.62,5.12,0.90,18.04,0.71,0.75,4.50,1.50,0.17,0.59,0.20,0.06,0.26
113,1,33,7,20,6,49,14,25,8,0.51,0.32,0.21,0.00,0.00,0.00,33,17,16.66,16.42,0.67,0.82,3.33,4.71,0.90,16.64,0.80,1.00,2.00,1.00,0.08,0.75,0.16,0.08,0.24
114,1,59,10,38,9,115,25,67,17,0.58,0.25,0.17,0.04,0.04,0.14,59,17,17.09,18.12,0.51,0.89,3.89,5.50,0.86,14.65,0.57,0.46,5.54,1.66,0.18,0.50,0.12,0.10,0.22
115,1,38,12,24,9,63,19,32,12,0.51,0.38,0.32,0.20,0.40,0.45,38,18,16.48,16.73,0.60,0.88,3.39,4.79,0.88,14.75,0.75,0.70,4.90,1.57,0.22,0.83,0.09,0.12,0.22
116,1,29,5,17,4,43,9,23,5,0.53,0.22,0.17,0.00,0.00,0.00,29,17,16.25,14.83,0.67,0.88,3.13,4.42,0.90,15.60,0.74,0.56,2.78,1.18,0.22,0.80,0.17,0.00,0.17
117,1,43,11,24,8,72,16,36,10,0.50,0.28,0.26,0.06,0.06,0.17,43,19,17.27,15.75,0.60,0.88,3.58,5.07,0.88,15.41,0.67,0.50,4.50,1.50,0.25,0.85,0.06,0.06,0.11
120,1,47,5,27,4,75,12,43,6,0.57,0.14,0.11,0.07,0.07,0.18,47,14,17.08,17.15,0.63,0.78,3.84,5.43,0.89,17.32,0.63,0.67,6.67,1.83,0.23,0.50,0.16,0.05,0.21
121,1,36,5,18,4,63,14,26,7,0.41,0.27,0.14,0.00,0.00,0.00,36,16,16.09,17.85,0.57,0.85,3.21,4.54,0.86,13.32,0.69,0.71,3.57,1.34,0.19,0.62,0.15,0.04,0.19
123,1,68,11,39,9,120,21,61,12,0.51,0.20,0.16,0.14,0.29,0.38,68,18,17.22,17.88,0.57,0.89,4.39,6.21,0.88,17.53,0.64,0.79,8.64,2.08,0.18,0.48,0.10,0.15,0.25
124,1,45,8,24,6,108,28,60,19,0.56,0.32,0.18,0.00,0.00,0.00,45,15,15.64,16.12,0.42,0.78,3.06,4.33,0.81,10.88,0.40,0.31,1.56,0.88,0.08,0.30,0.10,0.10,0.20
125,0,0,0,0,0,0,0,0,0,0,0,0,0,0,0,0,0,0,0,0,0,0,0,0,0,0,0,0,0,0,0,0,0,0
126,1,51,10,28,9,94,26,51,20,0.54,0.39,0.20,0.06,0.06,0.18,51,18,17.12,17.61,0.54,0.84,3.72,5.26,0.87,14.66,0.55,0.62,6.25,1.77,0.20,0.42,0.12,0.08,0.20
127,1,41,8,23,6,78,15,46,9,0.59,0.20,0.20,0.06,0.06,0.17,41,16,16.07,16.66,0.53,0.75,3.28,4.64,0.85,12.82,0.50,0.39,2.72,1.17,0.15,0.50,0.11,0.09,0.20
128,1,38,6,22,3,76,15,38,4,0.50,0.11,0.16,0.00,0.00,0.00,38,15,14.96,15.23,0.50,0.73,3.08,4.36,0.84,11.75,0.58,0.75,4.50,1.50,0.16,0.50,0.13,0.03,0.16
129,1,4,3,2,2,4,3,2,2,0.50,1.00,0.75,0,0,0,4,4,4,4,1.00,1.00,1.41,2.00,1.00,NaN,1.00,0,0,0,0.00,1.00,0.00,0.00,0.00
130,1,56,9,36,7,90,12,51,8,0.57,0.16,0.16,0.00,0.00,0.00,56,14,17.63,18.22,0.62,0.88,4.17,5.90,0.89,18.53,0.71,0.71,7.14,1.89,0.20,0.62,0.14,0.12,0.25
131,0,0,0,0,0,0,0,0,0,0,0,0,0,0,0,0,0,0,0,0,0,0,0,0,0,0,0,0,0,0,0,0,0,0
132,1,35,6,23,4,55,9,34,6,0.62,0.18,0.17,0.08,0.08,0.20,35,18,16.82,16.27,0.64,0.88,3.34,4.72,0.89,15.43,0.68,0.67,5.33,1.63,0.24,0.60,0.15,0.12,0.26
134,1,60,10,38,9,103,28,57,16,0.55,0.28,0.17,0.07,0.07,0.19,60,18,16.86,17.30,0.58,0.87,4.18,5.91,0.88,17.26,0.67,0.57,4.57,1.51,0.14,0.60,0.21,0.11,0.32
135,1,22,8,16,7,31,11,19,9,0.61,0.47,0.36,0.50,1.00,0.71,22,17,16.00,16.43,0.71,0.85,2.79,3.95,0.90,14.93,0.84,0.75,2.25,1.06,0.16,0.88,0.32,0.00,0.32
136,1,31,5,22,5,49,7,35,7,0.71,0.20,0.16,0.12,0.12,0.25,31,15,16.29,17.04,0.63,0.80,3.13,4.43,0.88,14.37,0.63,0.38,1.12,0.75,0.09,0.69,0.14,0.11,0.26
137,1,105,24,70,22,203,46,113,32,0.56,0.28,0.23,0.12,0.47,0.49,105,17,17.97,18.55,0.52,0.91,5.21,7.37,0.88,18.60,0.62,0.65,14.24,2.67,0.19,0.52,0.10,0.10,0.19
138,1,31,8,18,7,45,15,23,10,0.51,0.43,0.26,0.20,0.20,0.32,31,15,16.57,17.47,0.69,0.85,3.27,4.62,0.90,16.89,0.78,0.80,3.20,1.26,0.17,0.75,0.22,0.13,0.35
139,1,22,7,13,4,24,8,14,4,0.58,0.29,0.32,0.20,0.20,0.32,22,20,18.63,19.00,0.92,1.00,3.18,4.49,0.97,50.41,0.93,0.80,3.20,1.26,0.29,1.00,0.00,0.29,0.29
140,1,25,5,14,4,41,9,24,6,0.59,0.25,0.20,0.00,0.00,0.00,25,16,15.92,15.88,0.61,0.82,2.76,3.90,0.87,12.11,0.58,0.57,2.29,1.07,0.17,0.57,0.17,0.08,0.25
141,1,35,6,19,5,54,14,28,8,0.52,0.29,0.17,0.00,0.00,0.00,35,17,16.56,17.48,0.65,0.90,3.37,4.76,0.89,15.94,0.68,0.75,4.50,1.50,0.21,0.62,0.14,0.04,0.18
142,0,0,0,0,0,0,0,0,0,0,0,0,0,0,0,0,0,0,0,0,0,0,0,0,0,0,0,0,0,0,0,0,0,0
143,0,0,0,0,0,0,0,0,0,0,0,0,0,0,0,0,0,0,0,0,0,0,0,0,0,0,0,0,0,0,0,0,0,0
145,1,24,6,13,5,39,12,21,7,0.54,0.33,0.25,0.14,0.14,0.27,24,15,15.49,15.15,0.62,0.75,2.72,3.84,0.87,12.01,0.62,0.57,2.29,1.07,0.19,0.50,0.19,0.10,0.29
148,1,52,10,28,8,83,19,45,13,0.54,0.29,0.19,0.15,0.31,0.39,52,18,17.34,18.25,0.63,0.89,4.04,5.71,0.89,18.14,0.62,0.85,9.31,2.16,0.24,0.47,0.16,0.07,0.22
149,1,44,9,27,8,63,16,37,12,0.59,0.32,0.20,0.12,0.12,0.25,44,18,17.70,19.02,0.70,0.92,3.92,5.54,0.91,20.77,0.73,0.88,6.12,1.75,0.19,0.62,0.19,0.14,0.32
150,1,40,8,23,7,73,17,43,14,0.59,0.33,0.20,0.09,0.09,0.21,40,14,16.09,16.93,0.55,0.80,3.31,4.68,0.86,13.29,0.53,0.45,2.27,1.07,0.12,0.35,0.16,0.12,0.28
152,1,23,7,14,6,31,11,17,8,0.55,0.47,0.30,0.33,0.67,0.58,23,15,16.45,16.58,0.74,0.75,2.92,4.13,0.91,17.16,0.82,1.00,6.00,1.73,0.35,0.75,0.24,0.06,0.29
153,0,0,0,0,0,0,0,0,0,0,0,0,0,0,0,0,0,0,0,0,0,0,0,0,0,0,0,0,0,0,0,0,0,0
154,1,54,8,29,7,86,13,46,10,0.53,0.22,0.15,0.10,0.10,0.22,54,19,17.71,18.21,0.63,0.94,4.12,5.82,0.90,18.52,0.63,0.80,6.40,1.79,0.17,0.48,0.11,0.13,0.24
155,1,22,4,9,4,22,4,9,4,0.41,0.44,0.18,0.00,0.00,0.00,22,20,20.00,20.00,1.00,1.00,3.32,4.69,1.00,NaN,1.00,1.00,1.00,0.71,0.11,1.00,0.11,0.00,0.11
156,1,60,13,39,12,96,23,52,17,0.54,0.33,0.22,0.13,0.27,0.37,60,18,17.64,18.20,0.62,0.94,4.33,6.12,0.90,19.25,0.75,0.73,8.07,2.01,0.21,0.59,0.21,0.13,0.35
157,1,50,8,25,6,68,8,33,6,0.49,0.18,0.16,0.09,0.09,0.21,50,19,18.20,18.52,0.74,0.88,4.29,6.06,0.93,25.15,0.76,0.82,7.36,1.92,0.27,0.75,0.12,0.18,0.30
158,1,40,11,26,10,78,26,45,18,0.58,0.40,0.28,0.11,0.11,0.24,40,13,16.29,17.56,0.51,0.85,3.20,4.53,0.85,12.34,0.58,0.67,4.00,1.41,0.13,0.52,0.16,0.02,0.18
159,1,50,9,31,8,98,24,56,18,0.57,0.32,0.18,0.08,0.08,0.20,50,18,16.72,16.36,0.51,0.85,3.57,5.05,0.85,13.57,0.55,0.50,3.00,1.22,0.11,0.47,0.18,0.12,0.30
160,1,43,10,27,9,90,17,52,12,0.58,0.23,0.23,0.12,0.25,0.35,43,16,16.34,17.80,0.48,0.89,3.21,4.53,0.84,11.91,0.52,0.50,4.00,1.41,0.15,0.47,0.13,0.08,0.21
161,1,69,11,38,10,136,26,73,19,0.54,0.26,0.16,0.11,0.22,0.33,69,19,17.32,18.04,0.51,0.92,4.18,5.92,0.86,15.45,0.52,0.61,6.72,1.83,0.15,0.41,0.11,0.11,0.22
162,1,65,7,40,6,133,19,71,11,0.53,0.15,0.11,0.04,0.04,0.14,65,15,17.04,17.70,0.49,0.86,3.99,5.64,0.85,14.51,0.56,0.60,9.00,2.12,0.21,0.57,0.08,0.08,0.17
163,1,84,21,50,13,170,39,84,22,0.49,0.26,0.25,0.10,0.30,0.39,84,16,17.68,17.75,0.49,0.89,4.56,6.44,0.86,16.25,0.60,0.57,9.63,2.19,0.20,0.52,0.12,0.08,0.20
164,1,35,6,19,4,69,16,39,7,0.57,0.18,0.17,0.06,0.06,0.18,35,16,15.54,16.31,0.51,0.80,2.98,4.21,0.84,11.47,0.49,0.50,4.00,1.41,0.21,0.31,0.13,0.08,0.21
165,1,54,11,33,8,98,22,45,11,0.46,0.24,0.20,0.08,0.08,0.20,54,16,16.51,16.36,0.55,0.81,3.86,5.45,0.87,15.32,0.73,0.77,7.69,1.96,0.22,0.67,0.18,0.11,0.29
166,1,43,7,26,6,77,12,44,7,0.57,0.16,0.16,0.06,0.06,0.17,43,15,16.80,18.05,0.56,0.85,3.47,4.90,0.87,14.07,0.59,0.41,2.88,1.20,0.16,0.57,0.20,0.07,0.27
167,1,54,11,35,10,80,20,50,14,0.62,0.28,0.20,0.08,0.08,0.20,54,16,17.55,18.00,0.68,0.88,4.27,6.04,0.91,21.22,0.70,0.62,4.92,1.57,0.16,0.63,0.16,0.14,0.30
168,1,27,5,17,4,42,12,23,8,0.55,0.35,0.19,0.12,0.12,0.25,27,18,16.25,17.79,0.64,0.90,2.95,4.17,0.88,13.73,0.74,0.62,3.12,1.25,0.22,0.71,0.17,0.13,0.30
169,0,0,0,0,0,0,0,0,0,0,0,0,0,0,0,0,0,0,0,0,0,0,0,0,0,0,0,0,0,0,0,0,0,0
170,1,30,4,19,3,52,9,30,4,0.58,0.13,0.13,0.00,0.00,0.00,30,16,15.57,16.55,0.58,0.82,2.94,4.16,0.86,12.33,0.63,0.56,2.78,1.18,0.17,0.45,0.13,0.17,0.30
171,1,11,3,6,2,11,3,6,2,0.55,0.33,0.27,0.00,0.00,0.00,11,11,11,11,1.00,1.00,2.35,3.32,1.00,NaN,1.00,1.00,2.00,1.00,0.33,1.00,0.17,0.17,0.33
172,1,21,4,12,3,33,8,16,4,0.48,0.25,0.19,0.00,0.00,0.00,21,16,15.15,15.64,0.64,0.80,2.58,3.66,0.87,11.75,0.75,0.67,2.67,1.15,0.25,0.67,0.25,0.00,0.25
173,1,62,13,40,12,130,26,68,19,0.52,0.28,0.21,0.10,0.19,0.31,62,15,17.11,17.35,0.48,0.87,3.85,5.44,0.85,13.90,0.59,0.62,8.05,2.01,0.19,0.54,0.15,0.07,0.22
174,1,36,4,20,3,59,11,29,5,0.49,0.17,0.11,0.00,0.00,0.00,36,17,16.26,16.52,0.61,0.88,3.31,4.69,0.88,14.62,0.69,0.75,4.50,1.50,0.21,0.50,0.17,0.07,0.24
175,1,57,10,34,8,102,21,50,13,0.49,0.26,0.18,0.00,0.00,0.00,57,15,17.25,17.19,0.56,0.83,3.99,5.64,0.87,15.96,0.68,0.67,5.33,1.63,0.16,0.56,0.16,0.06,0.22
176,1,31,6,20,4,57,17,32,8,0.56,0.25,0.19,0.08,0.08,0.20,31,16,14.86,15.48,0.54,0.78,2.90,4.11,0.85,11.66,0.62,0.67,5.33,1.63,0.25,0.54,0.12,0.06,0.19
177,1,63,9,38,7,98,17,47,10,0.48,0.21,0.14,0.00,0.00,0.00,63,16,17.92,18.25,0.64,0.90,4.50,6.36,0.90,20.66,0.81,1.00,11.00,2.35,0.23,0.63,0.21,0.11,0.32
178,1,68,21,42,16,121,34,59,21,0.49,0.36,0.31,0.29,1.14,0.76,68,16,17.58,17.85,0.56,0.90,4.37,6.18,0.88,17.33,0.71,0.86,10.29,2.27,0.20,0.54,0.17,0.10,0.27
179,1,57,15,35,14,85,18,40,16,0.47,0.40,0.26,0.40,1.60,0.89,57,17,17.03,17.35,0.67,0.86,4.37,6.18,0.91,21.45,0.88,0.70,4.90,1.57,0.17,0.94,0.12,0.17,0.30
181,0,0,0,0,0,0,0,0,0,0,0,0,0,0,0,0,0,0,0,0,0,0,0,0,0,0,0,0,0,0,0,0,0,0
182,1,38,12,20,6,56,15,24,7,0.43,0.29,0.32,0.00,0.00,0.00,38,18,17.08,18.88,0.68,0.95,3.59,5.08,0.90,18.15,0.83,0.80,3.20,1.26,0.17,0.78,0.12,0.25,0.38
183,1,28,5,14,4,48,8,26,5,0.54,0.19,0.18,0.00,0.00,0.00,28,15,15.68,16.76,0.58,0.80,2.86,4.04,0.86,12.08,0.54,0.36,1.45,0.85,0.15,0.50,0.15,0.04,0.19
185,1,34,6,21,5,48,6,25,5,0.52,0.20,0.18,0.17,0.33,0.41,34,18,17.02,16.88,0.71,0.88,3.47,4.91,0.91,18.87,0.84,0.75,6.75,1.84,0.36,0.75,0.20,0.16,0.36
186,1,31,6,16,5,43,9,22,6,0.51,0.27,0.19,0.00,0.00,0.00,31,15,16.99,17.46,0.72,0.85,3.34,4.73,0.91,18.78,0.73,0.62,3.12,1.25,0.23,0.57,0.23,0.09,0.32
187,1,87,11,55,10,150,25,82,17,0.55,0.21,0.13,0.04,0.04,0.14,87,16,17.92,17.25,0.58,0.87,5.02,7.10,0.89,20.02,0.67,0.62,9.38,2.17,0.18,0.57,0.16,0.12,0.28
188,1,95,27,62,21,183,46,96,30,0.52,0.31,0.28,0.22,1.33,0.82,95,18,17.58,18.03,0.52,0.91,4.97,7.02,0.87,17.98,0.65,0.70,13.37,2.59,0.20,0.53,0.17,0.08,0.25
189,0,0,0,0,0,0,0,0,0,0,0,0,0,0,0,0,0,0,0,0,0,0,0,0,0,0,0,0,0,0,0,0,0,0
190,1,23,4,14,3,39,7,22,4,0.56,0.18,0.17,0.00,0.00,0.00,23,16,14.79,15.36,0.59,0.80,2.60,3.68,0.86,11.04,0.64,0.57,2.29,1.07,0.18,0.50,0.14,0.09,0.23
191,1,60,10,32,7,149,34,64,15,0.43,0.23,0.17,0.00,0.00,0.00,60,14,16.61,16.57,0.40,0.82,3.48,4.92,0.82,11.96,0.50,0.50,3.00,1.22,0.09,0.34,0.11,0.12,0.23
193,1,15,5,11,4,32,11,19,5,0.59,0.26,0.33,0.11,0.11,0.24,15,12,11.89,11.92,0.47,0.60,1.88,2.65,0.78,6.88,0.58,0.44,1.78,0.94,0.21,0.50,0.16,0.05,0.21
194,1,90,13,57,11,163,19,82,13,0.50,0.16,0.14,0.10,0.31,0.39,90,17,17.87,17.75,0.55,0.87,4.98,7.05,0.88,18.97,0.70,0.62,11.17,2.36,0.22,0.74,0.18,0.09,0.27
195,1,21,5,12,4,39,10,19,6,0.49,0.32,0.24,0.00,0.00,0.00,21,16,14.46,14.50,0.54,0.80,2.38,3.36,0.83,9.42,0.63,1.00,1.00,0.71,0.05,0.50,0.16,0.05,0.21
196,1,71,8,43,6,104,22,58,11,0.56,0.19,0.11,0.00,0.00,0.00,71,16,17.85,17.48,0.68,0.88,4.92,6.96,0.92,24.54,0.74,0.80,9.60,2.19,0.21,0.68,0.16,0.12,0.28
197,1,57,11,30,10,111,27,57,16,0.51,0.28,0.19,0.00,0.00,0.00,57,14,16.32,16.69,0.51,0.80,3.83,5.41,0.86,14.45,0.53,0.45,2.27,1.07,0.09,0.50,0.12,0.11,0.23
198,1,48,15,32,12,70,17,42,13,0.60,0.31,0.31,0.14,0.29,0.38,48,17,17.63,18.32,0.69,0.90,4.06,5.74,0.91,20.78,0.76,0.57,4.57,1.51,0.19,0.64,0.21,0.19,0.40
199,1,62,11,38,10,94,18,56,13,0.60,0.23,0.18,0.12,0.24,0.34,62,19,17.90,18.96,0.66,0.97,4.52,6.39,0.91,21.54,0.68,0.65,7.12,1.89,0.20,0.58,0.20,0.18,0.38
200,1,66,11,35,7,122,18,55,11,0.45,0.20,0.17,0.00,0.00,0.00,66,17,17.30,17.21,0.54,0.84,4.23,5.98,0.87,16.31,0.64,0.75,9.00,2.12,0.22,0.57,0.09,0.11,0.20
201,1,24,5,12,3,42,9,17,4,0.40,0.24,0.21,0.00,0.00,0.00,24,16,14.51,13.74,0.57,0.75,2.62,3.70,0.85,10.84,0.71,0.57,2.29,1.07,0.24,0.67,0.18,0.06,0.24
202,1,31,9,18,8,41,14,24,11,0.59,0.46,0.29,0.29,0.57,0.53,31,19,17.32,17.73,0.76,0.90,3.42,4.84,0.92,21.42,0.75,0.86,5.14,1.60,0.25,0.64,0.21,0.00,0.21
203,1,45,4,30,4,58,4,35,4,0.60,0.11,0.09,0.27,0.82,0.64,45,18,18.28,18.00,0.78,0.90,4.18,5.91,0.94,28.21,0.86,0.91,9.09,2.13,0.29,0.83,0.17,0.11,0.29
204,1,63,11,37,9,105,20,62,14,0.59,0.23,0.17,0.00,0.00,0.00,63,15,17.77,18.00,0.60,0.89,4.35,6.15,0.89,18.41,0.60,0.57,4.57,1.51,0.13,0.48,0.16,0.13,0.29
205,1,36,5,22,4,56,15,34,8,0.61,0.24,0.14,0.00,0.00,0.00,36,15,16.05,17.37,0.64,0.85,3.40,4.81,0.89,15.93,0.65,0.82,7.36,1.92,0.26,0.56,0.18,0.06,0.24
206,1,49,10,30,9,86,20,47,12,0.55,0.26,0.20,0.00,0.00,0.00,49,17,16.59,17.46,0.57,0.86,3.74,5.28,0.87,15.32,0.64,0.64,5.79,1.70,0.19,0.50,0.15,0.11,0.26
207,1,31,8,19,7,42,11,25,8,0.60,0.32,0.26,0.18,0.36,0.43,31,18,17.34,18.21,0.74,0.90,3.38,4.78,0.92,19.98,0.76,0.64,4.45,1.49,0.28,0.71,0.16,0.12,0.28
208,1,40,6,24,5,62,10,31,6,0.50,0.19,0.15,0.11,0.11,0.24,40,16,17.12,16.56,0.65,0.87,3.59,5.08,0.89,16.88,0.77,0.89,7.11,1.89,0.26,0.62,0.13,0.06,0.19
209,1,55,14,34,12,102,25,59,19,0.58,0.32,0.25,0.10,0.19,0.31,55,18,17.08,17.62,0.54,0.90,3.85,5.45,0.87,15.04,0.58,0.43,3.86,1.39,0.15,0.55,0.14,0.08,0.22
211,1,87,14,53,11,264,33,137,26,0.52,0.19,0.16,0.03,0.03,0.12,87,15,17.14,17.49,0.33,0.85,3.79,5.35,0.80,12.16,0.39,0.41,5.28,1.62,0.09,0.33,0.10,0.08,0.18
212,1,20,3,13,2,28,7,16,3,0.57,0.19,0.15,0.20,0.20,0.32,20,16,15.46,15.89,0.71,0.80,2.67,3.78,0.90,14.33,0.81,1.00,5.00,1.58,0.31,0.67,0.06,0.06,0.12
213,1,29,5,18,4,52,9,32,6,0.62,0.19,0.17,0.00,0.00,0.00,29,17,15.51,16.12,0.56,0.80,2.84,4.02,0.85,11.61,0.56,0.40,2.40,1.10,0.19,0.57,0.12,0.12,0.25
214,1,27,5,14,4,38,6,18,5,0.47,0.28,0.19,0.20,0.20,0.32,27,15,16.42,17.37,0.71,0.75,3.10,4.38,0.91,16.82,0.78,0.80,3.20,1.26,0.22,0.62,0.17,0.11,0.28
215,1,41,9,29,7,68,14,43,9,0.63,0.21,0.22,0.07,0.07,0.18,41,18,16.54,16.33,0.60,0.83,3.52,4.97,0.88,15.28,0.67,0.53,4.27,1.46,0.19,0.70,0.14,0.19,0.33
216,1,43,5,23,4,76,11,41,6,0.54,0.15,0.12,0.00,0.00,0.00,43,20,16.86,18.06,0.57,0.92,3.49,4.93,0.87,14.30,0.56,0.59,5.88,1.71,0.24,0.50,0.10,0.05,0.15
217,1,7,0,5,0,7,0,5,0,0.71,0.00,0.00,0,0,0,7,7,7,7,1.00,1.00,1.87,2.65,1.00,NaN,1.00,0,0,0,0.00,1.00,0.20,0.40,0.60
218,1,22,6,14,5,56,22,26,10,0.46,0.38,0.27,0.33,0.33,0.41,22,13,12.65,14.92,0.39,0.75,2.08,2.94,0.77,7.53,0.54,1.00,3.00,1.22,0.12,0.37,0.12,0.04,0.15
219,0,0,0,0,0,0,0,0,0,0,0,0,0,0,0,0,0,0,0,0,0,0,0,0,0,0,0,0,0,0,0,0,0,0
220,1,45,6,27,5,82,10,48,8,0.59,0.17,0.13,0.04,0.04,0.14,45,17,16.74,16.11,0.55,0.76,3.51,4.97,0.86,14.05,0.56,0.44,4.84,1.56,0.23,0.64,0.08,0.10,0.19
221,1,90,18,54,13,189,44,90,21,0.48,0.23,0.20,0.08,0.16,0.28,90,19,17.88,18.16,0.48,0.93,4.63,6.55,0.86,16.08,0.60,0.64,10.24,2.26,0.18,0.52,0.16,0.11,0.27
222,1,76,12,45,11,129,23,70,17,0.54,0.24,0.16,0.12,0.36,0.42,76,18,18.08,18.18,0.59,0.92,4.73,6.69,0.89,19.39,0.64,0.60,9.00,2.12,0.21,0.58,0.14,0.09,0.23
223,1,14,4,9,4,16,4,10,4,0.62,0.40,0.29,0.00,0.00,0.00,14,14,14,14,0.88,0.88,2.47,3.50,0.95,25.00,0.90,1.00,1.00,0.71,0.10,0.80,0.30,0.10,0.40
224,1,36,4,22,3,51,6,33,5,0.65,0.15,0.11,0.12,0.12,0.25,36,19,17.35,17.71,0.71,0.93,3.56,5.04,0.91,19.28,0.67,0.75,4.50,1.50,0.18,0.50,0.12,0.18,0.30
225,1,45,10,31,9,89,17,53,12,0.60,0.23,0.22,0.05,0.05,0.16,45,16,16.31,16.79,0.51,0.85,3.37,4.77,0.85,12.83,0.58,0.58,6.37,1.78,0.21,0.50,0.11,0.11,0.23
226,1,30,7,17,6,48,13,27,10,0.56,0.37,0.23,0.00,0.00,0.00,30,16,16.55,16.26,0.62,0.78,3.06,4.33,0.88,13.85,0.63,0.50,1.50,0.87,0.11,0.57,0.15,0.22,0.37
229,1,35,4,19,3,55,7,28,4,0.51,0.14,0.11,0.00,0.00,0.00,35,19,16.64,18.15,0.64,0.90,3.34,4.72,0.89,15.43,0.68,0.64,4.45,1.49,0.25,0.60,0.14,0.07,0.21
230,1,78,15,49,13,139,25,80,19,0.58,0.24,0.19,0.20,0.80,0.63,78,17,18.13,18.87,0.56,0.92,4.68,6.62,0.88,18.30,0.61,0.65,8.45,2.06,0.16,0.58,0.11,0.11,0.23
231,1,29,9,19,8,38,12,26,10,0.68,0.38,0.31,0.00,0.00,0.00,29,18,16.84,16.89,0.76,0.90,3.33,4.70,0.93,21.26,0.73,1.00,2.00,1.00,0.08,0.62,0.23,0.04,0.27
232,1,28,7,17,6,38,12,22,8,0.58,0.36,0.25,0.11,0.11,0.24,28,18,16.94,17.59,0.74,0.90,3.21,4.54,0.92,18.82,0.77,0.67,4.00,1.41,0.27,0.75,0.23,0.00,0.23
234,1,34,6,17,5,51,11,27,6,0.53,0.22,0.18,0.18,0.36,0.43,34,17,16.12,16.47,0.67,0.85,3.37,4.76,0.90,16.56,0.63,0.55,3.27,1.28,0.22,0.44,0.15,0.11,0.26
235,1,24,4,13,3,38,10,18,6,0.47,0.33,0.17,0.25,0.25,0.35,24,17,15.40,17.00,0.63,0.85,2.75,3.89,0.87,12.51,0.72,0.75,2.25,1.06,0.17,0.60,0.17,0.06,0.22
237,1,65,11,39,10,124,28,67,21,0.54,0.31,0.17,0.15,0.45,0.47,65,16,17.62,18.39,0.52,0.91,4.13,5.84,0.87,15.62,0.58,0.75,11.25,2.37,0.22,0.46,0.12,0.07,0.19
238,0,0,0,0,0,0,0,0,0,0,0,0,0,0,0,0,0,0,0,0,0,0,0,0,0,0,0,0,0,0,0,0,0,0
240,1,26,8,18,7,47,15,28,11,0.60,0.39,0.31,0.14,0.14,0.27,26,14,15.11,16.01,0.55,0.75,2.68,3.79,0.85,10.87,0.64,0.43,1.29,0.80,0.11,0.55,0.25,0.07,0.32
241,1,39,3,19,1,53,4,26,2,0.49,0.08,0.08,0.00,0.00,0.00,39,18,17.71,18.36,0.74,0.90,3.79,5.36,0.92,22.32,0.73,0.58,4.08,1.43,0.27,0.78,0.15,0.04,0.19
242,1,25,4,15,3,39,7,24,4,0.62,0.17,0.16,0.00,0.00,0.00,25,17,15.62,16.91,0.64,0.85,2.83,4.00,0.88,13.11,0.62,0.40,1.60,0.89,0.17,0.50,0.25,0.08,0.33
243,1,20,8,13,7,28,11,13,7,0.46,0.54,0.40,0.00,0.00,0.00,20,15,15.47,15.45,0.71,0.75,2.67,3.78,0.90,14.33,1.00,1.00,1.00,0.71,0.08,1.00,0.23,0.08,0.31
244,1,40,9,29,8,77,18,45,11,0.58,0.24,0.23,0.20,0.40,0.45,40,17,16.05,16.71,0.52,0.88,3.22,4.56,0.85,12.51,0.64,0.70,4.90,1.57,0.16,0.65,0.13,0.07,0.20
245,1,28,7,18,6,33,9,18,6,0.55,0.33,0.25,0.33,0.33,0.41,28,20,18.05,18.37,0.85,1.00,3.45,4.87,0.95,32.32,1.00,1.00,3.00,1.22,0.17,1.00,0.28,0.11,0.39
246,1,73,12,51,9,128,23,75,13,0.59,0.17,0.16,0.17,0.50,0.50,73,16,17.84,17.84,0.57,0.88,4.56,6.45,0.88,18.21,0.68,0.67,8.00,2.00,0.16,0.62,0.12,0.20,0.32
247,1,115,16,76,12,230,28,133,14,0.58,0.11,0.14,0.05,0.11,0.23,115,19,17.95,17.62,0.50,0.87,5.36,7.58,0.87,18.53,0.57,0.65,15.57,2.79,0.18,0.48,0.14,0.08,0.23
248,1,44,6,26,4,84,11,51,6,0.61,0.12,0.14,0.00,0.00,0.00,44,16,16.42,16.28,0.52,0.79,3.39,4.80,0.85,13.19,0.51,0.35,2.45,1.11,0.14,0.45,0.18,0.10,0.27
249,1,54,9,28,7,95,15,53,10,0.56,0.19,0.17,0.09,0.18,0.30,54,18,16.95,17.39,0.57,0.85,3.92,5.54,0.88,15.94,0.53,0.36,2.91,1.21,0.15,0.53,0.11,0.11,0.23
251,1,41,6,26,4,53,8,34,6,0.64,0.18,0.15,0.18,0.36,0.43,41,16,18.18,17.36,0.77,0.82,3.98,5.63,0.94,26.67,0.76,0.64,4.45,1.49,0.21,0.64,0.26,0.09,0.35
252,1,63,9,34,6,106,12,42,6,0.40,0.14,0.14,0.00,0.00,0.00,63,19,17.60,18.37,0.59,0.92,4.33,6.12,0.89,18.15,0.81,0.91,9.09,2.13,0.24,0.67,0.17,0.17,0.33
253,1,49,13,28,10,71,18,35,14,0.49,0.40,0.27,0.38,1.12,0.75,49,17,17.94,17.82,0.69,0.88,4.11,5.82,0.91,21.28,0.80,0.88,6.12,1.75,0.20,0.69,0.23,0.11,0.34
254,1,46,8,29,7,68,12,40,8,0.59,0.20,0.17,0.14,0.14,0.27,46,18,17.67,18.84,0.68,0.93,3.94,5.58,0.91,19.78,0.72,0.57,2.29,1.07,0.10,0.58,0.28,0.17,0.45
255,1,36,11,25,10,53,17,33,14,0.62,0.42,0.31,0.33,1.33,0.82,36,16,17.18,17.09,0.68,0.85,3.50,4.94,0.90,17.70,0.76,0.75,6.75,1.84,0.27,0.75,0.06,0.06,0.12
256,1,46,8,26,6,79,15,43,9,0.54,0.21,0.17,0.00,0.00,0.00,46,17,16.79,17.87,0.58,0.85,3.66,5.18,0.88,15.33,0.60,0.53,4.27,1.46,0.19,0.50,0.16,0.12,0.28
257,1,1,1,0,0,1,1,0,0,0.00,0,1.00,0,0,0,1,1,1,1,1.00,1.00,0.71,1.00,0,NaN,0,0,0,0,0,0,0,0,0
258,1,27,6,16,5,47,12,27,8,0.57,0.30,0.22,0.10,0.10,0.22,27,18,15.67,15.64,0.57,0.82,2.78,3.94,0.86,11.61,0.59,0.60,3.60,1.34,0.22,0.44,0.15,0.07,0.22
259,1,38,10,23,7,53,12,27,8,0.51,0.30,0.26,0.00,0.00,0.00,38,17,17.29,18.02,0.72,0.88,3.69,5.22,0.92,20.58,0.85,1.00,8.00,2.00,0.30,0.67,0.19,0.07,0.26
260,1,51,12,32,10,99,26,54,18,0.55,0.33,0.24,0.20,0.60,0.55,51,16,16.85,16.96,0.52,0.84,3.62,5.13,0.86,13.83,0.59,0.73,8.07,2.01,0.20,0.52,0.13,0.07,0.20
261,1,33,5,18,4,62,13,31,8,0.50,0.26,0.15,0.00,0.00,0.00,33,18,15.39,16.06,0.53,0.82,2.96,4.19,0.85,11.73,0.58,0.50,2.50,1.12,0.16,0.58,0.13,0.06,0.19
263,1,40,7,24,6,62,12,35,9,0.56,0.26,0.17,0.00,0.00,0.00,40,15,17.03,16.84,0.65,0.85,3.59,5.08,0.89,16.88,0.69,0.62,3.12,1.25,0.14,0.58,0.14,0.20,0.34
264,1,28,6,15,5,36,9,19,6,0.53,0.32,0.21,0.00,0.00,0.00,28,19,17.45,18.24,0.78,0.95,3.30,4.67,0.93,22.19,0.79,0.71,3.57,1.34,0.26,0.86,0.16,0.05,0.21
265,1,63,14,36,12,115,28,62,21,0.54,0.34,0.22,0.08,0.08,0.20,63,18,17.40,17.42,0.55,0.94,4.15,5.87,0.87,16.25,0.58,0.38,1.92,0.98,0.08,0.58,0.15,0.11,0.26
266,1,26,4,15,3,38,5,25,4,0.66,0.16,0.15,0.00,0.00,0.00,26,17,15.84,16.20,0.68,0.85,2.98,4.22,0.90,15.14,0.60,0.50,2.00,1.00,0.16,0.44,0.20,0.08,0.28
267,1,35,8,22,6,68,18,35,10,0.51,0.29,0.23,0.22,0.44,0.47,35,15,15.39,16.62,0.51,0.80,3.00,4.24,0.84,11.64,0.63,0.89,7.11,1.89,0.23,0.44,0.17,0.03,0.20
268,1,30,8,21,7,60,20,37,16,0.62,0.43,0.27,0.18,0.36,0.43,30,12,15.66,15.57,0.50,0.68,2.74,3.87,0.83,10.50,0.57,0.45,2.27,1.07,0.14,0.53,0.11,0.11,0.22
269,1,82,11,54,10,179,29,98,19,0.55,0.19,0.13,0.07,0.13,0.26,82,17,17.12,16.81,0.46,0.86,4.33,6.13,0.85,14.97,0.55,0.57,9.63,2.19,0.17,0.45,0.11,0.07,0.18
270,1,76,15,45,13,131,21,67,17,0.51,0.25,0.20,0.13,0.27,0.37,76,18,17.87,18.23,0.58,0.93,4.70,6.64,0.89,18.96,0.67,0.67,6.67,1.83,0.15,0.63,0.19,0.09,0.28
271,0,0,0,0,0,0,0,0,0,0,0,0,0,0,0,0,0,0,0,0,0,0,0,0,0,0,0,0,0,0,0,0,0,0
272,1,42,5,24,4,90,16,42,8,0.47,0.19,0.12,0.00,0.00,0.00,42,18,16.16,16.99,0.47,0.85,3.13,4.43,0.83,11.54,0.57,0.56,5.06,1.59,0.21,0.46,0.10,0.12,0.21
273,1,72,11,44,9,123,16,62,12,0.50,0.19,0.15,0.06,0.06,0.17,72,19,17.98,18.64,0.59,0.93,4.59,6.49,0.89,18.78,0.71,0.76,9.94,2.23,0.21,0.58,0.10,0.18,0.27
274,1,62,14,35,13,105,22,56,16,0.53,0.29,0.23,0.13,0.27,0.37,62,17,17.73,18.26,0.59,0.92,4.28,6.05,0.89,17.86,0.62,0.47,3.27,1.28,0.12,0.68,0.16,0.04,0.20
275,1,59,11,36,10,93,22,52,15,0.56,0.29,0.19,0.06,0.06,0.17,59,14,17.51,16.93,0.63,0.81,4.33,6.12,0.90,19.61,0.69,0.82,11.53,2.40,0.27,0.55,0.13,0.08,0.21
276,1,55,8,32,6,85,12,46,8,0.54,0.17,0.15,0.00,0.00,0.00,55,18,17.76,18.38,0.65,0.89,4.22,5.97,0.90,19.69,0.70,0.64,5.79,1.70,0.20,0.59,0.11,0.17,0.28
277,1,35,8,20,6,59,10,34,8,0.58,0.24,0.23,0.00,0.00,0.00,35,19,16.38,16.30,0.59,0.93,3.22,4.56,0.87,13.83,0.59,0.55,3.27,1.28,0.18,0.58,0.18,0.06,0.24
278,1,44,7,26,6,57,11,33,9,0.58,0.27,0.16,0.10,0.10,0.22,44,19,18.31,18.07,0.77,0.95,4.12,5.83,0.94,27.42,0.79,0.70,4.90,1.57,0.21,0.70,0.27,0.09,0.36
279,1,19,4,13,4,31,6,21,6,0.68,0.29,0.21,0.12,0.12,0.25,19,14,14.78,14.17,0.61,0.70,2.41,3.41,0.86,10.46,0.62,0.38,1.12,0.75,0.14,0.67,0.19,0.10,0.29
280,1,20,4,14,4,28,5,17,5,0.61,0.29,0.20,0.29,0.57,0.53,20,15,15.62,15.56,0.71,0.75,2.67,3.78,0.90,14.33,0.82,0.86,5.14,1.60,0.35,0.50,0.24,0.12,0.35
281,1,42,6,24,5,75,10,37,6,0.49,0.16,0.14,0.00,0.00,0.00,42,15,16.57,17.58,0.56,0.82,3.43,4.85,0.87,13.96,0.65,0.42,2.08,1.02,0.14,0.73,0.08,0.14,0.22
282,1,67,11,45,10,105,21,62,15,0.59,0.24,0.16,0.06,0.06,0.18,67,19,18.06,17.88,0.64,0.92,4.62,6.54,0.90,20.94,0.73,0.69,7.56,1.94,0.18,0.72,0.15,0.11,0.26
284,1,50,9,31,7,88,17,47,11,0.53,0.23,0.18,0.25,0.75,0.61,50,14,17.39,17.96,0.57,0.86,3.77,5.33,0.87,15.40,0.66,0.67,5.33,1.63,0.17,0.57,0.17,0.06,0.23
285,1,32,6,16,5,57,15,28,8,0.49,0.29,0.19,0.10,0.10,0.22,32,16,15.85,16.77,0.56,0.78,3.00,4.24,0.86,12.30,0.57,0.60,3.60,1.34,0.21,0.40,0.14,0.07,0.21
287,1,23,4,15,3,31,7,20,4,0.65,0.20,0.17,0.00,0.00,0.00,23,18,16.57,17.74,0.74,0.90,2.92,4.13,0.91,17.16,0.75,0.67,4.00,1.41,0.30,0.80,0.15,0.10,0.25
288,1,32,7,21,6,48,11,26,7,0.54,0.27,0.22,0.18,0.36,0.43,32,17,16.33,17.42,0.67,0.88,3.27,4.62,0.90,16.05,0.81,0.73,5.82,1.71,0.31,0.78,0.15,0.08,0.23
289,1,25,6,14,5,41,12,22,9,0.54,0.41,0.24,0.12,0.12,0.25,25,18,15.48,17.20,0.61,0.80,2.76,3.90,0.87,12.11,0.64,0.75,4.50,1.50,0.27,0.45,0.14,0.00,0.14
290,1,33,6,20,5,59,9,33,7,0.56,0.21,0.18,0.12,0.25,0.35,33,20,16.03,18.15,0.56,0.97,3.04,4.30,0.86,12.43,0.61,0.50,4.00,1.41,0.24,0.83,0.18,0.06,0.24
291,1,35,5,18,3,56,14,27,6,0.48,0.22,0.14,0.00,0.00,0.00,35,17,16.26,17.13,0.62,0.82,3.31,4.68,0.88,14.97,0.67,0.64,4.45,1.49,0.26,0.56,0.11,0.11,0.22
292,1,70,11,40,9,149,27,74,17,0.50,0.23,0.16,0.10,0.20,0.32,70,18,17.21,17.44,0.47,0.88,4.05,5.73,0.85,14.39,0.54,0.60,7.20,1.90,0.16,0.53,0.11,0.05,0.16
293,1,36,10,24,8,63,21,36,14,0.57,0.39,0.28,0.00,0.00,0.00,36,14,15.96,17.00,0.57,0.77,3.21,4.54,0.86,13.32,0.67,0.71,3.57,1.34,0.14,0.56,0.14,0.14,0.28
294,1,16,3,11,3,19,4,14,4,0.74,0.29,0.19,0.17,0.17,0.29,16,16,16,16,0.84,0.84,2.60,3.67,0.94,21.91,0.79,0.83,4.17,1.44,0.36,0.60,0.21,0.00,0.21
295,1,31,5,21,4,59,23,35,12,0.59,0.34,0.16,0.00,0.00,0.00,31,16,14.88,16.30,0.53,0.85,2.85,4.04,0.84,11.22,0.60,0.78,5.44,1.65,0.20,0.46,0.14,0.09,0.23
296,0,0,0,0,0,0,0,0,0,0,0,0,0,0,0,0,0,0,0,0,0,0,0,0,0,0,0,0,0,0,0,0,0,0
297,1,34,7,23,6,53,11,33,8,0.62,0.24,0.21,0.08,0.08,0.20,34,18,16.72,17.85,0.64,0.90,3.30,4.67,0.89,15.42,0.70,0.58,4.08,1.43,0.21,0.62,0.18,0.06,0.24
298,1,63,18,36,12,131,29,68,18,0.52,0.26,0.29,0.11,0.21,0.32,63,18,17.29,17.29,0.48,0.87,3.89,5.50,0.85,14.10,0.53,0.53,5.26,1.62,0.15,0.46,0.12,0.09,0.21
299,1,62,9,35,8,135,34,65,18,0.48,0.28,0.15,0.00,0.00,0.00,62,15,16.25,16.91,0.46,0.81,3.77,5.34,0.84,13.43,0.54,0.56,5.56,1.67,0.15,0.45,0.11,0.08,0.18
300,1,70,9,40,7,161,25,89,18,0.55,0.20,0.13,0.04,0.04,0.14,70,17,17.36,17.95,0.43,0.89,3.90,5.52,0.84,13.46,0.45,0.54,7.54,1.94,0.16,0.35,0.10,0.04,0.15
301,1,37,13,21,8,55,19,29,11,0.53,0.38,0.35,0.10,0.10,0.22,37,17,17.01,17.13,0.67,0.88,3.53,4.99,0.90,17.59,0.72,0.60,3.60,1.34,0.21,0.78,0.14,0.14,0.28
302,1,16,4,11,4,23,5,14,5,0.61,0.36,0.25,0.25,0.25,0.35,16,14,14.63,13.25,0.70,0.70,2.36,3.34,0.88,11.77,0.79,1.00,4.00,1.41,0.29,0.60,0.29,0.00,0.29
303,1,32,6,18,5,46,9,23,6,0.50,0.26,0.19,0.00,0.00,0.00,32,18,16.47,16.40,0.70,0.90,3.34,4.72,0.91,17.54,0.78,0.67,4.00,1.41,0.26,0.75,0.17,0.09,0.26
305,1,25,6,15,5,35,8,19,5,0.54,0.26,0.24,0.00,0.00,0.00,25,19,16.38,18.00,0.71,0.95,2.99,4.23,0.91,16.32,0.79,0.80,3.20,1.26,0.21,0.77,0.05,0.00,0.05
306,1,63,10,32,7,110,16,47,11,0.43,0.23,0.16,0.05,0.05,0.16,63,18,17.68,17.07,0.57,0.87,4.25,6.01,0.88,17.22,0.68,0.63,7.58,1.95,0.26,0.59,0.13,0.09,0.21
307,1,14,6,9,5,17,7,10,5,0.59,0.50,0.43,0.33,0.33,0.41,14,14,14,14,0.82,0.82,2.40,3.40,0.93,17.96,0.90,1.00,3.00,1.22,0.30,0.75,0.30,0.00,0.30
308,1,47,5,33,4,82,12,51,8,0.62,0.16,0.11,0.00,0.00,0.00,47,16,17.11,18.08,0.57,0.90,3.67,5.19,0.87,15.15,0.65,0.73,8.07,2.01,0.22,0.55,0.16,0.06,0.22
309,1,23,6,11,4,31,10,15,7,0.48,0.47,0.26,0.00,0.00,0.00,23,19,16.58,17.36,0.74,0.95,2.92,4.13,0.91,17.16,0.73,1.00,1.00,0.71,0.07,0.67,0.27,0.13,0.40
310,1,27,7,19,6,49,15,29,10,0.59,0.34,0.26,0.00,0.00,0.00,27,17,15.28,16.12,0.55,0.77,2.73,3.86,0.85,11.04,0.66,0.60,1.80,0.95,0.10,0.67,0.21,0.14,0.34
311,1,23,5,15,4,37,9,23,6,0.62,0.26,0.22,0.00,0.00,0.00,23,18,15.26,15.23,0.62,0.90,2.67,3.78,0.87,11.91,0.65,0.43,1.29,0.80,0.13,0.67,0.22,0.13,0.35
312,1,49,8,28,7,98,21,56,15,0.57,0.27,0.16,0.14,0.43,0.46,49,16,16.57,15.69,0.50,0.75,3.50,4.95,0.85,13.17,0.50,0.52,5.76,1.70,0.20,0.41,0.11,0.07,0.18
313,1,26,4,15,3,42,10,22,7,0.52,0.32,0.15,0.00,0.00,0.00,26,19,16.09,17.14,0.62,0.85,2.84,4.01,0.87,12.65,0.68,0.83,4.17,1.44,0.23,0.50,0.18,0.05,0.23
314,1,29,7,19,6,43,10,27,7,0.63,0.26,0.24,0.00,0.00,0.00,29,17,16.33,16.47,0.67,0.85,3.13,4.42,0.90,15.60,0.70,0.55,3.27,1.28,0.22,0.88,0.15,0.07,0.22
315,1,83,16,50,12,151,29,86,21,0.57,0.24,0.19,0.04,0.04,0.14,83,16,18.07,18.12,0.55,0.88,4.78,6.75,0.88,18.27,0.58,0.58,8.65,2.08,0.17,0.54,0.13,0.12,0.24
316,1,21,6,14,4,27,7,17,4,0.63,0.24,0.29,0.25,0.25,0.35,21,19,16.74,17.74,0.78,0.95,2.86,4.04,0.92,18.77,0.82,0.75,2.25,1.06,0.18,0.89,0.18,0.00,0.18
317,1,66,14,39,11,130,23,69,16,0.53,0.23,0.21,0.05,0.05,0.15,66,19,17.41,17.37,0.51,0.85,4.09,5.79,0.86,15.18,0.57,0.36,2.91,1.21,0.12,0.64,0.12,0.12,0.23
318,1,28,6,14,5,43,8,22,6,0.51,0.27,0.21,0.25,0.25,0.35,28,16,15.93,15.43,0.65,0.82,3.02,4.27,0.89,14.32,0.64,1.00,4.00,1.41,0.18,0.47,0.14,0.00,0.14
319,1,36,9,22,8,44,12,24,9,0.55,0.38,0.25,0.22,0.44,0.47,36,19,18.16,19.16,0.82,0.97,3.84,5.43,0.95,30.99,0.92,0.89,7.11,1.89,0.33,0.86,0.17,0.17,0.33
321,1,30,7,19,6,43,14,23,9,0.53,0.39,0.23,0.17,0.17,0.29,30,18,16.63,17.33,0.70,0.82,3.23,4.57,0.90,17.07,0.83,1.00,6.00,1.73,0.26,0.70,0.22,0.04,0.26
322,1,25,6,14,5,36,10,20,6,0.56,0.30,0.24,0.12,0.12,0.25,25,16,16.19,17.47,0.69,0.80,2.95,4.17,0.90,15.29,0.70,0.62,3.12,1.25,0.25,0.67,0.15,0.10,0.25
323,0,0,0,0,0,0,0,0,0,0,0,0,0,0,0,0,0,0,0,0,0,0,0,0,0,0,0,0,0,0,0,0,0,0
324,1,18,2,11,2,20,3,13,3,0.65,0.23,0.11,0.00,0.00,0.00,18,18,18.00,18.00,0.90,0.90,2.85,4.02,0.96,36.99,0.85,1.00,3.00,1.22,0.23,0.67,0.15,0.15,0.31
326,1,35,6,20,5,54,10,28,6,0.52,0.21,0.17,0.12,0.12,0.25,35,16,16.57,17.54,0.65,0.82,3.37,4.76,0.89,15.94,0.71,0.88,6.12,1.75,0.25,0.53,0.18,0.00,0.18
327,1,69,12,35,8,129,21,58,13,0.45,0.22,0.17,0.09,0.18,0.30,69,18,17.90,17.26,0.53,0.87,4.30,6.08,0.87,16.39,0.60,0.55,6.55,1.81,0.21,0.55,0.10,0.09,0.19
328,1,79,17,51,15,138,22,85,18,0.62,0.21,0.22,0.19,0.93,0.68,79,16,18.05,18.35,0.57,0.89,4.76,6.72,0.89,18.90,0.60,0.56,8.33,2.04,0.18,0.56,0.18,0.08,0.26
330,1,16,4,10,3,29,11,15,6,0.52,0.40,0.25,0.00,0.00,0.00,16,13,13.33,13.20,0.55,0.65,2.10,2.97,0.82,8.28,0.67,0.75,2.25,1.06,0.20,0.50,0.20,0.07,0.27
332,1,77,17,47,15,139,28,80,23,0.58,0.29,0.22,0.14,0.41,0.45,77,17,17.73,18.35,0.55,0.92,4.62,6.53,0.88,17.90,0.59,0.50,5.50,1.66,0.14,0.55,0.15,0.10,0.25
333,1,48,5,30,4,78,10,46,8,0.59,0.17,0.10,0.06,0.06,0.17,48,16,17.42,17.05,0.62,0.83,3.84,5.43,0.89,16.98,0.65,0.61,6.72,1.83,0.24,0.58,0.11,0.15,0.26
334,1,68,10,37,7,128,25,58,14,0.45,0.24,0.15,0.13,0.27,0.37,68,17,17.53,17.98,0.53,0.86,4.25,6.01,0.87,16.16,0.64,0.67,6.67,1.83,0.17,0.50,0.14,0.14,0.28
335,0,0,0,0,0,0,0,0,0,0,0,0,0,0,0,0,0,0,0,0,0,0,0,0,0,0,0,0,0,0,0,0,0,0
336,1,29,9,18,7,50,21,25,14,0.50,0.56,0.31,0.33,0.33,0.41,29,17,15.09,17.51,0.58,0.90,2.90,4.10,0.86,12.20,0.72,1.00,3.00,1.22,0.12,0.55,0.24,0.12,0.36
337,1,73,13,42,11,141,29,69,18,0.49,0.26,0.18,0.04,0.04,0.14,73,17,17.60,17.94,0.52,0.89,4.35,6.15,0.87,16.16,0.61,0.58,8.65,2.08,0.22,0.58,0.10,0.07,0.17
338,0,0,0,0,0,0,0,0,0,0,0,0,0,0,0,0,0,0,0,0,0,0,0,0,0,0,0,0,0,0,0,0,0,0
339,1,60,9,32,4,115,17,62,9,0.54,0.15,0.15,0.06,0.06,0.17,60,18,17.18,19.00,0.52,0.95,3.96,5.60,0.86,15.03,0.52,0.61,6.72,1.83,0.18,0.41,0.13,0.06,0.19
340,1,42,6,22,4,56,8,26,4,0.46,0.15,0.14,0.00,0.00,0.00,42,18,17.93,18.24,0.75,0.93,3.97,5.61,0.93,24.46,0.85,0.83,4.17,1.44,0.19,0.82,0.19,0.12,0.31
341,0,0,0,0,0,0,0,0,0,0,0,0,0,0,0,0,0,0,0,0,0,0,0,0,0,0,0,0,0,0,0,0,0,0
342,1,42,7,24,6,58,7,33,6,0.57,0.18,0.17,0.08,0.08,0.20,42,18,17.52,18.57,0.72,0.95,3.90,5.51,0.92,22.18,0.73,0.54,3.77,1.37,0.21,0.62,0.18,0.18,0.36
343,1,40,8,27,7,59,15,40,10,0.68,0.25,0.20,0.09,0.09,0.21,40,17,17.37,17.74,0.68,0.85,3.68,5.21,0.90,18.58,0.68,0.82,7.36,1.92,0.23,0.58,0.17,0.10,0.28
344,1,55,12,31,9,95,21,44,12,0.46,0.27,0.22,0.12,0.12,0.25,55,19,17.35,17.15,0.58,0.80,3.99,5.64,0.88,16.48,0.70,0.62,3.12,1.25,0.11,0.71,0.20,0.05,0.25
345,0,0,0,0,0,0,0,0,0,0,0,0,0,0,0,0,0,0,0,0,0,0,0,0,0,0,0,0,0,0,0,0,0,0
346,1,76,13,46,10,120,21,60,14,0.50,0.23,0.17,0.13,0.27,0.37,76,18,18.39,18.22,0.63,0.91,4.91,6.94,0.90,21.79,0.77,0.87,11.27,2.37,0.22,0.72,0.13,0.12,0.25