subjectcode,sentences,wordtypes,swordtypes,lextypes,slextypes,wordtokens,swordtokens,lextokens,slextokens,ld,ls1,ls2,vs1,vs2,cvs1,ndw,ndwz,ndwerz,ndwesz,ttr,msttr,cttr,rttr,logttr,uber,lv,vv1,svv1,cvv1,vv2,nv,adjv,advv,modv
741,1,47,4,25,4,94,6,44,6,0.47,0.14,0.09,0.08,0.08,0.20,47,16,16.59,17.50,0.50,0.88,3.43,4.85,0.85,12.93,0.57,0.67,5.33,1.63,0.18,0.50,0.16,0.00,0.16
646,1,99,15,62,15,207,16,96,16,0.46,0.17,0.15,0.15,0.59,0.54,99,16,17.39,17.79,0.48,0.90,4.87,6.88,0.86,16.74,0.65,0.63,10.70,2.31,0.18,0.61,0.18,0.03,0.21
546,1,50,5,28,5,83,6,42,6,0.51,0.14,0.10,0.00,0.00,0.00,50,18,17.39,16.74,0.60,0.90,3.88,5.49,0.89,16.73,0.67,0.56,2.78,1.18,0.12,0.65,0.24,0.00,0.24
504,0,0,0,0,0,0,0,0,0,0,0,0,0,0,0,0,0,0,0,0,0,0,0,0,0,0,0,0,0,0,0,0,0,0
634,1,84,19,48,15,169,32,89,27,0.53,0.30,0.23,0.16,0.78,0.62,84,18,17.85,18.57,0.50,0.94,4.57,6.46,0.86,16.35,0.54,0.59,11.28,2.38,0.21,0.55,0.10,0.02,0.12
630,1,43,8,24,7,81,16,47,15,0.58,0.32,0.19,0.10,0.10,0.22,43,18,16.23,16.46,0.53,0.85,3.38,4.78,0.86,13.24,0.51,0.80,6.40,1.79,0.17,0.42,0.17,0.00,0.17
648,1,99,20,60,19,231,32,111,31,0.48,0.28,0.20,0.12,0.38,0.43,99,15,17.51,17.61,0.43,0.85,4.61,6.51,0.84,15.18,0.54,0.79,15.04,2.74,0.17,0.52,0.09,0.02,0.11
921,1,49,4,30,4,63,4,37,4,0.59,0.11,0.08,0.00,0.00,0.00,49,14,18.14,18.20,0.78,0.85,4.37,6.17,0.94,29.66,0.81,1.00,6.00,1.73,0.16,0.72,0.24,0.05,0.30
589,1,57,8,29,6,106,10,44,7,0.42,0.16,0.14,0.08,0.08,0.20,57,19,16.60,17.55,0.54,0.89,3.91,5.54,0.87,15.22,0.66,0.77,7.69,1.96,0.23,0.55,0.16,0.02,0.18
705,0,0,0,0,0,0,0,0,0,0,0,0,0,0,0,0,0,0,0,0,0,0,0,0,0,0,0,0,0,0,0,0,0,0
564,1,53,8,29,7,81,9,40,8,0.49,0.20,0.15,0.20,0.20,0.32,53,14,17.15,18.10,0.65,0.89,4.16,5.89,0.90,19.77,0.72,0.60,1.80,0.95,0.07,0.70,0.23,0.03,0.25
904,1,80,9,53,8,139,12,79,11,0.57,0.14,0.11,0.00,0.00,0.00,80,17,17.85,18.80,0.58,0.93,4.80,6.79,0.89,19.14,0.67,0.72,9.39,2.17,0.16,0.65,0.16,0.04,0.20
664,1,93,13,56,13,196,16,101,16,0.52,0.16,0.14,0.10,0.29,0.38,93,15,17.08,17.13,0.47,0.82,4.70,6.64,0.86,16.23,0.55,0.58,10.45,2.29,0.18,0.50,0.13,0.03,0.16
750,1,56,5,32,5,105,8,53,8,0.50,0.15,0.09,0.00,0.00,0.00,56,11,16.96,18.02,0.53,0.84,3.86,5.47,0.86,14.96,0.60,0.78,5.44,1.65,0.13,0.44,0.23,0.06,0.28
839,1,82,15,43,13,161,19,74,16,0.46,0.22,0.18,0.12,0.38,0.43,82,18,17.79,17.90,0.51,0.93,4.57,6.46,0.87,16.62,0.58,0.54,7.04,1.88,0.18,0.60,0.09,0.03,0.12
883,1,82,15,49,13,134,19,60,17,0.45,0.28,0.18,0.18,0.36,0.43,82,18,17.93,17.98,0.61,0.91,5.01,7.08,0.90,21.21,0.82,0.91,9.09,2.13,0.17,0.73,0.18,0.07,0.25
640,1,124,23,71,21,242,29,108,26,0.45,0.24,0.19,0.13,0.52,0.51,124,18,18.01,18.11,0.51,0.91,5.64,7.97,0.88,19.57,0.66,0.68,14.23,2.67,0.19,0.61,0.16,0.04,0.19
853,1,28,5,18,5,60,7,33,7,0.55,0.21,0.18,0.29,0.57,0.53,28,18,15.11,16.93,0.47,0.88,2.56,3.61,0.81,9.55,0.55,0.71,3.57,1.34,0.15,0.45,0.12,0.03,0.15
526,1,66,8,42,8,115,9,62,9,0.54,0.15,0.12,0.00,0.00,0.00,66,20,17.77,17.66,0.57,0.90,4.35,6.15,0.88,17.61,0.68,0.69,7.56,1.94,0.18,0.68,0.19,0.02,0.21
699,1,58,9,36,8,81,10,44,9,0.54,0.20,0.16,0.13,0.27,0.37,58,19,17.93,18.22,0.72,0.91,4.56,6.44,0.92,25.11,0.82,0.80,9.60,2.19,0.27,0.76,0.16,0.02,0.18
636,1,102,23,69,23,187,27,104,27,0.56,0.26,0.23,0.10,0.19,0.31,102,17,18.11,18.25,0.55,0.92,5.27,7.46,0.88,19.61,0.66,0.62,8.05,2.01,0.12,0.64,0.15,0.03,0.18
919,1,41,5,22,5,74,6,37,6,0.50,0.16,0.12,0.00,0.00,0.00,41,15,16.30,16.82,0.55,0.80,3.37,4.77,0.86,13.62,0.59,0.45,2.27,1.07,0.14,0.57,0.14,0.11,0.24
562,1,74,15,45,15,154,19,76,19,0.49,0.25,0.20,0.18,0.36,0.43,74,16,16.95,17.57,0.48,0.86,4.22,5.96,0.85,15.03,0.59,0.73,5.82,1.71,0.11,0.50,0.21,0.01,0.22
587,1,96,19,59,16,216,29,104,26,0.48,0.25,0.20,0.08,0.17,0.29,96,16,17.66,18.11,0.44,0.91,4.62,6.53,0.85,15.47,0.57,0.67,10.67,2.31,0.15,0.51,0.12,0.03,0.15
604,0,0,0,0,0,0,0,0,0,0,0,0,0,0,0,0,0,0,0,0,0,0,0,0,0,0,0,0,0,0,0,0,0,0
662,1,55,12,33,10,77,14,42,11,0.55,0.26,0.22,0.08,0.08,0.20,55,18,18.15,18.66,0.71,0.95,4.43,6.27,0.92,24.35,0.79,0.75,6.75,1.84,0.21,0.81,0.21,0.07,0.29
888,1,20,3,13,3,33,3,19,3,0.58,0.16,0.15,0.00,0.00,0.00,20,12,14.07,11.58,0.61,0.60,2.46,3.48,0.86,10.60,0.68,0.60,1.80,0.95,0.16,0.64,0.16,0.00,0.16
642,0,0,0,0,0,0,0,0,0,0,0,0,0,0,0,0,0,0,0,0,0,0,0,0,0,0,0,0,0,0,0,0,0,0
703,1,52,7,27,7,91,13,47,13,0.52,0.28,0.13,0.00,0.00,0.00,52,12,17.39,17.65,0.57,0.82,3.85,5.45,0.88,15.79,0.57,0.89,7.11,1.89,0.17,0.57,0.19,0.02,0.21
517,1,81,15,53,13,190,24,98,22,0.52,0.22,0.19,0.10,0.30,0.39,81,17,17.37,17.83,0.43,0.88,4.16,5.88,0.84,14.02,0.54,0.57,9.63,2.19,0.17,0.52,0.13,0.01,0.14
592,1,46,7,24,6,67,8,30,7,0.45,0.23,0.15,0.22,0.44,0.47,46,17,17.49,17.58,0.69,0.92,3.97,5.62,0.91,20.42,0.80,1.00,9.00,2.12,0.30,0.71,0.17,0.03,0.20
651,1,80,12,49,12,156,18,81,18,0.52,0.22,0.15,0.14,0.41,0.45,80,19,17.54,17.60,0.51,0.89,4.53,6.41,0.87,16.58,0.60,0.68,10.23,2.26,0.19,0.50,0.17,0.04,0.21
545,1,24,4,14,3,31,4,17,3,0.55,0.18,0.17,0.25,0.25,0.35,24,17,16.98,18.24,0.77,0.85,3.05,4.31,0.93,20.01,0.82,0.75,2.25,1.06,0.18,0.90,0.12,0.00,0.12
661,1,54,10,33,9,86,14,45,13,0.52,0.29,0.19,0.00,0.00,0.00,54,18,17.40,18.53,0.63,0.93,4.12,5.82,0.90,18.52,0.73,0.50,1.50,0.87,0.07,0.76,0.22,0.02,0.24
610,1,61,11,35,11,127,14,63,14,0.50,0.22,0.18,0.16,0.47,0.49,61,17,16.87,17.11,0.48,0.85,3.83,5.41,0.85,13.90,0.56,0.68,8.89,2.11,0.21,0.46,0.13,0.02,0.14
654,1,38,9,23,7,65,12,33,10,0.51,0.30,0.24,0.00,0.00,0.00,38,17,16.43,17.08,0.58,0.85,3.33,4.71,0.87,14.10,0.70,1.00,6.00,1.73,0.18,0.55,0.15,0.06,0.21
794,1,88,24,54,23,163,28,82,27,0.50,0.33,0.27,0.13,0.27,0.37,88,15,17.48,18.08,0.54,0.89,4.87,6.89,0.88,18.28,0.66,0.67,6.67,1.83,0.12,0.63,0.11,0.05,0.16
844,1,24,4,13,4,36,5,18,5,0.50,0.28,0.17,0.17,0.17,0.29,24,15,16.09,15.25,0.67,0.75,2.83,4.00,0.89,13.75,0.72,0.83,4.17,1.44,0.28,0.75,0.11,0.00,0.11
602,1,98,22,64,21,209,38,104,37,0.50,0.36,0.22,0.12,0.50,0.50,98,18,17.69,17.07,0.47,0.85,4.79,6.78,0.86,16.37,0.62,0.59,11.28,2.38,0.18,0.62,0.15,0.02,0.17
647,1,89,19,55,18,197,39,100,38,0.51,0.38,0.21,0.19,0.96,0.69,89,18,17.02,17.67,0.45,0.89,4.48,6.34,0.85,15.26,0.55,0.69,12.46,2.50,0.18,0.51,0.13,0.01,0.14
502,1,20,4,12,4,27,4,16,4,0.59,0.25,0.20,0,0,0,20,15,15.88,14.75,0.74,0.75,2.72,3.85,0.91,15.72,0.75,0,0,0,0.00,0.70,0.25,0.06,0.31
531,1,118,15,69,15,222,23,115,23,0.52,0.20,0.13,0.15,0.76,0.62,118,18,18.42,18.38,0.53,0.93,5.60,7.92,0.88,20.06,0.60,0.64,13.36,2.58,0.18,0.63,0.13,0.05,0.18
521,1,56,14,40,14,115,14,64,14,0.56,0.22,0.25,0.19,0.76,0.62,56,17,16.63,17.38,0.49,0.85,3.69,5.22,0.85,13.59,0.62,0.67,9.33,2.16,0.22,0.52,0.19,0.00,0.19
749,1,44,10,28,9,65,12,37,11,0.57,0.30,0.23,0.20,0.40,0.45,44,17,17.22,17.16,0.68,0.90,3.86,5.46,0.91,19.39,0.76,0.90,8.10,2.01,0.24,0.71,0.19,0.03,0.22
913,1,46,6,22,6,73,7,36,7,0.49,0.19,0.13,0.00,0.00,0.00,46,18,17.07,17.55,0.63,0.87,3.81,5.38,0.89,17.31,0.61,0.56,2.78,1.18,0.14,0.65,0.19,0.00,0.19
773,1,52,5,31,5,89,6,41,6,0.46,0.15,0.10,0.00,0.00,0.00,52,18,17.42,17.65,0.58,0.92,3.90,5.51,0.88,16.28,0.76,0.69,6.23,1.77,0.22,0.67,0.22,0.02,0.24
849,1,66,7,44,7,122,9,65,9,0.53,0.14,0.11,0.12,0.25,0.35,66,17,17.47,17.97,0.54,0.88,4.23,5.98,0.87,16.31,0.68,0.75,9.00,2.12,0.18,0.67,0.17,0.05,0.22
885,1,100,11,59,9,228,15,118,13,0.52,0.11,0.11,0.09,0.37,0.43,100,16,17.80,18.04,0.44,0.90,4.68,6.62,0.85,15.53,0.50,0.56,13.40,2.59,0.20,0.47,0.08,0.03,0.11
785,1,79,9,46,9,166,17,73,17,0.44,0.23,0.11,0.10,0.20,0.32,79,17,17.09,17.39,0.48,0.89,4.34,6.13,0.85,15.28,0.63,0.80,12.80,2.53,0.22,0.47,0.21,0.01,0.22
525,1,65,10,35,9,136,16,70,15,0.51,0.21,0.15,0.07,0.07,0.18,65,15,17.40,17.52,0.48,0.88,3.94,5.57,0.85,14.20,0.50,0.60,5.40,1.64,0.13,0.47,0.13,0.01,0.14
846,1,73,14,46,14,135,23,65,23,0.48,0.35,0.19,0.00,0.00,0.00,73,16,17.14,17.78,0.54,0.88,4.44,6.28,0.87,17.00,0.71,0.71,7.14,1.89,0.15,0.69,0.15,0.03,0.18
746,0,0,0,0,0,0,0,0,0,0,0,0,0,0,0,0,0,0,0,0,0,0,0,0,0,0,0,0,0,0,0,0,0,0
697,1,91,15,57,13,197,24,108,22,0.55,0.20,0.16,0.08,0.24,0.35,91,17,17.39,17.49,0.46,0.88,4.58,6.48,0.85,15.70,0.53,0.49,8.76,2.09,0.17,0.54,0.12,0.01,0.13
656,1,97,18,62,17,244,28,120,27,0.49,0.23,0.19,0.08,0.25,0.35,97,16,16.83,16.92,0.40,0.85,4.39,6.21,0.83,14.23,0.52,0.44,7.11,1.89,0.13,0.53,0.12,0.01,0.12
689,1,80,12,48,10,162,18,87,16,0.54,0.18,0.15,0.05,0.05,0.15,80,15,17.50,17.45,0.49,0.85,4.44,6.29,0.86,15.93,0.55,0.62,8.05,2.01,0.15,0.53,0.11,0.02,0.14
519,1,60,6,37,5,124,11,67,10,0.54,0.15,0.10,0.06,0.06,0.17,60,17,17.01,17.57,0.48,0.85,3.81,5.39,0.85,13.90,0.55,0.61,6.72,1.83,0.16,0.50,0.10,0.04,0.15
730,1,84,15,54,15,147,17,75,17,0.51,0.23,0.18,0.08,0.08,0.20,84,15,17.81,18.51,0.57,0.92,4.90,6.93,0.89,19.33,0.72,0.77,7.69,1.96,0.13,0.72,0.19,0.03,0.21
704,0,0,0,0,0,0,0,0,0,0,0,0,0,0,0,0,0,0,0,0,0,0,0,0,0,0,0,0,0,0,0,0,0,0
701,1,26,2,14,0,32,2,16,0,0.50,0.00,0.08,0.00,0.00,0.00,26,17,17.34,17.99,0.81,0.85,3.25,4.60,0.94,25.12,0.88,0.50,0.50,0.50,0.06,0.86,0.38,0.06,0.44
801,1,77,15,45,13,148,21,73,19,0.49,0.26,0.19,0.14,0.43,0.46,77,16,17.37,17.54,0.52,0.87,4.48,6.33,0.87,16.60,0.62,0.71,10.71,2.31,0.21,0.57,0.16,0.00,0.16
868,1,74,8,44,8,115,10,59,10,0.51,0.17,0.11,0.06,0.06,0.18,74,18,18.39,18.70,0.64,0.92,4.88,6.90,0.91,22.18,0.75,0.81,10.56,2.30,0.22,0.70,0.12,0.08,0.20
569,1,27,6,17,6,38,7,24,7,0.63,0.29,0.22,0.00,0.00,0.00,27,18,16.61,16.69,0.71,0.90,3.10,4.38,0.91,16.82,0.71,0.67,2.67,1.15,0.17,0.64,0.21,0.04,0.25
819,1,57,9,36,7,114,12,64,10,0.56,0.16,0.16,0.12,0.24,0.34,57,18,16.67,16.71,0.50,0.82,3.77,5.34,0.85,14.05,0.56,0.59,5.88,1.71,0.16,0.44,0.19,0.05,0.23
563,1,34,4,18,3,58,5,29,4,0.50,0.14,0.12,0.00,0.00,0.00,34,17,16.17,16.34,0.59,0.88,3.16,4.46,0.87,13.41,0.62,0.71,3.57,1.34,0.17,0.47,0.21,0.00,0.21
516,1,41,5,23,5,67,5,36,5,0.54,0.14,0.12,0.12,0.12,0.25,41,17,16.59,18.07,0.61,0.92,3.54,5.01,0.88,15.63,0.64,0.75,4.50,1.50,0.17,0.50,0.22,0.03,0.25
643,1,57,5,34,5,101,8,51,8,0.50,0.16,0.09,0.00,0.00,0.00,57,14,17.46,17.60,0.56,0.85,4.01,5.67,0.88,16.17,0.67,0.69,6.23,1.77,0.18,0.61,0.18,0.00,0.18
889,1,43,8,25,8,68,9,38,9,0.56,0.24,0.19,0.10,0.10,0.22,43,17,17.05,17.98,0.63,0.88,3.69,5.21,0.89,16.87,0.66,0.70,4.90,1.57,0.18,0.53,0.24,0.00,0.24
612,1,35,8,21,8,54,10,29,10,0.54,0.34,0.23,0.44,1.78,0.94,35,16,16.74,16.95,0.65,0.80,3.37,4.76,0.89,15.94,0.72,0.78,5.44,1.65,0.24,0.79,0.14,0.00,0.14
622,1,103,27,75,26,191,28,96,27,0.50,0.28,0.26,0.24,1.44,0.85,103,18,17.01,17.72,0.54,0.90,5.27,7.45,0.88,19.40,0.78,0.88,19.36,3.11,0.23,0.70,0.21,0.01,0.22
566,1,49,7,33,7,87,10,49,10,0.56,0.20,0.14,0.12,0.25,0.35,49,15,16.53,17.22,0.56,0.83,3.71,5.25,0.87,15.09,0.67,0.62,6.25,1.77,0.20,0.64,0.16,0.00,0.16
547,0,0,0,0,0,0,0,0,0,0,0,0,0,0,0,0,0,0,0,0,0,0,0,0,0,0,0,0,0,0,0,0,0,0
831,1,65,15,39,14,105,18,50,16,0.48,0.32,0.23,0.21,0.64,0.57,65,16,17.81,17.74,0.62,0.85,4.49,6.34,0.90,19.61,0.78,0.71,7.14,1.89,0.20,0.75,0.20,0.02,0.22
791,1,72,7,44,7,163,15,83,15,0.51,0.18,0.10,0.12,0.36,0.42,72,16,17.08,17.19,0.44,0.84,3.99,5.64,0.84,13.79,0.53,0.60,9.00,2.12,0.18,0.46,0.11,0.02,0.13
807,1,33,4,16,3,49,4,24,3,0.49,0.12,0.12,0.25,0.50,0.50,33,16,16.60,17.79,0.67,0.85,3.33,4.71,0.90,16.64,0.67,0.62,3.12,1.25,0.21,0.50,0.25,0.00,0.25
677,1,103,20,60,19,214,25,96,24,0.45,0.25,0.19,0.04,0.04,0.14,103,17,17.83,17.69,0.48,0.88,4.98,7.04,0.86,17.10,0.62,0.69,12.46,2.50,0.19,0.58,0.15,0.03,0.18
742,1,58,10,34,9,124,16,64,15,0.52,0.23,0.17,0.30,0.90,0.67,58,18,16.94,17.36,0.47,0.88,3.68,5.21,0.84,13.28,0.53,0.90,8.10,2.01,0.14,0.49,0.14,0.03,0.17
734,1,37,6,25,6,71,8,41,8,0.58,0.20,0.16,0.17,0.33,0.41,37,18,16.10,17.65,0.52,0.92,3.10,4.39,0.85,12.11,0.61,0.58,4.08,1.43,0.17,0.53,0.22,0.02,0.24
756,1,88,14,59,14,178,18,88,18,0.49,0.20,0.16,0.10,0.20,0.32,88,17,17.28,17.92,0.49,0.89,4.66,6.60,0.86,16.55,0.67,0.70,9.80,2.21,0.16,0.61,0.18,0.05,0.23
591,1,72,12,42,10,132,20,63,18,0.48,0.29,0.17,0.00,0.00,0.00,72,13,17.05,18.29,0.55,0.87,4.43,6.27,0.88,17.08,0.67,0.85,9.31,2.16,0.17,0.55,0.21,0.02,0.22
848,1,50,9,31,8,98,11,52,9,0.53,0.17,0.18,0.08,0.08,0.20,50,18,16.54,17.38,0.51,0.88,3.57,5.05,0.85,13.57,0.60,0.75,6.75,1.84,0.17,0.52,0.17,0.02,0.19
745,1,61,7,31,6,116,9,50,8,0.43,0.16,0.11,0.18,0.36,0.43,61,17,16.74,16.37,0.53,0.85,4.00,5.66,0.86,15.27,0.62,0.64,4.45,1.49,0.14,0.61,0.20,0.00,0.20
914,1,85,18,53,17,176,26,82,24,0.47,0.29,0.21,0.13,0.27,0.37,85,16,17.68,18.21,0.48,0.89,4.53,6.41,0.86,15.95,0.65,0.67,6.67,1.83,0.12,0.64,0.15,0.06,0.21
845,1,49,11,29,10,74,12,37,11,0.50,0.30,0.22,0.14,0.14,0.27,49,15,16.84,17.38,0.66,0.83,4.03,5.70,0.90,19.52,0.78,0.86,5.14,1.60,0.16,0.68,0.27,0.00,0.27
804,1,60,13,38,12,129,16,60,15,0.47,0.25,0.22,0.20,0.40,0.45,60,18,16.08,16.38,0.47,0.83,3.74,5.28,0.84,13.40,0.63,0.80,6.40,1.79,0.13,0.55,0.25,0.00,0.25
710,1,13,2,8,2,14,2,9,2,0.64,0.22,0.15,0.00,0.00,0.00,13,13,13,13,0.93,0.93,2.46,3.47,0.97,40.81,0.89,1.00,2.00,1.00,0.22,0.83,0.11,0.00,0.11
657,0,0,0,0,0,0,0,0,0,0,0,0,0,0,0,0,0,0,0,0,0,0,0,0,0,0,0,0,0,0,0,0,0,0
565,1,73,11,45,11,136,12,65,12,0.48,0.18,0.15,0.08,0.08,0.20,73,15,17.42,17.97,0.54,0.88,4.43,6.26,0.87,16.85,0.69,0.92,10.08,2.25,0.17,0.60,0.12,0.02,0.14
625,1,123,22,76,19,263,30,116,27,0.44,0.23,0.18,0.12,0.47,0.49,123,15,17.93,17.90,0.47,0.88,5.36,7.58,0.86,17.74,0.66,0.71,16.94,2.91,0.21,0.62,0.20,0.02,0.22
901,1,64,13,40,13,108,17,61,17,0.56,0.28,0.20,0.20,0.60,0.55,64,11,17.50,17.41,0.59,0.84,4.35,6.16,0.89,18.20,0.66,0.73,8.07,2.01,0.18,0.63,0.10,0.03,0.13
733,1,103,20,67,18,197,23,102,20,0.52,0.20,0.19,0.17,0.83,0.65,103,17,17.99,18.48,0.52,0.92,5.19,7.34,0.88,18.69,0.66,0.67,13.33,2.58,0.20,0.61,0.15,0.05,0.20
588,1,11,2,7,2,11,2,7,2,0.64,0.29,0.18,0,0,0,11,11,11,11,1.00,1.00,2.35,3.32,1.00,NaN,1.00,0,0,0,0.00,1.00,0.57,0.00,0.57
522,1,54,7,33,6,122,12,62,11,0.51,0.18,0.13,0.00,0.00,0.00,54,17,16.12,17.13,0.44,0.85,3.46,4.89,0.83,12.30,0.53,0.75,6.75,1.84,0.15,0.50,0.11,0.00,0.11
707,0,0,0,0,0,0,0,0,0,0,0,0,0,0,0,0,0,0,0,0,0,0,0,0,0,0,0,0,0,0,0,0,0,0
590,1,57,8,31,8,112,13,57,13,0.51,0.23,0.14,0.00,0.00,0.00,57,16,16.88,17.40,0.51,0.86,3.81,5.39,0.86,14.32,0.54,0.71,7.14,1.89,0.18,0.42,0.12,0.02,0.14
779,1,90,15,58,14,174,23,90,22,0.52,0.24,0.17,0.11,0.22,0.33,90,16,17.25,17.71,0.52,0.88,4.82,6.82,0.87,17.53,0.64,0.89,14.22,2.67,0.18,0.57,0.13,0.03,0.17
782,1,19,2,10,2,24,2,12,2,0.50,0.17,0.11,0.00,0.00,0.00,19,15,16.56,16.39,0.79,0.75,2.74,3.88,0.93,18.78,0.83,1.00,2.00,1.00,0.17,0.75,0.17,0.00,0.17
632,1,82,12,51,11,176,18,86,17,0.49,0.20,0.15,0.08,0.15,0.28,82,18,17.16,16.77,0.47,0.84,4.37,6.18,0.85,15.20,0.59,0.69,12.46,2.50,0.21,0.50,0.13,0.03,0.16
653,1,101,17,70,17,226,21,114,21,0.50,0.18,0.17,0.10,0.30,0.39,101,18,17.54,17.56,0.45,0.87,4.75,6.72,0.85,15.84,0.61,0.63,12.03,2.45,0.17,0.59,0.18,0.04,0.21
678,1,88,11,48,8,191,15,87,11,0.46,0.13,0.12,0.00,0.00,0.00,88,19,17.53,17.64,0.46,0.87,4.50,6.37,0.85,15.46,0.55,0.50,6.50,1.80,0.15,0.60,0.10,0.02,0.13
790,1,82,13,52,11,165,19,84,16,0.51,0.19,0.16,0.17,0.50,0.50,82,15,17.51,18.07,0.50,0.88,4.51,6.38,0.86,16.19,0.62,0.67,8.00,2.00,0.14,0.60,0.17,0.05,0.21
754,1,86,14,50,11,155,21,77,18,0.50,0.23,0.16,0.04,0.04,0.14,86,19,17.94,18.38,0.55,0.93,4.88,6.91,0.88,18.75,0.65,0.67,10.67,2.31,0.21,0.62,0.12,0.05,0.17
870,1,68,11,43,10,120,14,60,13,0.50,0.22,0.16,0.09,0.09,0.21,68,18,17.34,17.68,0.57,0.88,4.39,6.21,0.88,17.53,0.72,1.00,11.00,2.35,0.18,0.60,0.20,0.03,0.23
688,1,86,16,55,16,180,25,99,25,0.55,0.25,0.19,0.05,0.05,0.16,86,15,17.11,16.53,0.48,0.81,4.53,6.41,0.86,15.86,0.56,0.45,4.05,1.42,0.09,0.58,0.13,0.01,0.14
759,1,122,23,79,23,254,33,129,33,0.51,0.26,0.19,0.09,0.28,0.38,122,16,17.66,18.25,0.48,0.92,5.41,7.65,0.87,18.16,0.61,0.66,13.78,2.62,0.16,0.53,0.16,0.04,0.20
753,1,80,15,48,13,170,18,75,16,0.44,0.21,0.19,0.00,0.00,0.00,80,18,17.47,18.04,0.47,0.91,4.34,6.14,0.85,15.20,0.64,0.65,8.45,2.06,0.17,0.60,0.11,0.04,0.15
910,1,75,12,46,12,141,20,72,20,0.51,0.28,0.16,0.21,0.84,0.65,75,15,17.44,17.41,0.53,0.88,4.47,6.32,0.87,16.85,0.64,0.74,10.32,2.27,0.19,0.52,0.18,0.04,0.22
814,1,80,9,44,8,151,12,70,11,0.46,0.16,0.11,0.12,0.25,0.35,80,15,17.50,17.20,0.53,0.87,4.60,6.51,0.87,17.21,0.63,0.56,5.06,1.59,0.13,0.59,0.21,0.03,0.24
673,1,67,7,36,7,134,11,59,11,0.44,0.19,0.10,0.07,0.07,0.19,67,17,17.11,17.00,0.50,0.87,4.09,5.79,0.86,15.03,0.61,0.43,2.57,1.13,0.10,0.66,0.19,0.05,0.24
581,1,32,7,17,6,54,8,28,7,0.52,0.25,0.22,0.00,0.00,0.00,32,18,15.87,16.60,0.59,0.88,3.08,4.35,0.87,13.21,0.61,0.83,4.17,1.44,0.18,0.53,0.14,0.04,0.18
720,1,47,7,29,7,87,8,43,8,0.49,0.19,0.15,0.10,0.10,0.22,47,16,16.13,17.21,0.54,0.85,3.56,5.04,0.86,14.07,0.67,0.70,4.90,1.57,0.16,0.62,0.14,0.09,0.23
574,1,67,13,43,10,127,17,68,14,0.54,0.21,0.19,0.20,0.40,0.45,67,14,16.73,16.73,0.53,0.86,4.20,5.95,0.87,15.94,0.63,0.80,6.40,1.79,0.12,0.58,0.25,0.01,0.26
532,1,59,8,35,8,116,9,61,9,0.53,0.15,0.14,0.13,0.39,0.44,59,18,16.92,17.16,0.51,0.86,3.87,5.48,0.86,14.52,0.57,0.57,7.35,1.92,0.21,0.50,0.15,0.05,0.20
818,1,41,5,23,5,66,5,34,5,0.52,0.15,0.12,0.00,0.00,0.00,41,15,16.75,17.59,0.62,0.85,3.57,5.05,0.89,16.01,0.68,0.60,3.60,1.34,0.18,0.63,0.09,0.06,0.15
842,1,65,9,39,9,113,15,62,15,0.55,0.24,0.14,0.07,0.07,0.19,65,16,17.33,18.02,0.58,0.91,4.32,6.11,0.88,17.55,0.63,0.64,5.79,1.70,0.15,0.60,0.16,0.05,0.21
740,1,40,5,22,5,60,6,29,6,0.48,0.21,0.12,0.12,0.12,0.25,40,18,17.43,18.19,0.67,0.90,3.65,5.16,0.90,17.96,0.76,0.88,6.12,1.75,0.24,0.62,0.24,0.00,0.24
571,1,45,8,28,8,89,9,47,9,0.53,0.19,0.18,0.17,0.33,0.41,45,17,16.42,17.74,0.51,0.89,3.37,4.77,0.85,12.83,0.60,0.67,5.33,1.63,0.17,0.48,0.15,0.00,0.15
886,1,71,12,39,10,151,12,70,10,0.46,0.14,0.17,0.04,0.04,0.15,71,18,17.26,17.71,0.47,0.89,4.09,5.78,0.85,14.49,0.56,0.52,6.26,1.77,0.17,0.56,0.13,0.01,0.14
665,1,84,11,50,10,176,17,82,16,0.47,0.20,0.13,0.18,0.53,0.51,84,17,17.36,17.03,0.48,0.86,4.48,6.33,0.86,15.70,0.61,0.71,8.47,2.06,0.15,0.61,0.17,0.04,0.21
674,1,57,7,32,6,106,9,50,7,0.47,0.14,0.12,0.09,0.09,0.21,57,14,16.81,16.78,0.54,0.82,3.91,5.54,0.87,15.22,0.64,0.82,7.36,1.92,0.18,0.53,0.14,0.02,0.16
906,1,78,9,40,7,161,11,68,8,0.42,0.12,0.12,0.06,0.06,0.18,78,15,17.51,17.34,0.48,0.87,4.35,6.15,0.86,15.47,0.59,0.44,3.06,1.24,0.10,0.57,0.19,0.01,0.21
847,1,110,12,66,12,255,16,108,16,0.42,0.15,0.11,0.00,0.00,0.00,110,16,17.56,17.86,0.43,0.89,4.87,6.89,0.85,15.86,0.61,0.71,12.04,2.45,0.16,0.54,0.17,0.04,0.20
890,1,98,15,62,14,192,20,98,19,0.51,0.19,0.15,0.18,0.89,0.67,98,17,17.79,17.69,0.51,0.89,5.00,7.07,0.87,17.85,0.63,0.64,11.57,2.41,0.18,0.60,0.15,0.04,0.19
854,1,51,10,31,10,97,12,51,12,0.53,0.24,0.20,0.06,0.06,0.18,51,15,16.39,17.16,0.53,0.81,3.66,5.18,0.86,14.14,0.61,0.62,6.25,1.77,0.20,0.62,0.10,0.08,0.18
881,1,164,37,114,35,378,55,189,53,0.50,0.28,0.23,0.13,0.80,0.63,164,19,17.83,17.54,0.43,0.86,5.96,8.44,0.86,18.32,0.60,0.64,18.69,3.06,0.15,0.59,0.16,0.04,0.20
732,1,72,6,42,5,192,13,84,12,0.44,0.14,0.08,0.07,0.15,0.27,72,20,16.94,17.33,0.38,0.89,3.67,5.20,0.81,12.24,0.50,0.48,6.26,1.77,0.15,0.44,0.14,0.04,0.18
907,1,92,23,65,23,188,27,100,27,0.53,0.27,0.25,0.18,0.73,0.60,92,18,17.64,17.96,0.49,0.90,4.74,6.71,0.86,16.66,0.65,0.68,10.23,2.26,0.15,0.61,0.19,0.02,0.21
862,1,107,15,63,13,225,27,115,25,0.51,0.22,0.14,0.08,0.16,0.28,107,19,17.96,18.53,0.48,0.94,5.04,7.13,0.86,17.14,0.55,0.68,11.56,2.40,0.15,0.49,0.17,0.03,0.20
762,1,106,17,68,15,192,19,95,17,0.49,0.18,0.16,0.12,0.35,0.42,106,19,17.94,18.26,0.55,0.92,5.41,7.65,0.89,20.21,0.72,0.77,15.38,2.77,0.21,0.63,0.16,0.04,0.20
909,1,50,7,25,6,102,11,46,10,0.45,0.22,0.14,0.06,0.06,0.17,50,17,16.47,17.62,0.49,0.84,3.50,4.95,0.85,13.03,0.54,0.47,3.76,1.37,0.17,0.60,0.07,0.04,0.11
715,1,84,18,48,17,159,25,76,24,0.48,0.32,0.21,0.23,1.14,0.75,84,16,17.98,18.01,0.53,0.88,4.71,6.66,0.87,17.49,0.63,0.77,13.14,2.56,0.22,0.62,0.07,0.03,0.09
884,1,112,31,75,29,243,43,119,39,0.49,0.33,0.28,0.25,1.50,0.87,112,16,17.55,17.65,0.46,0.87,5.08,7.18,0.86,16.92,0.63,0.58,8.17,2.02,0.12,0.58,0.22,0.03,0.25
709,1,46,4,29,4,67,5,41,5,0.61,0.12,0.09,0.09,0.09,0.21,46,17,17.43,18.17,0.69,0.92,3.97,5.62,0.91,20.42,0.71,0.73,5.82,1.71,0.20,0.71,0.17,0.00,0.17
800,1,50,9,28,8,100,14,51,11,0.51,0.22,0.18,0.11,0.21,0.32,50,17,16.53,18.08,0.50,0.90,3.54,5.00,0.85,13.29,0.55,0.58,6.37,1.78,0.22,0.45,0.12,0.02,0.14
628,1,45,8,27,7,69,10,33,8,0.48,0.24,0.18,0.17,0.17,0.29,45,18,17.59,18.47,0.65,0.90,3.83,5.42,0.90,18.21,0.82,0.67,2.67,1.15,0.12,0.78,0.21,0.06,0.27
871,1,57,8,34,8,97,10,42,10,0.43,0.24,0.14,0.08,0.08,0.20,57,16,17.04,16.89,0.59,0.86,4.09,5.79,0.88,17.10,0.81,0.85,9.31,2.16,0.26,0.74,0.21,0.00,0.21
700,1,122,20,86,20,246,28,139,28,0.57,0.20,0.16,0.08,0.25,0.35,122,17,18.01,18.04,0.50,0.90,5.50,7.78,0.87,18.77,0.62,0.64,14.69,2.71,0.17,0.56,0.18,0.03,0.21
594,1,51,7,29,7,94,9,46,9,0.49,0.20,0.14,0.08,0.08,0.20,51,15,16.99,17.21,0.54,0.85,3.72,5.26,0.87,14.66,0.63,0.69,6.23,1.77,0.20,0.58,0.11,0.04,0.15
611,1,75,23,47,22,135,29,68,28,0.50,0.41,0.31,0.40,1.60,0.89,75,18,17.81,18.45,0.56,0.93,4.56,6.45,0.88,17.78,0.69,0.70,4.90,1.57,0.10,0.70,0.16,0.03,0.19
687,1,92,26,60,24,219,35,113,33,0.52,0.29,0.28,0.26,2.06,1.02,92,15,16.82,16.94,0.42,0.83,4.40,6.22,0.84,14.54,0.53,0.61,11.65,2.41,0.17,0.51,0.14,0.01,0.15
527,1,69,7,42,7,125,11,63,11,0.50,0.17,0.10,0.05,0.05,0.16,69,16,17.70,17.27,0.55,0.85,4.36,6.17,0.88,17.04,0.67,0.74,10.32,2.27,0.22,0.60,0.19,0.03,0.22
660,1,59,7,35,7,103,9,53,9,0.51,0.17,0.12,0.14,0.29,0.38,59,17,17.54,17.85,0.57,0.90,4.11,5.81,0.88,16.74,0.66,0.71,7.14,1.89,0.19,0.69,0.13,0.00,0.13
576,1,42,4,23,4,72,5,35,5,0.49,0.14,0.10,0.12,0.12,0.25,42,15,16.40,16.97,0.58,0.85,3.50,4.95,0.87,14.74,0.66,1.00,8.00,2.00,0.23,0.53,0.17,0.00,0.17
775,1,87,17,52,15,205,23,104,20,0.51,0.19,0.20,0.06,0.11,0.24,87,17,17.24,17.04,0.42,0.84,4.30,6.08,0.84,14.36,0.50,0.46,7.31,1.91,0.15,0.47,0.12,0.04,0.15
838,1,47,6,28,6,76,6,35,6,0.46,0.17,0.13,0.08,0.08,0.20,47,18,17.30,17.20,0.62,0.85,3.81,5.39,0.89,16.95,0.80,0.83,8.33,2.04,0.29,0.77,0.23,0.00,0.23
542,1,16,1,10,1,22,1,12,1,0.55,0.08,0.06,0.00,0.00,0.00,16,16,14.98,14.99,0.73,0.80,2.41,3.41,0.90,13.03,0.83,0.67,1.33,0.82,0.17,0.86,0.17,0.00,0.17
675,1,88,12,47,11,211,23,101,22,0.48,0.22,0.14,0.06,0.12,0.25,88,16,16.72,16.92,0.42,0.86,4.28,6.06,0.84,14.22,0.47,0.52,8.76,2.09,0.17,0.44,0.08,0.02,0.10
551,1,73,16,46,16,149,24,75,24,0.50,0.32,0.22,0.14,0.43,0.46,73,16,17.38,17.39,0.49,0.86,4.23,5.98,0.86,15.24,0.61,0.67,9.33,2.16,0.19,0.56,0.13,0.04,0.17
820,1,108,11,68,9,237,15,122,13,0.51,0.11,0.10,0.10,0.31,0.39,108,17,17.84,17.93,0.46,0.90,4.96,7.02,0.86,16.52,0.56,0.62,11.17,2.36,0.15,0.56,0.14,0.02,0.16
840,1,32,4,16,4,40,4,18,4,0.45,0.22,0.12,0.00,0.00,0.00,32,18,17.79,18.19,0.80,0.90,3.58,5.06,0.94,26.48,0.89,0.75,2.25,1.06,0.17,0.91,0.17,0.00,0.17
758,1,30,6,17,6,39,8,22,8,0.56,0.36,0.20,0.25,0.25,0.35,30,13,17.66,17.59,0.77,0.65,3.40,4.80,0.93,22.22,0.77,1.00,4.00,1.41,0.18,0.64,0.27,0.00,0.27
596,1,59,10,37,9,102,15,53,14,0.52,0.26,0.17,0.15,0.31,0.39,59,19,17.08,18.36,0.58,0.91,4.13,5.84,0.88,16.97,0.70,0.85,9.31,2.16,0.21,0.56,0.19,0.02,0.21
878,1,80,13,49,10,198,21,97,16,0.49,0.16,0.16,0.05,0.05,0.15,80,19,16.96,17.71,0.40,0.91,4.02,5.69,0.83,13.40,0.51,0.59,7.68,1.96,0.13,0.45,0.14,0.02,0.16
706,1,53,8,33,7,98,8,50,7,0.51,0.14,0.15,0.00,0.00,0.00,53,17,16.05,16.96,0.54,0.84,3.79,5.35,0.87,14.85,0.66,0.64,5.79,1.70,0.18,0.61,0.14,0.00,0.14
809,1,50,7,32,7,97,9,49,9,0.51,0.18,0.14,0.38,1.12,0.75,50,19,16.07,16.95,0.52,0.89,3.59,5.08,0.86,13.72,0.65,1.00,8.00,2.00,0.16,0.55,0.18,0.00,0.18
528,0,0,0,0,0,0,0,0,0,0,0,0,0,0,0,0,0,0,0,0,0,0,0,0,0,0,0,0,0,0,0,0,0,0
724,1,87,10,51,9,202,14,97,13,0.48,0.13,0.11,0.15,0.45,0.47,87,16,17.16,17.44,0.43,0.89,4.33,6.12,0.84,14.53,0.53,0.70,9.80,2.21,0.14,0.45,0.12,0.03,0.15
874,1,79,22,53,22,148,32,81,31,0.55,0.38,0.28,0.12,0.24,0.34,79,19,17.70,17.77,0.53,0.91,4.59,6.49,0.87,17.28,0.65,0.76,9.94,2.23,0.16,0.63,0.20,0.01,0.21
561,1,38,4,26,4,72,6,43,6,0.60,0.14,0.11,0.00,0.00,0.00,38,19,16.15,17.46,0.53,0.92,3.17,4.48,0.85,12.43,0.60,0.50,3.00,1.22,0.14,0.69,0.23,0.02,0.26
735,1,37,4,18,4,52,4,26,4,0.50,0.15,0.11,0.20,0.20,0.32,37,17,17.18,17.57,0.71,0.85,3.63,5.13,0.91,19.92,0.69,0.80,3.20,1.26,0.15,0.65,0.15,0.00,0.15
796,1,40,6,23,6,84,9,43,9,0.51,0.21,0.15,0.17,0.33,0.41,40,17,16.02,16.40,0.48,0.80,3.09,4.36,0.83,11.49,0.53,0.58,4.08,1.43,0.16,0.43,0.14,0.02,0.16
605,1,47,8,30,8,96,13,52,13,0.54,0.25,0.17,0.00,0.00,0.00,47,14,16.05,16.74,0.49,0.83,3.39,4.80,0.84,12.67,0.58,0.60,5.40,1.64,0.17,0.54,0.10,0.04,0.13
739,1,77,11,43,11,150,19,70,19,0.47,0.27,0.14,0.17,0.33,0.41,77,17,17.55,17.95,0.51,0.91,4.45,6.29,0.87,16.35,0.61,0.92,10.08,2.25,0.16,0.51,0.17,0.06,0.23
760,1,69,11,40,11,151,16,72,16,0.48,0.22,0.16,0.11,0.22,0.33,69,16,17.31,17.63,0.46,0.87,3.97,5.62,0.84,13.96,0.56,0.56,5.56,1.67,0.14,0.49,0.15,0.01,0.17
860,1,34,3,19,3,81,4,37,4,0.46,0.11,0.09,0.00,0.00,0.00,34,16,14.44,14.94,0.42,0.74,2.67,3.78,0.80,9.66,0.51,0.47,3.27,1.28,0.19,0.50,0.14,0.00,0.14
816,1,63,12,40,12,112,17,59,17,0.53,0.29,0.19,0.08,0.08,0.20,63,16,17.46,17.52,0.56,0.88,4.21,5.95,0.88,16.81,0.68,0.67,5.33,1.63,0.14,0.76,0.20,0.00,0.20
824,1,62,15,41,13,102,17,57,15,0.56,0.26,0.24,0.17,0.50,0.50,62,16,17.85,17.71,0.61,0.94,4.34,6.14,0.89,18.66,0.72,0.89,14.22,2.67,0.28,0.58,0.19,0.00,0.19
578,1,84,19,47,17,174,26,80,23,0.46,0.29,0.23,0.16,0.47,0.49,84,16,17.63,17.56,0.48,0.87,4.50,6.37,0.86,15.87,0.59,0.79,11.84,2.43,0.19,0.50,0.14,0.03,0.16
711,1,133,28,90,26,241,32,124,30,0.51,0.24,0.21,0.12,0.62,0.56,133,18,18.46,18.74,0.55,0.93,6.06,8.57,0.89,21.98,0.73,0.72,21.02,3.24,0.23,0.70,0.21,0.02,0.23
633,1,103,11,63,10,203,20,101,18,0.50,0.18,0.11,0.10,0.20,0.32,103,18,18.00,17.88,0.51,0.90,5.11,7.23,0.87,18.07,0.62,0.60,7.20,1.90,0.12,0.65,0.14,0.04,0.18
752,1,84,11,51,11,179,15,92,15,0.51,0.16,0.13,0.05,0.05,0.16,84,17,17.57,17.99,0.47,0.89,4.44,6.28,0.85,15.45,0.55,0.65,8.45,2.06,0.14,0.50,0.14,0.03,0.17
899,1,67,10,37,9,122,13,54,11,0.44,0.20,0.15,0.00,0.00,0.00,67,19,17.70,18.66,0.55,0.93,4.29,6.07,0.88,16.72,0.69,0.77,7.69,1.96,0.19,0.59,0.15,0.06,0.20
639,1,50,11,29,11,77,12,38,12,0.49,0.32,0.22,0.12,0.12,0.25,50,18,17.20,18.38,0.65,0.90,4.03,5.70,0.90,18.98,0.76,0.88,6.12,1.75,0.18,0.73,0.18,0.00,0.18
826,1,70,11,47,9,165,15,90,13,0.55,0.14,0.16,0.12,0.24,0.34,70,18,17.13,17.20,0.42,0.86,3.85,5.45,0.83,13.20,0.52,0.71,8.47,2.06,0.13,0.50,0.17,0.02,0.19
922,1,78,15,50,14,161,22,73,21,0.45,0.29,0.19,0.13,0.27,0.37,78,18,17.18,17.07,0.48,0.86,4.35,6.15,0.86,15.47,0.68,0.67,6.67,1.83,0.14,0.63,0.19,0.03,0.22
865,0,0,0,0,0,0,0,0,0,0,0,0,0,0,0,0,0,0,0,0,0,0,0,0,0,0,0,0,0,0,0,0,0,0
795,1,111,19,70,18,220,22,101,21,0.46,0.21,0.17,0.04,0.04,0.15,111,17,17.82,18.25,0.50,0.90,5.29,7.48,0.87,18.47,0.69,0.70,11.13,2.36,0.16,0.62,0.18,0.03,0.21
905,1,60,5,33,4,132,8,58,7,0.44,0.12,0.08,0.06,0.06,0.17,60,16,16.98,17.33,0.45,0.87,3.69,5.22,0.84,13.13,0.57,0.59,5.88,1.71,0.17,0.56,0.19,0.02,0.21
763,1,65,10,42,10,91,12,55,12,0.60,0.22,0.15,0.08,0.08,0.20,65,18,18.21,18.53,0.71,0.93,4.82,6.81,0.93,26.26,0.76,0.75,6.75,1.84,0.16,0.71,0.18,0.05,0.24
505,1,52,7,30,7,100,8,47,8,0.47,0.17,0.13,0.00,0.00,0.00,52,17,16.45,16.78,0.52,0.87,3.68,5.20,0.86,14.08,0.64,0.67,4.00,1.41,0.13,0.56,0.17,0.04,0.21
821,1,43,6,24,5,71,7,33,6,0.46,0.18,0.14,0.15,0.31,0.39,43,14,16.33,16.71,0.61,0.82,3.61,5.10,0.88,15.74,0.73,0.69,6.23,1.77,0.27,0.64,0.15,0.03,0.18
784,1,48,7,26,6,87,9,44,8,0.51,0.18,0.15,0.00,0.00,0.00,48,18,16.79,17.18,0.55,0.90,3.64,5.15,0.87,14.56,0.59,0.50,3.00,1.22,0.14,0.65,0.14,0.07,0.20
806,1,34,5,17,5,44,5,22,5,0.50,0.23,0.15,0.14,0.14,0.27,34,18,17.65,18.48,0.77,0.88,3.62,5.13,0.93,24.12,0.77,0.86,5.14,1.60,0.27,0.60,0.23,0.00,0.23
558,1,75,9,43,8,192,24,90,21,0.47,0.23,0.12,0.04,0.04,0.14,75,18,16.97,17.67,0.39,0.88,3.83,5.41,0.82,12.77,0.48,0.54,7.04,1.88,0.14,0.45,0.13,0.03,0.17
583,1,49,10,32,10,81,14,45,14,0.56,0.31,0.20,0.00,0.00,0.00,49,16,16.75,17.37,0.60,0.86,3.85,5.44,0.89,16.69,0.71,0.82,7.36,1.92,0.20,0.71,0.13,0.02,0.16
692,1,77,12,51,11,170,16,92,15,0.54,0.16,0.16,0.08,0.15,0.28,77,15,16.57,16.99,0.45,0.83,4.18,5.91,0.85,14.46,0.55,0.58,8.65,2.08,0.16,0.49,0.15,0.02,0.17
811,1,61,12,38,11,108,13,54,12,0.50,0.22,0.20,0.38,1.92,0.98,61,19,16.90,17.44,0.56,0.89,4.15,5.87,0.88,16.67,0.70,0.85,9.31,2.16,0.20,0.61,0.11,0.06,0.17
917,1,62,7,32,7,140,13,59,13,0.42,0.22,0.11,0.00,0.00,0.00,62,16,16.85,17.01,0.44,0.87,3.71,5.24,0.84,13.02,0.54,0.50,3.00,1.22,0.10,0.52,0.17,0.00,0.17
582,1,44,9,25,8,94,20,45,16,0.48,0.36,0.20,0.00,0.00,0.00,44,12,15.66,16.33,0.47,0.77,3.21,4.54,0.83,11.81,0.56,0.60,3.60,1.34,0.13,0.57,0.13,0.02,0.16
683,1,38,7,22,6,59,9,30,8,0.51,0.27,0.18,0.11,0.11,0.24,38,18,17.00,17.80,0.64,0.90,3.50,4.95,0.89,16.41,0.73,0.78,5.44,1.65,0.23,0.62,0.17,0.07,0.23
855,0,0,0,0,0,0,0,0,0,0,0,0,0,0,0,0,0,0,0,0,0,0,0,0,0,0,0,0,0,0,0,0,0,0
555,1,73,9,38,8,132,12,63,11,0.48,0.17,0.12,0.06,0.06,0.18,73,18,17.77,18.18,0.55,0.91,4.49,6.35,0.88,17.48,0.60,0.75,9.00,2.12,0.19,0.50,0.19,0.02,0.21
652,1,84,10,50,9,163,15,78,14,0.48,0.18,0.12,0.06,0.06,0.17,84,17,17.56,18.05,0.52,0.89,4.65,6.58,0.87,17.00,0.64,0.82,11.53,2.40,0.18,0.54,0.17,0.03,0.19
695,0,0,0,0,0,0,0,0,0,0,0,0,0,0,0,0,0,0,0,0,0,0,0,0,0,0,0,0,0,0,0,0,0,0
549,1,68,11,43,10,130,14,67,13,0.52,0.19,0.16,0.06,0.06,0.18,68,18,17.46,18.25,0.52,0.91,4.22,5.96,0.87,15.88,0.64,0.69,7.56,1.94,0.16,0.72,0.15,0.03,0.18
552,1,45,6,28,6,112,12,60,12,0.54,0.20,0.13,0.00,0.00,0.00,45,18,16.48,18.16,0.40,0.92,3.01,4.25,0.81,10.60,0.47,0.55,3.27,1.28,0.10,0.46,0.13,0.03,0.17
668,1,31,3,14,2,36,3,16,2,0.44,0.12,0.10,0.00,0.00,0.00,31,17,18.21,18.34,0.86,0.85,3.65,5.17,0.96,37.30,0.88,1.00,3.00,1.22,0.19,0.75,0.12,0.19,0.31
511,1,47,9,31,9,64,9,36,9,0.56,0.25,0.19,0.09,0.09,0.21,47,19,18.10,18.44,0.73,0.93,4.15,5.88,0.93,24.33,0.86,0.91,9.09,2.13,0.28,0.83,0.17,0.00,0.17
698,1,72,12,42,12,143,15,72,15,0.50,0.21,0.17,0.07,0.07,0.18,72,18,17.40,17.72,0.50,0.88,4.26,6.02,0.86,15.59,0.58,0.60,5.40,1.64,0.12,0.50,0.15,0.01,0.17
659,1,114,19,68,16,215,24,108,21,0.50,0.19,0.17,0.07,0.15,0.27,114,18,18.31,18.31,0.53,0.93,5.50,7.77,0.88,19.74,0.63,0.70,13.37,2.59,0.18,0.61,0.13,0.02,0.15
891,1,50,7,29,6,90,9,46,8,0.51,0.17,0.14,0.06,0.06,0.17,50,16,16.56,16.06,0.56,0.78,3.73,5.27,0.87,14.96,0.63,0.76,9.94,2.23,0.28,0.50,0.13,0.00,0.13
721,1,61,10,36,10,94,10,48,10,0.51,0.21,0.16,0.00,0.00,0.00,61,17,17.20,17.81,0.65,0.88,4.45,6.29,0.90,20.73,0.75,0.50,2.50,1.12,0.10,0.73,0.27,0.04,0.31
691,1,57,7,32,7,118,13,52,13,0.44,0.25,0.12,0.10,0.10,0.22,57,15,16.48,16.88,0.48,0.81,3.71,5.25,0.85,13.58,0.62,0.90,8.10,2.01,0.17,0.57,0.17,0.00,0.17
644,1,41,7,20,7,63,9,33,9,0.52,0.27,0.17,0.00,0.00,0.00,41,18,17.14,16.33,0.65,0.85,3.65,5.17,0.90,17.35,0.61,0.67,4.00,1.41,0.18,0.60,0.12,0.03,0.15
682,1,40,4,24,4,81,5,42,5,0.52,0.12,0.10,0.18,0.36,0.43,40,18,16.25,16.75,0.49,0.82,3.14,4.44,0.84,11.89,0.57,0.64,4.45,1.49,0.17,0.50,0.19,0.00,0.19
616,1,47,7,26,5,98,11,46,9,0.47,0.20,0.15,0.00,0.00,0.00,47,16,16.26,16.71,0.48,0.80,3.36,4.75,0.84,12.42,0.57,0.78,5.44,1.65,0.15,0.55,0.20,0.00,0.20
529,1,85,13,55,13,136,15,62,15,0.46,0.24,0.15,0.33,1.67,0.91,85,19,17.69,17.97,0.62,0.89,5.15,7.29,0.90,22.30,0.89,0.93,13.07,2.56,0.23,0.86,0.16,0.11,0.27
850,1,80,10,46,8,177,11,83,9,0.47,0.11,0.12,0.04,0.04,0.14,80,18,17.30,17.55,0.45,0.86,4.25,6.01,0.85,14.65,0.55,0.56,7.84,1.98,0.17,0.60,0.11,0.02,0.13
908,1,63,9,38,8,143,9,67,8,0.47,0.12,0.14,0.05,0.05,0.15,63,15,16.37,17.17,0.44,0.86,3.73,5.27,0.83,13.05,0.57,0.59,7.68,1.96,0.19,0.42,0.13,0.03,0.16
799,1,42,3,22,3,75,5,38,5,0.51,0.13,0.07,0.00,0.00,0.00,42,15,16.63,17.51,0.56,0.80,3.43,4.85,0.87,13.96,0.58,0.56,2.78,1.18,0.13,0.39,0.21,0.08,0.29
609,1,64,9,38,8,124,14,61,13,0.49,0.21,0.14,0.08,0.08,0.20,64,15,17.05,17.65,0.52,0.85,4.06,5.75,0.86,15.26,0.62,0.75,6.75,1.84,0.15,0.48,0.21,0.05,0.26
813,1,90,12,56,12,180,14,96,14,0.53,0.15,0.13,0.00,0.00,0.00,90,18,17.67,17.93,0.50,0.91,4.74,6.71,0.87,16.90,0.58,0.58,6.37,1.78,0.11,0.53,0.15,0.02,0.17
772,1,44,8,28,8,63,9,36,9,0.57,0.25,0.18,0.22,0.44,0.47,44,16,17.70,17.41,0.70,0.83,3.92,5.54,0.91,20.77,0.78,0.89,7.11,1.89,0.22,0.73,0.28,0.00,0.28
776,1,71,15,44,15,141,21,70,20,0.50,0.29,0.21,0.21,0.64,0.57,71,15,17.19,17.52,0.50,0.86,4.23,5.98,0.86,15.50,0.63,0.71,7.14,1.89,0.14,0.54,0.21,0.03,0.24
897,0,0,0,0,0,0,0,0,0,0,0,0,0,0,0,0,0,0,0,0,0,0,0,0,0,0,0,0,0,0,0,0,0,0
861,1,81,11,49,10,144,13,72,12,0.50,0.17,0.14,0.00,0.00,0.00,81,15,17.59,17.99,0.56,0.89,4.77,6.75,0.88,18.64,0.68,0.53,4.76,1.54,0.12,0.70,0.15,0.04,0.19
690,0,0,0,0,0,0,0,0,0,0,0,0,0,0,0,0,0,0,0,0,0,0,0,0,0,0,0,0,0,0,0,0,0,0
722,1,62,9,38,9,109,14,50,14,0.46,0.28,0.15,0.12,0.12,0.25,62,15,17.06,16.84,0.57,0.84,4.20,5.94,0.88,16.94,0.76,0.88,6.12,1.75,0.14,0.68,0.22,0.02,0.24
843,1,8,1,5,1,8,1,5,1,0.62,0.20,0.12,0.00,0.00,0.00,8,8,8,8,1.00,1.00,2.00,2.83,1.00,NaN,1.00,1.00,1.00,0.71,0.20,1.00,0.20,0.00,0.20
866,0,0,0,0,0,0,0,0,0,0,0,0,0,0,0,0,0,0,0,0,0,0,0,0,0,0,0,0,0,0,0,0,0,0
667,1,94,25,62,24,157,31,89,30,0.57,0.34,0.27,0.39,2.72,1.17,94,18,18.00,18.50,0.60,0.93,5.30,7.50,0.90,21.65,0.70,0.94,16.06,2.83,0.19,0.58,0.24,0.03,0.27
903,0,0,0,0,0,0,0,0,0,0,0,0,0,0,0,0,0,0,0,0,0,0,0,0,0,0,0,0,0,0,0,0,0,0
726,1,48,9,31,9,67,12,39,12,0.58,0.31,0.19,0.27,0.82,0.64,48,17,17.70,18.52,0.72,0.93,4.15,5.86,0.92,23.02,0.79,1.00,11.00,2.35,0.28,0.75,0.13,0.03,0.15
873,1,17,1,8,1,23,1,10,1,0.43,0.10,0.06,0.00,0.00,0.00,17,16,15.38,14.75,0.74,0.80,2.51,3.54,0.90,14.12,0.80,0.67,1.33,0.82,0.20,1.00,0.10,0.00,0.10
766,1,64,14,38,12,114,15,55,13,0.48,0.24,0.22,0.24,0.94,0.69,64,15,17.01,17.80,0.56,0.89,4.24,5.99,0.88,16.87,0.69,0.82,11.53,2.40,0.25,0.57,0.13,0.02,0.15
544,1,95,18,55,17,201,32,96,31,0.48,0.32,0.19,0.17,0.83,0.65,95,15,17.71,18.02,0.47,0.90,4.74,6.70,0.86,16.30,0.57,0.57,9.63,2.19,0.18,0.59,0.11,0.01,0.12
608,1,15,1,9,1,18,1,10,1,0.56,0.10,0.07,0.00,0.00,0.00,15,15,15,15,0.83,0.83,2.50,3.54,0.94,19.90,0.90,1.00,3.00,1.22,0.30,0.83,0.10,0.00,0.10
856,1,81,12,48,11,164,16,76,15,0.46,0.20,0.15,0.10,0.20,0.32,81,17,17.44,17.67,0.49,0.86,4.47,6.33,0.86,16.01,0.63,0.65,8.45,2.06,0.17,0.56,0.17,0.03,0.20
536,1,121,17,79,15,283,26,140,24,0.49,0.17,0.14,0.10,0.40,0.45,121,16,17.78,17.55,0.43,0.89,5.09,7.19,0.85,16.29,0.56,0.55,12.10,2.46,0.16,0.57,0.14,0.04,0.17
787,1,36,3,18,3,65,3,30,3,0.46,0.10,0.08,0.00,0.00,0.00,36,17,16.23,17.25,0.55,0.83,3.16,4.47,0.86,12.81,0.60,0.57,2.29,1.07,0.13,0.58,0.20,0.03,0.23
523,1,53,11,33,10,89,13,54,12,0.61,0.22,0.21,0.00,0.00,0.00,53,16,17.10,18.07,0.60,0.89,3.97,5.62,0.88,16.88,0.61,0.60,5.40,1.64,0.17,0.52,0.26,0.02,0.28
723,1,84,16,52,15,208,32,103,31,0.50,0.30,0.19,0.10,0.31,0.39,84,18,16.82,17.71,0.40,0.90,4.12,5.82,0.83,13.65,0.50,0.48,6.76,1.84,0.14,0.45,0.12,0.04,0.16
863,1,84,12,57,12,161,21,85,21,0.53,0.25,0.14,0.09,0.18,0.30,84,18,17.39,18.20,0.52,0.92,4.68,6.62,0.87,17.24,0.67,0.86,16.41,2.86,0.22,0.62,0.18,0.01,0.19
892,1,67,13,43,12,141,17,72,16,0.51,0.22,0.19,0.13,0.27,0.37,67,17,16.84,17.96,0.48,0.91,3.99,5.64,0.85,14.29,0.60,0.67,6.67,1.83,0.14,0.52,0.15,0.03,0.18
556,1,32,7,18,6,45,7,24,6,0.53,0.25,0.22,0.20,0.20,0.32,32,19,17.17,18.70,0.71,0.93,3.37,4.77,0.91,18.46,0.75,0.60,1.80,0.95,0.12,0.69,0.25,0.00,0.25
834,1,34,7,21,7,70,8,38,8,0.54,0.21,0.21,0.14,0.29,0.38,34,17,15.27,15.48,0.49,0.82,2.87,4.06,0.83,10.86,0.55,0.64,5.79,1.70,0.24,0.47,0.11,0.00,0.11
617,1,94,17,59,16,203,30,98,27,0.48,0.28,0.18,0.16,0.64,0.57,94,17,17.34,18.13,0.46,0.89,4.67,6.60,0.86,15.92,0.60,0.76,14.44,2.69,0.19,0.49,0.14,0.03,0.17
585,1,94,19,58,17,216,29,101,26,0.47,0.26,0.20,0.17,0.70,0.59,94,17,17.31,18.13,0.44,0.89,4.52,6.40,0.85,15.08,0.57,0.57,7.35,1.92,0.13,0.50,0.19,0.04,0.23
685,1,74,11,42,11,141,15,68,15,0.48,0.22,0.15,0.12,0.25,0.35,74,17,17.38,18.13,0.52,0.90,4.41,6.23,0.87,16.50,0.62,0.62,6.25,1.77,0.15,0.56,0.16,0.03,0.19
833,1,96,16,57,16,185,21,85,21,0.46,0.25,0.17,0.17,0.70,0.59,96,17,17.54,17.92,0.52,0.91,4.99,7.06,0.87,18.04,0.67,0.74,12.57,2.51,0.20,0.63,0.14,0.04,0.18
836,1,74,12,45,11,135,14,63,13,0.47,0.21,0.16,0.07,0.07,0.18,74,18,17.83,17.89,0.55,0.88,4.50,6.37,0.88,17.38,0.71,0.73,8.07,2.01,0.17,0.61,0.17,0.08,0.25
830,1,61,8,34,6,112,11,58,9,0.52,0.16,0.13,0.00,0.00,0.00,61,18,17.12,17.35,0.54,0.89,4.08,5.76,0.87,15.91,0.59,0.67,5.33,1.63,0.14,0.59,0.16,0.02,0.17
737,1,36,3,20,3,51,3,24,3,0.47,0.12,0.08,0.00,0.00,0.00,36,17,17.16,17.04,0.71,0.85,3.56,5.04,0.91,19.28,0.83,1.00,7.00,1.87,0.29,0.67,0.12,0.08,0.21
858,1,82,13,52,12,178,17,91,16,0.51,0.18,0.16,0.04,0.04,0.14,82,16,17.52,18.37,0.46,0.91,4.35,6.15,0.85,15.05,0.57,0.42,4.65,1.53,0.12,0.55,0.16,0.04,0.21
670,1,111,19,71,17,284,27,130,22,0.46,0.17,0.17,0.14,0.57,0.53,111,17,17.21,17.62,0.39,0.88,4.66,6.59,0.83,14.75,0.55,0.75,15.75,2.81,0.16,0.47,0.15,0.03,0.18
916,1,67,8,43,8,121,11,69,11,0.57,0.16,0.12,0.00,0.00,0.00,67,19,17.92,18.31,0.55,0.94,4.31,6.09,0.88,16.90,0.62,0.62,4.92,1.57,0.12,0.56,0.20,0.04,0.25
702,1,84,11,48,10,208,19,100,18,0.48,0.18,0.13,0.17,0.50,0.50,84,13,17.31,17.66,0.40,0.86,4.12,5.82,0.83,13.65,0.48,0.78,10.89,2.33,0.14,0.39,0.12,0.03,0.15
577,1,43,7,24,6,63,8,32,7,0.51,0.22,0.16,0.22,0.44,0.47,43,18,17.25,18.20,0.68,0.92,3.83,5.42,0.91,19.52,0.75,1.00,9.00,2.12,0.28,0.56,0.16,0.03,0.19
631,1,32,5,21,5,51,6,31,6,0.61,0.19,0.16,0.00,0.00,0.00,32,17,16.54,16.75,0.63,0.80,3.17,4.48,0.88,14.40,0.68,0.67,1.33,0.82,0.06,0.56,0.29,0.00,0.29
810,1,52,13,31,12,70,14,37,13,0.53,0.35,0.25,0.10,0.10,0.22,52,18,18.22,17.79,0.74,0.85,4.39,6.22,0.93,26.37,0.84,0.90,8.10,2.01,0.24,0.79,0.19,0.00,0.19
851,1,43,9,27,9,85,12,47,12,0.55,0.26,0.21,0.20,0.40,0.45,43,13,16.35,16.97,0.51,0.84,3.30,4.66,0.85,12.58,0.57,0.60,3.60,1.34,0.13,0.56,0.13,0.00,0.13
880,1,115,20,77,20,224,25,114,25,0.51,0.22,0.17,0.08,0.16,0.28,115,17,17.90,17.97,0.51,0.89,5.43,7.68,0.88,19.08,0.68,0.60,9.00,2.12,0.13,0.73,0.15,0.06,0.21
778,1,87,15,53,14,200,23,101,22,0.51,0.22,0.17,0.19,0.76,0.62,87,17,17.09,17.42,0.43,0.89,4.35,6.15,0.84,14.65,0.52,0.71,10.71,2.31,0.15,0.50,0.11,0.03,0.14
798,1,100,20,62,17,193,23,96,20,0.50,0.21,0.20,0.19,0.93,0.68,100,16,17.70,18.00,0.52,0.90,5.09,7.20,0.88,18.29,0.65,0.78,16.33,2.86,0.22,0.48,0.16,0.03,0.19
747,1,20,3,14,3,27,3,16,3,0.59,0.19,0.15,0.00,0.00,0.00,20,16,15.66,15.49,0.74,0.80,2.72,3.85,0.91,15.72,0.88,1.00,2.00,1.00,0.12,0.78,0.31,0.00,0.31
598,1,71,14,45,14,138,26,72,26,0.52,0.36,0.20,0.12,0.25,0.35,71,15,17.49,18.34,0.51,0.90,4.27,6.04,0.87,15.87,0.62,0.75,9.00,2.12,0.17,0.53,0.17,0.03,0.19
593,1,79,14,48,12,134,15,68,13,0.51,0.19,0.18,0.15,0.31,0.39,79,19,17.79,17.25,0.59,0.88,4.83,6.82,0.89,19.72,0.71,0.92,11.08,2.35,0.18,0.65,0.15,0.00,0.15
920,1,58,15,39,15,92,20,52,20,0.57,0.38,0.26,0.29,1.14,0.76,58,19,17.23,17.93,0.63,0.90,4.28,6.05,0.90,19.25,0.75,0.93,12.07,2.46,0.25,0.64,0.21,0.02,0.23
534,1,62,9,36,9,143,20,72,20,0.50,0.28,0.15,0.12,0.25,0.35,62,17,16.64,17.00,0.43,0.85,3.67,5.18,0.83,12.80,0.50,0.62,6.25,1.77,0.14,0.44,0.11,0.03,0.14
898,1,49,5,24,5,115,10,53,10,0.46,0.19,0.10,0.07,0.07,0.19,49,18,16.54,16.80,0.43,0.89,3.23,4.57,0.82,11.46,0.45,0.64,5.79,1.70,0.17,0.33,0.09,0.00,0.09
637,1,56,11,37,11,98,17,56,17,0.57,0.30,0.20,0.07,0.07,0.19,56,17,17.00,18.40,0.57,0.88,4.00,5.66,0.88,16.31,0.66,0.57,4.57,1.51,0.14,0.64,0.21,0.02,0.23
620,1,49,10,30,9,90,17,45,16,0.50,0.36,0.20,0.11,0.11,0.24,49,18,16.21,16.99,0.54,0.86,3.65,5.17,0.86,14.46,0.67,0.89,7.11,1.89,0.18,0.57,0.16,0.07,0.22
727,1,43,7,27,7,78,10,44,10,0.56,0.23,0.16,0.33,0.67,0.58,43,13,16.54,17.81,0.55,0.85,3.44,4.87,0.86,13.84,0.61,0.83,4.17,1.44,0.11,0.56,0.18,0.02,0.20
501,1,78,19,46,16,139,23,64,20,0.46,0.31,0.24,0.20,0.60,0.55,78,18,17.74,18.11,0.56,0.93,4.68,6.62,0.88,18.30,0.72,0.80,9.60,2.19,0.19,0.67,0.17,0.03,0.20
671,1,41,4,22,4,69,4,34,4,0.49,0.12,0.10,0.00,0.00,0.00,41,16,16.54,16.07,0.59,0.82,3.49,4.94,0.88,14.96,0.65,0.67,4.00,1.41,0.18,0.63,0.15,0.00,0.15
767,1,43,4,21,4,86,7,39,7,0.45,0.18,0.09,0.00,0.00,0.00,43,15,16.19,15.49,0.50,0.76,3.28,4.64,0.84,12.43,0.54,0.43,1.29,0.80,0.08,0.47,0.15,0.08,0.23
601,1,52,7,30,7,83,7,39,7,0.47,0.18,0.13,0.08,0.08,0.20,52,17,17.29,17.55,0.63,0.85,4.04,5.71,0.89,18.14,0.77,0.69,6.23,1.77,0.23,0.72,0.18,0.03,0.21
780,1,96,15,58,14,176,27,83,26,0.47,0.31,0.16,0.11,0.21,0.32,96,19,17.68,18.36,0.55,0.90,5.12,7.24,0.88,19.15,0.70,0.89,15.21,2.76,0.20,0.65,0.20,0.04,0.24
864,1,62,10,39,10,113,10,50,10,0.44,0.20,0.16,0.07,0.07,0.18,62,17,16.85,17.24,0.55,0.86,4.12,5.83,0.87,16.17,0.78,0.87,11.27,2.37,0.26,0.65,0.22,0.06,0.28
693,1,101,20,67,18,206,25,108,23,0.52,0.21,0.20,0.05,0.05,0.16,101,16,17.14,18.08,0.49,0.89,4.98,7.04,0.87,17.30,0.62,0.85,14.45,2.69,0.16,0.57,0.14,0.04,0.18
744,1,76,10,44,10,153,14,82,14,0.54,0.17,0.13,0.08,0.15,0.28,76,17,17.41,17.90,0.50,0.88,4.34,6.14,0.86,15.71,0.54,0.62,9.85,2.22,0.20,0.53,0.11,0.05,0.16
508,1,49,7,28,6,85,10,44,8,0.52,0.18,0.14,0.00,0.00,0.00,49,19,17.44,18.16,0.58,0.90,3.76,5.31,0.88,15.56,0.64,0.78,5.44,1.65,0.16,0.50,0.18,0.05,0.23
815,1,71,11,41,11,149,17,68,17,0.46,0.25,0.15,0.17,0.50,0.50,71,16,17.36,17.82,0.48,0.89,4.11,5.82,0.85,14.67,0.60,0.78,10.89,2.33,0.21,0.58,0.13,0.03,0.16
629,0,0,0,0,0,0,0,0,0,0,0,0,0,0,0,0,0,0,0,0,0,0,0,0,0,0,0,0,0,0,0,0,0,0
867,1,107,13,57,12,225,16,99,15,0.44,0.15,0.12,0.11,0.21,0.32,107,17,17.58,17.51,0.48,0.86,5.04,7.13,0.86,17.14,0.58,0.74,10.32,2.27,0.14,0.48,0.18,0.03,0.21
893,1,85,13,54,13,199,17,100,17,0.50,0.17,0.15,0.09,0.28,0.38,85,17,17.17,17.92,0.43,0.91,4.26,6.03,0.84,14.30,0.54,0.53,9.03,2.12,0.17,0.53,0.10,0.03,0.13
535,1,89,10,53,10,204,16,104,16,0.51,0.15,0.11,0.00,0.00,0.00,89,13,17.38,17.30,0.44,0.86,4.41,6.23,0.84,14.81,0.51,0.55,8.83,2.10,0.15,0.52,0.12,0.02,0.13
573,1,46,7,25,7,92,10,48,10,0.52,0.21,0.15,0.10,0.10,0.22,46,17,16.29,17.27,0.50,0.88,3.39,4.80,0.85,12.81,0.52,0.60,3.60,1.34,0.12,0.48,0.19,0.00,0.19
539,1,84,8,52,8,128,9,68,9,0.53,0.13,0.10,0.12,0.24,0.34,84,18,18.63,18.53,0.66,0.91,5.25,7.42,0.91,24.27,0.76,0.94,15.06,2.74,0.24,0.67,0.12,0.06,0.18
728,1,52,6,30,6,96,9,53,9,0.55,0.17,0.12,0.09,0.09,0.21,52,19,17.35,17.87,0.54,0.93,3.75,5.31,0.87,14.76,0.57,0.64,4.45,1.49,0.13,0.48,0.11,0.08,0.19
771,1,47,9,29,9,100,13,53,13,0.53,0.25,0.19,0.08,0.08,0.20,47,16,16.52,15.80,0.47,0.81,3.32,4.70,0.84,12.20,0.55,0.62,4.92,1.57,0.15,0.46,0.17,0.00,0.17
857,1,87,16,56,16,147,17,73,17,0.50,0.23,0.18,0.12,0.24,0.34,87,17,17.96,18.35,0.59,0.93,5.07,7.18,0.89,20.62,0.77,0.82,11.53,2.40,0.19,0.67,0.25,0.01,0.26
859,1,28,3,13,3,39,4,18,4,0.46,0.22,0.11,0.17,0.17,0.29,28,17,16.71,17.00,0.72,0.85,3.17,4.48,0.91,17.59,0.72,0.67,2.67,1.15,0.22,0.70,0.11,0.00,0.11
895,1,39,5,21,5,61,7,27,7,0.44,0.26,0.13,0.00,0.00,0.00,39,17,16.70,17.52,0.64,0.88,3.53,4.99,0.89,16.41,0.78,1.00,5.00,1.58,0.19,0.67,0.22,0.04,0.26
584,0,0,0,0,0,0,0,0,0,0,0,0,0,0,0,0,0,0,0,0,0,0,0,0,0,0,0,0,0,0,0,0,0,0
788,1,33,1,16,1,51,1,24,1,0.47,0.04,0.03,0.00,0.00,0.00,33,19,16.68,17.44,0.65,0.93,3.27,4.62,0.89,15.42,0.67,0.75,2.25,1.06,0.12,0.50,0.21,0.04,0.25
600,1,54,8,31,8,91,9,42,9,0.46,0.21,0.15,0.33,0.33,0.41,54,18,17.13,17.79,0.59,0.89,4.00,5.66,0.88,16.93,0.74,1.00,3.00,1.22,0.07,0.71,0.14,0.02,0.17
708,0,0,0,0,0,0,0,0,0,0,0,0,0,0,0,0,0,0,0,0,0,0,0,0,0,0,0,0,0,0,0,0,0,0
743,1,33,2,17,2,40,2,19,2,0.47,0.11,0.06,0.17,0.17,0.29,33,18,18.06,18.20,0.82,0.93,3.69,5.22,0.95,30.72,0.89,1.00,6.00,1.73,0.32,0.82,0.05,0.05,0.11
841,1,85,16,53,15,164,20,71,19,0.43,0.27,0.19,0.12,0.24,0.34,85,17,17.29,18.37,0.52,0.91,4.69,6.64,0.87,17.19,0.75,0.82,11.53,2.40,0.20,0.65,0.20,0.04,0.24
792,1,75,9,47,8,152,10,74,9,0.49,0.12,0.12,0.15,0.31,0.39,75,17,16.71,16.84,0.49,0.86,4.30,6.08,0.86,15.52,0.64,0.69,6.23,1.77,0.12,0.47,0.22,0.05,0.27
729,1,51,11,28,10,75,14,35,13,0.47,0.37,0.22,0.29,0.57,0.53,51,20,17.81,18.85,0.68,0.90,4.16,5.89,0.91,20.99,0.80,0.71,3.57,1.34,0.14,0.83,0.23,0.00,0.23
515,1,40,9,25,8,61,14,36,13,0.59,0.36,0.23,0.14,0.14,0.27,40,17,17.14,17.36,0.66,0.87,3.62,5.12,0.90,17.39,0.69,0.71,3.57,1.34,0.14,0.76,0.19,0.03,0.22
603,0,0,0,0,0,0,0,0,0,0,0,0,0,0,0,0,0,0,0,0,0,0,0,0,0,0,0,0,0,0,0,0,0,0
770,1,72,14,45,13,137,21,72,20,0.53,0.28,0.19,0.20,0.60,0.55,72,18,17.50,18.25,0.53,0.90,4.35,6.15,0.87,16.34,0.62,0.67,6.67,1.83,0.14,0.58,0.22,0.00,0.22
618,1,82,14,48,13,190,19,97,18,0.51,0.19,0.17,0.04,0.04,0.14,82,17,17.06,17.73,0.43,0.87,4.21,5.95,0.84,14.23,0.49,0.56,8.33,2.04,0.15,0.44,0.09,0.04,0.13
568,1,99,16,59,16,199,22,88,22,0.44,0.25,0.16,0.18,0.36,0.43,99,18,17.69,18.36,0.50,0.91,4.96,7.02,0.87,17.43,0.67,1.00,11.00,2.35,0.12,0.62,0.15,0.07,0.22
607,1,50,12,31,11,85,14,46,13,0.54,0.28,0.24,0.33,1.00,0.71,50,17,16.87,17.21,0.59,0.84,3.83,5.42,0.88,16.15,0.67,0.78,5.44,1.65,0.15,0.58,0.20,0.02,0.22
686,1,63,12,38,11,110,15,58,14,0.53,0.24,0.19,0.08,0.08,0.20,63,18,17.54,17.47,0.57,0.88,4.25,6.01,0.88,17.22,0.66,0.75,6.75,1.84,0.16,0.54,0.24,0.05,0.29
586,1,93,22,62,21,189,33,106,31,0.56,0.29,0.24,0.10,0.19,0.31,93,17,17.54,17.83,0.49,0.89,4.78,6.76,0.86,16.83,0.58,0.76,12.19,2.47,0.15,0.53,0.13,0.03,0.16
765,0,0,0,0,0,0,0,0,0,0,0,0,0,0,0,0,0,0,0,0,0,0,0,0,0,0,0,0,0,0,0,0,0,0
713,1,86,16,52,14,158,19,76,16,0.48,0.21,0.19,0.11,0.22,0.33,86,18,17.60,17.88,0.54,0.88,4.84,6.84,0.88,18.30,0.68,0.78,10.89,2.33,0.18,0.55,0.17,0.05,0.22
613,1,115,26,75,25,248,39,126,36,0.51,0.29,0.23,0.15,0.76,0.62,115,16,17.73,17.66,0.46,0.88,5.16,7.30,0.86,17.18,0.60,0.67,14.67,2.71,0.17,0.60,0.13,0.05,0.18
666,1,42,5,22,4,87,5,40,4,0.46,0.10,0.12,0.00,0.00,0.00,42,17,15.93,16.68,0.48,0.75,3.18,4.50,0.84,11.89,0.55,0.75,4.50,1.50,0.15,0.46,0.15,0.03,0.17
717,1,29,5,17,5,47,5,26,5,0.55,0.19,0.17,0.14,0.14,0.27,29,17,15.82,16.60,0.62,0.80,2.99,4.23,0.87,13.33,0.65,0.71,3.57,1.34,0.19,0.50,0.15,0.04,0.19
911,1,48,8,30,8,86,12,47,12,0.55,0.26,0.17,0.00,0.00,0.00,48,17,16.49,16.90,0.56,0.88,3.66,5.18,0.87,14.78,0.64,0.62,3.12,1.25,0.11,0.61,0.15,0.02,0.17
872,1,65,4,44,4,91,5,57,5,0.63,0.09,0.06,0.00,0.00,0.00,65,17,18.28,17.58,0.71,0.89,4.82,6.81,0.93,26.26,0.77,0.89,7.11,1.89,0.14,0.70,0.23,0.09,0.32
808,1,71,6,40,6,227,7,81,7,0.36,0.09,0.08,0.07,0.14,0.26,71,17,16.34,17.27,0.31,0.86,3.33,4.71,0.79,11.00,0.49,0.41,4.97,1.58,0.15,0.46,0.12,0.04,0.16
832,0,0,0,0,0,0,0,0,0,0,0,0,0,0,0,0,0,0,0,0,0,0,0,0,0,0,0,0,0,0,0,0,0,0
875,1,100,14,60,12,184,17,83,15,0.45,0.18,0.14,0.08,0.17,0.29,100,17,17.91,18.30,0.54,0.93,5.21,7.37,0.88,19.37,0.72,0.83,16.67,2.89,0.24,0.61,0.19,0.02,0.22
829,1,56,10,31,10,98,14,44,14,0.45,0.32,0.18,0.14,0.14,0.27,56,16,17.24,18.39,0.57,0.91,4.00,5.66,0.88,16.31,0.70,0.86,5.14,1.60,0.14,0.65,0.18,0.05,0.23
827,1,74,12,43,10,139,13,68,11,0.49,0.16,0.16,0.12,0.24,0.34,74,18,17.84,18.30,0.53,0.92,4.44,6.28,0.87,16.77,0.63,0.53,4.76,1.54,0.13,0.57,0.19,0.01,0.21
718,1,39,5,23,5,58,5,30,5,0.52,0.17,0.13,0.00,0.00,0.00,39,15,17.00,17.47,0.67,0.82,3.62,5.12,0.90,18.04,0.77,1.00,4.00,1.41,0.13,0.69,0.23,0.07,0.30
725,1,96,13,60,13,223,19,107,19,0.48,0.18,0.14,0.05,0.05,0.15,96,17,17.46,18.03,0.43,0.90,4.55,6.43,0.84,15.07,0.56,0.64,8.91,2.11,0.13,0.52,0.14,0.07,0.21
575,1,29,7,15,6,40,8,17,7,0.42,0.41,0.24,0.25,0.25,0.35,29,18,16.69,16.00,0.72,0.85,3.24,4.59,0.91,18.38,0.88,0.75,2.25,1.06,0.18,1.00,0.35,0.12,0.47
507,1,33,3,20,3,53,3,26,3,0.49,0.12,0.09,0.00,0.00,0.00,33,16,15.86,16.83,0.62,0.85,3.21,4.53,0.88,14.45,0.77,1.00,6.00,1.73,0.23,0.60,0.15,0.04,0.19
714,1,53,8,33,8,112,12,53,12,0.47,0.23,0.15,0.17,0.33,0.41,53,16,16.85,18.09,0.47,0.92,3.54,5.01,0.84,12.92,0.62,0.75,6.75,1.84,0.17,0.56,0.17,0.00,0.17
614,1,69,14,37,13,120,16,56,15,0.47,0.27,0.20,0.20,0.60,0.55,69,18,17.62,17.99,0.57,0.92,4.45,6.30,0.88,17.99,0.66,0.67,6.67,1.83,0.18,0.60,0.18,0.00,0.18
684,1,43,11,29,11,102,13,52,13,0.51,0.25,0.26,0.21,0.64,0.57,43,16,15.09,15.84,0.42,0.75,3.01,4.26,0.81,10.75,0.56,0.57,4.57,1.51,0.15,0.43,0.23,0.02,0.25
606,1,50,9,32,8,85,12,45,9,0.53,0.20,0.18,0.12,0.25,0.35,50,15,16.75,17.08,0.59,0.88,3.83,5.42,0.88,16.15,0.71,0.62,6.25,1.77,0.22,0.68,0.16,0.00,0.16
879,1,62,9,36,8,92,10,49,9,0.53,0.18,0.15,0.09,0.09,0.21,62,14,17.52,17.69,0.67,0.86,4.57,6.46,0.91,22.50,0.73,0.73,5.82,1.71,0.16,0.68,0.20,0.04,0.24
869,1,89,13,57,12,199,14,89,13,0.45,0.15,0.15,0.21,0.84,0.65,89,17,17.39,17.71,0.45,0.90,4.46,6.31,0.85,15.12,0.64,0.89,15.21,2.76,0.19,0.51,0.16,0.02,0.18
597,1,68,9,34,8,111,10,47,9,0.42,0.19,0.13,0.15,0.31,0.39,68,20,17.77,18.35,0.61,0.93,4.56,6.45,0.90,19.66,0.72,0.69,6.23,1.77,0.19,0.67,0.26,0.04,0.30
769,1,58,11,37,11,104,15,58,15,0.56,0.26,0.19,0.00,0.00,0.00,58,17,17.01,17.49,0.56,0.85,4.02,5.69,0.87,16.04,0.64,0.73,5.82,1.71,0.14,0.64,0.17,0.05,0.22
680,1,46,8,25,6,75,11,36,8,0.48,0.22,0.17,0.00,0.00,0.00,46,19,17.40,17.95,0.61,0.93,3.76,5.31,0.89,16.56,0.69,0.67,2.67,1.15,0.11,0.57,0.25,0.00,0.25
512,1,90,13,55,13,191,23,90,23,0.47,0.26,0.14,0.04,0.04,0.14,90,17,17.48,17.87,0.47,0.89,4.60,6.51,0.86,15.92,0.61,0.58,8.65,2.08,0.17,0.62,0.14,0.02,0.17
716,1,72,17,39,16,140,20,69,18,0.49,0.26,0.24,0.18,0.89,0.67,72,18,17.42,18.29,0.51,0.91,4.30,6.09,0.87,15.95,0.57,0.50,7.00,1.87,0.20,0.52,0.13,0.03,0.16
777,1,102,20,66,20,193,29,97,29,0.50,0.30,0.20,0.11,0.22,0.33,102,16,17.60,17.47,0.53,0.87,5.19,7.34,0.88,18.86,0.68,0.89,14.22,2.67,0.16,0.66,0.14,0.05,0.20
837,1,54,8,33,8,100,11,54,11,0.54,0.20,0.15,0.08,0.08,0.20,54,17,17.06,17.62,0.54,0.88,3.82,5.40,0.87,14.95,0.61,0.75,6.75,1.84,0.17,0.57,0.15,0.04,0.19
825,0,0,0,0,0,0,0,0,0,0,0,0,0,0,0,0,0,0,0,0,0,0,0,0,0,0,0,0,0,0,0,0,0,0
835,1,54,8,32,8,93,8,40,8,0.43,0.20,0.15,0.00,0.00,0.00,54,17,16.66,16.43,0.58,0.83,3.96,5.60,0.88,16.41,0.80,1.00,9.00,2.12,0.23,0.67,0.17,0.05,0.23
696,1,56,10,34,9,108,18,56,17,0.52,0.30,0.18,0.09,0.09,0.21,56,14,16.17,16.25,0.52,0.81,3.81,5.39,0.86,14.50,0.61,0.91,9.09,2.13,0.18,0.45,0.18,0.02,0.20
751,1,49,10,25,8,89,14,41,11,0.46,0.27,0.20,0.12,0.12,0.25,49,16,17.00,18.22,0.55,0.91,3.67,5.19,0.87,14.66,0.61,0.62,3.12,1.25,0.12,0.58,0.10,0.02,0.12
548,1,65,14,37,12,149,17,72,15,0.48,0.21,0.22,0.07,0.07,0.18,65,17,16.84,17.86,0.44,0.91,3.77,5.33,0.83,13.11,0.51,0.47,3.27,1.28,0.10,0.42,0.18,0.04,0.22
805,0,0,0,0,0,0,0,0,0,0,0,0,0,0,0,0,0,0,0,0,0,0,0,0,0,0,0,0,0,0,0,0,0,0
624,1,50,6,27,6,81,7,40,7,0.49,0.17,0.12,0.00,0.00,0.00,50,15,16.85,17.64,0.62,0.85,3.93,5.56,0.89,17.38,0.68,0.62,3.12,1.25,0.12,0.67,0.12,0.03,0.15
915,0,0,0,0,0,0,0,0,0,0,0,0,0,0,0,0,0,0,0,0,0,0,0,0,0,0,0,0,0,0,0,0,0,0
559,1,67,11,37,9,138,13,58,10,0.42,0.17,0.16,0.06,0.06,0.17,67,15,16.96,17.40,0.49,0.85,4.03,5.70,0.85,14.59,0.64,0.78,10.89,2.33,0.24,0.52,0.17,0.00,0.17
663,1,60,10,37,10,107,11,51,11,0.48,0.22,0.17,0.14,0.14,0.27,60,16,16.34,16.83,0.56,0.84,4.10,5.80,0.88,16.39,0.73,0.86,5.14,1.60,0.12,0.63,0.27,0.00,0.27
506,1,45,8,27,7,77,9,39,8,0.51,0.21,0.18,0.09,0.09,0.21,45,17,16.52,16.17,0.58,0.78,3.63,5.13,0.88,15.26,0.69,0.73,5.82,1.71,0.21,0.58,0.18,0.03,0.21
543,1,63,10,39,10,113,13,59,13,0.52,0.22,0.16,0.29,0.57,0.53,63,17,17.12,17.91,0.56,0.92,4.19,5.93,0.88,16.61,0.66,1.00,7.00,1.87,0.12,0.57,0.15,0.07,0.22
789,1,125,21,81,18,275,30,133,27,0.48,0.20,0.17,0.11,0.33,0.41,125,17,17.54,17.74,0.45,0.89,5.33,7.54,0.86,17.38,0.61,0.89,21.33,3.27,0.18,0.53,0.12,0.02,0.14
621,1,75,13,46,13,137,18,74,17,0.54,0.23,0.17,0.11,0.22,0.33,75,16,17.61,17.91,0.55,0.88,4.53,6.41,0.88,17.45,0.62,0.72,9.39,2.17,0.18,0.60,0.19,0.04,0.23
572,1,49,5,26,5,78,6,37,6,0.47,0.16,0.10,0.12,0.12,0.25,49,16,17.21,18.56,0.63,0.88,3.92,5.55,0.89,17.73,0.70,0.88,6.12,1.75,0.19,0.62,0.19,0.00,0.19