subjectcode,sentences,wordtypes,swordtypes,lextypes,slextypes,wordtokens,swordtokens,lextokens,slextokens,ld,ls1,ls2,vs1,vs2,cvs1,ndw,ndwz,ndwerz,ndwesz,ttr,msttr,cttr,rttr,logttr,uber,lv,vv1,svv1,cvv1,vv2,nv,adjv,advv,modv
741,1,56,4,30,4,116,8,54,8,0.47,0.15,0.07,0.07,0.07,0.19,56,17,16.20,16.65,0.48,0.83,3.68,5.20,0.85,13.48,0.56,0.57,4.57,1.51,0.15,0.54,0.19,0.00,0.19
646,1,56,8,33,8,107,10,54,10,0.50,0.19,0.14,0.00,0.00,0.00,56,17,16.59,16.63,0.52,0.86,3.83,5.41,0.86,14.65,0.61,0.73,8.07,2.01,0.20,0.59,0.09,0.06,0.15
546,1,39,3,23,3,49,3,25,3,0.51,0.12,0.08,0.17,0.17,0.29,39,15,17.93,18.52,0.80,0.88,3.94,5.57,0.94,28.82,0.92,1.00,6.00,1.73,0.24,0.86,0.20,0.00,0.20
504,1,56,7,30,6,95,9,46,8,0.48,0.17,0.12,0.09,0.09,0.21,56,19,17.04,16.63,0.59,0.81,4.06,5.75,0.88,17.04,0.65,0.91,9.09,2.13,0.22,0.52,0.13,0.00,0.13
634,1,54,2,36,2,100,4,52,4,0.52,0.08,0.04,0.00,0.00,0.00,54,16,16.07,16.14,0.54,0.82,3.82,5.40,0.87,14.95,0.69,0.77,7.69,1.96,0.19,0.62,0.17,0.02,0.19
630,1,61,8,36,7,110,20,53,18,0.48,0.34,0.13,0.07,0.07,0.18,61,18,17.09,16.81,0.55,0.84,4.11,5.82,0.87,16.27,0.68,0.87,11.27,2.37,0.25,0.67,0.08,0.02,0.09
648,1,48,8,29,7,91,11,43,10,0.47,0.23,0.17,0.17,0.17,0.29,48,16,15.53,16.15,0.53,0.81,3.56,5.03,0.86,13.82,0.67,1.00,6.00,1.73,0.14,0.56,0.19,0.02,0.21
921,1,58,6,36,6,108,8,54,8,0.50,0.15,0.10,0.00,0.00,0.00,58,17,16.50,17.19,0.54,0.86,3.95,5.58,0.87,15.31,0.67,0.78,10.89,2.33,0.26,0.54,0.09,0.09,0.19
589,1,50,2,26,2,100,5,44,5,0.44,0.11,0.04,0.00,0.00,0.00,50,13,15.67,15.67,0.50,0.75,3.54,5.00,0.85,13.29,0.59,0.78,5.44,1.65,0.16,0.48,0.11,0.05,0.16
705,1,45,4,26,4,81,6,38,6,0.47,0.16,0.09,0.00,0.00,0.00,45,16,16.36,16.80,0.56,0.78,3.54,5.00,0.87,14.27,0.68,0.67,2.67,1.15,0.11,0.64,0.21,0.00,0.21
564,1,48,8,27,8,116,13,58,13,0.50,0.22,0.17,0.08,0.08,0.20,48,18,15.79,16.24,0.41,0.81,3.15,4.46,0.81,11.12,0.47,0.67,5.33,1.63,0.14,0.38,0.14,0.02,0.16
904,0,0,0,0,0,0,0,0,0,0,0,0,0,0,0,0,0,0,0,0,0,0,0,0,0,0,0,0,0,0,0,0,0,0
664,1,59,3,31,2,138,3,63,2,0.46,0.03,0.05,0.00,0.00,0.00,59,17,16.46,16.29,0.43,0.81,3.55,5.02,0.83,12.41,0.49,0.67,6.67,1.83,0.16,0.44,0.08,0.02,0.10
750,1,50,7,28,6,109,8,48,7,0.44,0.15,0.14,0.15,0.31,0.39,50,15,15.45,16.18,0.46,0.80,3.39,4.79,0.83,12.26,0.58,0.77,7.69,1.96,0.21,0.41,0.17,0.04,0.21
839,1,54,8,30,8,120,10,50,10,0.42,0.20,0.15,0.40,1.60,0.89,54,20,15.69,15.75,0.45,0.82,3.49,4.93,0.83,12.47,0.60,0.90,8.10,2.01,0.18,0.61,0.14,0.02,0.16
883,1,31,4,19,4,53,5,28,5,0.53,0.18,0.13,0.00,0.00,0.00,31,17,15.50,16.27,0.58,0.88,3.01,4.26,0.86,12.76,0.68,1.00,5.00,1.58,0.18,0.53,0.14,0.04,0.18
640,1,69,11,42,11,103,12,55,12,0.53,0.22,0.16,0.24,0.94,0.69,69,18,17.87,18.73,0.67,0.91,4.81,6.80,0.91,23.29,0.76,1.00,17.00,2.92,0.31,0.72,0.13,0.02,0.15
853,1,49,7,31,7,87,7,41,7,0.47,0.17,0.14,0.00,0.00,0.00,49,16,16.36,16.52,0.56,0.83,3.71,5.25,0.87,15.09,0.76,1.00,9.00,2.12,0.22,0.65,0.12,0.00,0.12
526,1,59,10,37,10,112,18,57,18,0.51,0.32,0.17,0.12,0.25,0.35,59,16,16.35,16.98,0.53,0.85,3.94,5.57,0.86,15.09,0.65,0.81,10.56,2.30,0.23,0.53,0.09,0.07,0.16
699,1,49,4,31,4,84,5,46,5,0.55,0.11,0.08,0.09,0.09,0.21,49,18,16.88,17.59,0.58,0.91,3.78,5.35,0.88,15.82,0.67,0.73,5.82,1.71,0.17,0.61,0.13,0.00,0.13
636,1,45,2,27,2,77,4,40,4,0.52,0.10,0.04,0.00,0.00,0.00,45,15,16.46,17.67,0.58,0.85,3.63,5.13,0.88,15.26,0.68,1.00,9.00,2.12,0.23,0.57,0.15,0.00,0.15
919,1,69,6,41,5,153,9,75,8,0.49,0.11,0.09,0.16,0.47,0.49,69,19,16.95,17.34,0.45,0.88,3.94,5.58,0.84,13.80,0.55,0.58,6.37,1.78,0.15,0.44,0.16,0.03,0.19
587,1,54,9,30,8,132,13,60,12,0.45,0.20,0.17,0.25,0.75,0.61,54,18,15.30,15.58,0.41,0.79,3.32,4.70,0.82,11.58,0.50,0.75,6.75,1.84,0.15,0.46,0.10,0.02,0.12
662,1,30,11,17,11,43,16,23,16,0.53,0.70,0.37,0.40,0.80,0.63,30,17,16.78,17.48,0.70,0.88,3.23,4.57,0.90,17.07,0.74,1.00,5.00,1.58,0.22,0.77,0.09,0.04,0.13
888,1,65,7,39,7,131,9,63,9,0.48,0.14,0.11,0.12,0.24,0.34,65,16,16.89,17.21,0.50,0.88,4.02,5.68,0.86,14.73,0.62,0.71,8.47,2.06,0.19,0.53,0.14,0.02,0.16
642,0,0,0,0,0,0,0,0,0,0,0,0,0,0,0,0,0,0,0,0,0,0,0,0,0,0,0,0,0,0,0,0,0,0
703,1,59,3,30,3,125,4,60,4,0.48,0.07,0.05,0.08,0.08,0.20,59,19,16.81,17.18,0.47,0.91,3.73,5.28,0.84,13.49,0.50,0.75,6.75,1.84,0.15,0.42,0.08,0.03,0.12
517,1,48,6,28,6,80,9,38,9,0.47,0.24,0.12,0.12,0.12,0.25,48,20,17.15,17.24,0.60,0.89,3.79,5.37,0.88,16.33,0.74,1.00,8.00,2.00,0.21,0.65,0.24,0.00,0.24
592,1,39,2,21,2,62,2,27,2,0.44,0.07,0.05,0.17,0.17,0.29,39,15,16.15,16.17,0.63,0.78,3.50,4.95,0.89,15.96,0.78,0.83,4.17,1.44,0.19,0.62,0.26,0.04,0.30
651,1,79,19,56,19,122,24,75,24,0.61,0.32,0.24,0.06,0.06,0.17,79,18,18.07,18.44,0.65,0.91,5.06,7.15,0.91,23.06,0.75,0.88,13.24,2.57,0.20,0.65,0.21,0.05,0.27
545,1,34,2,19,2,63,3,28,3,0.44,0.11,0.06,0.00,0.00,0.00,34,17,15.70,16.40,0.54,0.83,3.03,4.28,0.85,12.09,0.68,0.80,3.20,1.26,0.14,0.56,0.18,0.04,0.21
661,0,0,0,0,0,0,0,0,0,0,0,0,0,0,0,0,0,0,0,0,0,0,0,0,0,0,0,0,0,0,0,0,0,0
610,1,52,5,28,4,134,7,58,6,0.43,0.10,0.10,0.18,0.36,0.43,52,14,15.32,15.91,0.39,0.77,3.18,4.49,0.81,11.01,0.48,0.73,5.82,1.71,0.14,0.42,0.17,0.00,0.17
654,0,0,0,0,0,0,0,0,0,0,0,0,0,0,0,0,0,0,0,0,0,0,0,0,0,0,0,0,0,0,0,0,0,0
794,1,66,11,39,8,119,15,64,12,0.54,0.19,0.17,0.08,0.08,0.20,66,19,16.79,16.00,0.55,0.84,4.28,6.05,0.88,16.83,0.61,0.77,7.69,1.96,0.16,0.53,0.17,0.02,0.19
844,1,34,4,18,4,54,6,24,6,0.44,0.25,0.12,0.20,0.20,0.32,34,16,16.45,16.62,0.63,0.78,3.27,4.63,0.88,14.94,0.75,0.80,3.20,1.26,0.17,0.77,0.12,0.04,0.17
602,1,44,10,30,9,83,11,45,10,0.54,0.22,0.23,0.40,0.80,0.63,44,17,15.94,16.68,0.53,0.81,3.42,4.83,0.86,13.36,0.67,1.00,5.00,1.58,0.11,0.63,0.16,0.04,0.20
647,1,65,10,40,9,131,16,58,15,0.44,0.26,0.15,0.14,0.29,0.38,65,18,16.39,16.16,0.50,0.81,4.02,5.68,0.86,14.73,0.69,0.71,7.14,1.89,0.17,0.62,0.16,0.02,0.17
502,0,0,0,0,0,0,0,0,0,0,0,0,0,0,0,0,0,0,0,0,0,0,0,0,0,0,0,0,0,0,0,0,0,0
531,1,55,3,31,3,95,5,43,5,0.45,0.12,0.05,0.00,0.00,0.00,55,16,16.83,16.68,0.58,0.83,3.99,5.64,0.88,16.48,0.72,0.86,5.14,1.60,0.14,0.75,0.16,0.02,0.19
521,1,53,9,30,9,136,25,66,25,0.49,0.38,0.17,0.25,0.75,0.61,53,15,15.92,17.60,0.39,0.83,3.21,4.54,0.81,11.12,0.45,0.83,8.33,2.04,0.15,0.35,0.11,0.02,0.12
749,1,80,12,49,12,163,16,74,16,0.45,0.22,0.15,0.12,0.24,0.34,80,20,16.74,16.60,0.49,0.84,4.43,6.27,0.86,15.83,0.66,0.76,9.94,2.23,0.18,0.62,0.14,0.04,0.18
913,1,56,8,33,8,98,10,45,10,0.46,0.22,0.14,0.00,0.00,0.00,56,17,17.17,17.66,0.57,0.88,4.00,5.66,0.88,16.31,0.73,0.88,6.12,1.75,0.16,0.63,0.18,0.02,0.20
773,1,38,2,18,2,92,2,32,2,0.35,0.06,0.05,0.12,0.12,0.25,38,14,15.18,15.78,0.41,0.80,2.80,3.96,0.80,10.04,0.56,0.62,3.12,1.25,0.16,0.69,0.16,0.00,0.16
849,1,34,2,18,2,56,2,22,2,0.39,0.09,0.06,0.00,0.00,0.00,34,16,16.15,16.85,0.61,0.82,3.21,4.54,0.88,14.10,0.82,1.00,3.00,1.22,0.14,0.73,0.36,0.00,0.36
885,1,49,3,27,2,89,3,42,2,0.47,0.05,0.06,0.00,0.00,0.00,49,17,16.80,17.04,0.55,0.86,3.67,5.19,0.87,14.66,0.64,0.83,4.17,1.44,0.12,0.59,0.17,0.00,0.17
785,1,42,5,23,5,73,5,35,5,0.48,0.14,0.12,0.17,0.17,0.29,42,19,16.42,16.60,0.58,0.85,3.48,4.92,0.87,14.46,0.66,1.00,6.00,1.73,0.17,0.65,0.17,0.00,0.17
525,1,48,5,27,3,95,6,44,4,0.46,0.09,0.10,0.00,0.00,0.00,48,18,16.14,15.98,0.51,0.83,3.48,4.92,0.85,13.19,0.61,0.75,4.50,1.50,0.14,0.54,0.20,0.00,0.20
846,1,48,5,26,5,82,8,40,8,0.49,0.20,0.10,0.00,0.00,0.00,48,18,16.59,17.01,0.59,0.85,3.75,5.30,0.88,15.75,0.65,0.75,4.50,1.50,0.15,0.70,0.15,0.03,0.17
697,1,58,9,31,7,115,12,56,10,0.49,0.18,0.16,0.00,0.00,0.00,58,15,16.56,16.10,0.50,0.82,3.82,5.41,0.86,14.28,0.55,0.88,6.12,1.75,0.12,0.39,0.18,0.02,0.20
656,1,56,9,33,9,138,13,64,13,0.46,0.20,0.16,0.15,0.31,0.39,56,17,15.71,15.76,0.41,0.77,3.37,4.77,0.82,11.69,0.52,0.85,9.31,2.16,0.17,0.47,0.11,0.05,0.16
689,1,3,0,3,0,3,0,3,0,1.00,0.00,0.00,0,0,0,3,3,3,3,1.00,1.00,1.22,1.73,1.00,NaN,1.00,0,0,0,0.00,1.00,0.33,0.00,0.33
519,1,57,5,33,5,120,10,54,10,0.45,0.19,0.09,0.14,0.29,0.38,57,16,15.61,15.69,0.47,0.80,3.68,5.20,0.84,13.37,0.61,0.71,7.14,1.89,0.19,0.52,0.09,0.04,0.13
730,1,15,0,8,0,17,0,8,0,0.47,0.00,0.00,0.00,0.00,0.00,15,15,15,15,0.88,0.88,2.57,3.64,0.96,27.85,1.00,1.00,2.00,1.00,0.25,1.00,0.12,0.00,0.12
701,1,56,8,32,7,97,13,52,12,0.54,0.23,0.14,0.00,0.00,0.00,56,18,16.62,16.24,0.58,0.85,4.02,5.69,0.88,16.54,0.62,0.91,9.09,2.13,0.19,0.52,0.12,0.02,0.13
801,1,40,4,21,4,76,5,32,5,0.42,0.16,0.10,0.00,0.00,0.00,40,14,15.89,16.04,0.53,0.78,3.24,4.59,0.85,12.69,0.66,0.83,4.17,1.44,0.16,0.62,0.19,0.06,0.25
868,1,41,2,23,1,70,2,35,1,0.50,0.03,0.05,0.00,0.00,0.00,41,17,16.87,17.85,0.59,0.90,3.47,4.90,0.87,14.65,0.66,0.75,4.50,1.50,0.17,0.64,0.20,0.06,0.26
819,1,67,9,37,8,134,11,66,10,0.49,0.15,0.13,0.05,0.05,0.16,67,18,17.02,16.44,0.50,0.81,4.09,5.79,0.86,15.03,0.56,0.68,8.89,2.11,0.20,0.55,0.11,0.02,0.12
563,1,50,5,27,5,87,7,39,7,0.45,0.18,0.10,0.08,0.08,0.20,50,20,16.70,17.17,0.57,0.86,3.79,5.36,0.88,15.64,0.69,0.83,8.33,2.04,0.26,0.61,0.10,0.00,0.10
516,1,60,3,37,3,115,6,53,6,0.46,0.11,0.05,0.00,0.00,0.00,60,16,16.25,15.96,0.52,0.79,3.96,5.60,0.86,15.03,0.70,0.91,9.09,2.13,0.19,0.61,0.15,0.04,0.19
643,1,53,6,31,6,110,9,51,9,0.46,0.18,0.11,0.17,0.17,0.29,53,17,15.97,15.49,0.48,0.80,3.57,5.05,0.84,13.14,0.61,0.67,2.67,1.15,0.08,0.55,0.20,0.02,0.22
889,1,61,3,36,3,119,7,62,7,0.52,0.11,0.05,0.00,0.00,0.00,61,17,17.00,17.14,0.51,0.86,3.95,5.59,0.86,14.84,0.58,0.64,5.79,1.70,0.15,0.53,0.11,0.02,0.13
612,1,62,6,38,6,118,7,58,7,0.49,0.12,0.10,0.07,0.07,0.19,62,18,16.80,17.05,0.53,0.83,4.04,5.71,0.87,15.36,0.66,0.71,7.14,1.89,0.17,0.55,0.19,0.03,0.22
622,1,54,5,36,5,86,5,45,5,0.52,0.11,0.09,0.17,0.33,0.41,54,17,17.08,17.43,0.63,0.86,4.12,5.82,0.90,18.52,0.80,0.75,6.75,1.84,0.20,0.88,0.13,0.00,0.13
566,1,69,7,40,7,151,12,75,12,0.50,0.16,0.10,0.07,0.07,0.19,69,18,16.61,16.58,0.46,0.84,3.97,5.62,0.84,13.96,0.53,0.79,8.64,2.08,0.15,0.48,0.13,0.00,0.13
791,1,66,11,39,10,140,14,61,13,0.44,0.21,0.17,0.15,0.31,0.39,66,15,15.91,16.52,0.47,0.84,3.94,5.58,0.85,14.10,0.64,1.00,13.00,2.55,0.21,0.52,0.05,0.02,0.07
807,1,56,5,31,4,96,8,44,5,0.46,0.11,0.09,0.12,0.24,0.34,56,16,17.11,18.08,0.58,0.89,4.04,5.72,0.88,16.79,0.70,0.71,8.47,2.06,0.27,0.67,0.14,0.02,0.16
677,1,59,8,33,7,108,11,54,10,0.50,0.19,0.14,0.06,0.06,0.18,59,19,17.11,17.73,0.55,0.90,4.01,5.68,0.87,15.75,0.61,0.88,12.25,2.47,0.26,0.47,0.11,0.02,0.13
742,1,56,4,36,4,90,7,47,7,0.52,0.15,0.07,0.00,0.00,0.00,56,17,17.54,17.85,0.62,0.90,4.17,5.90,0.89,18.53,0.77,0.82,7.36,1.92,0.19,0.69,0.15,0.04,0.19
734,1,23,2,10,2,35,3,13,3,0.37,0.23,0.09,0.00,0.00,0.00,23,15,15.60,16.25,0.66,0.75,2.75,3.89,0.88,13.08,0.77,1.00,2.00,1.00,0.15,0.62,0.15,0.08,0.23
756,1,26,0,13,0,42,0,18,0,0.43,0.00,0.00,0.00,0.00,0.00,26,17,15.73,16.14,0.62,0.85,2.84,4.01,0.87,12.65,0.72,1.00,3.00,1.22,0.17,0.55,0.17,0.06,0.22
591,1,40,5,23,5,76,7,38,7,0.50,0.18,0.12,0.00,0.00,0.00,40,14,16.37,16.96,0.53,0.77,3.24,4.59,0.85,12.69,0.61,0.67,2.67,1.15,0.11,0.61,0.18,0.00,0.18
848,1,51,6,28,5,112,8,44,6,0.39,0.14,0.12,0.11,0.11,0.24,51,18,15.92,16.81,0.46,0.82,3.41,4.82,0.83,12.29,0.64,0.78,5.44,1.65,0.16,0.52,0.18,0.02,0.20
745,1,35,4,19,4,66,6,29,6,0.44,0.21,0.11,0.14,0.14,0.27,35,16,15.10,15.33,0.53,0.73,3.05,4.31,0.85,12.02,0.66,0.86,5.14,1.60,0.21,0.60,0.17,0.00,0.17
914,1,41,5,25,5,59,5,31,5,0.53,0.16,0.12,0.00,0.00,0.00,41,16,16.89,16.94,0.69,0.85,3.77,5.34,0.91,19.84,0.81,1.00,8.00,2.00,0.26,0.72,0.13,0.00,0.13
845,1,56,7,37,6,108,9,66,8,0.61,0.12,0.12,0.15,0.31,0.39,56,17,17.20,17.02,0.52,0.83,3.81,5.39,0.86,14.50,0.56,0.62,4.92,1.57,0.12,0.50,0.20,0.02,0.21
710,1,37,3,22,3,72,7,36,7,0.50,0.19,0.08,0.00,0.00,0.00,37,18,14.97,15.64,0.51,0.85,3.08,4.36,0.84,11.93,0.61,0.89,7.11,1.89,0.22,0.41,0.11,0.03,0.14
657,1,46,5,27,5,83,8,39,8,0.47,0.21,0.11,0.11,0.11,0.24,46,17,16.81,17.65,0.55,0.88,3.57,5.05,0.87,14.37,0.69,0.78,5.44,1.65,0.18,0.67,0.15,0.03,0.18
565,1,58,8,29,8,110,18,52,18,0.47,0.35,0.14,0.00,0.00,0.00,58,16,16.95,17.58,0.53,0.89,3.91,5.53,0.86,14.99,0.56,0.78,5.44,1.65,0.13,0.54,0.13,0.00,0.13
625,1,39,3,24,3,70,4,32,4,0.46,0.12,0.08,0.00,0.00,0.00,39,17,15.96,17.23,0.56,0.87,3.30,4.66,0.86,13.40,0.75,0.83,4.17,1.44,0.16,0.75,0.19,0.03,0.22
901,1,54,2,30,2,115,2,53,2,0.46,0.04,0.04,0.07,0.07,0.18,54,17,16.01,16.88,0.47,0.83,3.56,5.04,0.84,12.93,0.57,0.67,6.67,1.83,0.19,0.40,0.21,0.02,0.23
733,1,63,10,37,9,151,12,64,11,0.42,0.17,0.16,0.09,0.09,0.21,63,15,16.14,16.15,0.42,0.81,3.63,5.13,0.83,12.51,0.58,0.73,5.82,1.71,0.12,0.59,0.16,0.00,0.16
588,1,35,5,19,5,56,11,29,11,0.52,0.38,0.14,0.00,0.00,0.00,35,18,16.79,17.33,0.62,0.88,3.31,4.68,0.88,14.97,0.66,1.00,5.00,1.58,0.17,0.59,0.14,0.03,0.17
522,0,0,0,0,0,0,0,0,0,0,0,0,0,0,0,0,0,0,0,0,0,0,0,0,0,0,0,0,0,0,0,0,0,0
707,1,33,5,18,4,57,12,26,9,0.46,0.35,0.15,0.14,0.14,0.27,33,17,15.64,17.16,0.58,0.80,3.09,4.37,0.86,12.99,0.69,0.71,3.57,1.34,0.19,0.67,0.08,0.12,0.19
590,1,52,3,27,3,84,4,43,4,0.51,0.09,0.06,0.07,0.07,0.18,52,17,17.07,17.81,0.62,0.89,4.01,5.67,0.89,17.78,0.63,0.67,6.67,1.83,0.23,0.52,0.14,0.02,0.16
779,1,52,11,33,11,108,17,61,17,0.56,0.28,0.21,0.00,0.00,0.00,52,15,16.33,17.12,0.48,0.85,3.54,5.00,0.84,13.03,0.54,0.75,4.50,1.50,0.10,0.56,0.16,0.00,0.16
782,1,37,6,21,4,58,8,24,6,0.41,0.25,0.16,0.25,0.25,0.35,37,16,16.36,16.33,0.64,0.82,3.44,4.86,0.89,15.93,0.88,0.75,2.25,1.06,0.12,0.85,0.25,0.04,0.29
632,1,46,3,26,3,90,5,41,5,0.46,0.12,0.07,0.00,0.00,0.00,46,17,16.38,17.04,0.51,0.88,3.43,4.85,0.85,13.10,0.63,0.56,2.78,1.18,0.12,0.57,0.20,0.02,0.22
653,1,41,3,22,2,78,5,34,4,0.44,0.12,0.07,0.11,0.11,0.24,41,17,15.45,15.89,0.53,0.80,3.28,4.64,0.85,12.82,0.65,1.00,9.00,2.12,0.26,0.48,0.12,0.00,0.12
678,1,66,3,37,2,143,3,60,2,0.42,0.03,0.05,0.00,0.00,0.00,66,14,16.39,16.64,0.46,0.84,3.90,5.52,0.84,13.83,0.62,0.69,6.23,1.77,0.15,0.57,0.17,0.07,0.23
790,1,48,3,29,3,94,7,45,7,0.48,0.16,0.06,0.10,0.10,0.22,48,14,16.52,16.31,0.51,0.81,3.50,4.95,0.85,13.34,0.64,0.70,4.90,1.57,0.16,0.59,0.16,0.04,0.20
754,1,54,6,31,6,85,6,40,6,0.47,0.15,0.11,0.15,0.31,0.39,54,18,16.98,17.05,0.64,0.85,4.14,5.86,0.90,18.89,0.78,0.85,9.31,2.16,0.28,0.68,0.10,0.03,0.12
870,1,56,5,30,5,107,12,45,12,0.42,0.27,0.09,0.08,0.08,0.20,56,16,16.50,16.94,0.52,0.84,3.83,5.41,0.86,14.65,0.67,0.92,11.08,2.35,0.27,0.48,0.20,0.00,0.20
759,1,63,7,39,6,96,8,53,7,0.55,0.13,0.11,0.23,0.69,0.59,63,18,17.91,18.45,0.66,0.89,4.55,6.43,0.91,21.48,0.74,0.92,11.08,2.35,0.23,0.56,0.21,0.04,0.25
753,1,49,3,28,3,87,4,41,4,0.47,0.10,0.06,0.00,0.00,0.00,49,20,17.03,16.88,0.56,0.84,3.71,5.25,0.87,15.09,0.68,0.80,6.40,1.79,0.20,0.67,0.12,0.02,0.15
910,1,51,5,34,5,103,7,50,7,0.49,0.14,0.10,0.10,0.10,0.22,51,16,15.98,15.98,0.50,0.80,3.55,5.03,0.85,13.27,0.68,1.00,10.00,2.24,0.20,0.58,0.18,0.02,0.20
814,0,0,0,0,0,0,0,0,0,0,0,0,0,0,0,0,0,0,0,0,0,0,0,0,0,0,0,0,0,0,0,0,0,0
581,1,44,2,26,2,75,2,38,2,0.51,0.05,0.05,0.00,0.00,0.00,44,17,16.82,17.93,0.59,0.88,3.59,5.08,0.88,15.18,0.68,0.82,7.36,1.92,0.24,0.55,0.11,0.03,0.13
720,1,39,6,19,5,68,10,31,9,0.46,0.29,0.15,0.00,0.00,0.00,39,19,16.58,18.11,0.57,0.93,3.34,4.73,0.87,13.91,0.61,0.75,2.25,1.06,0.10,0.55,0.13,0.06,0.19
574,1,69,5,41,5,113,7,57,7,0.50,0.12,0.07,0.07,0.07,0.18,69,18,17.45,17.95,0.61,0.87,4.59,6.49,0.90,19.68,0.72,0.93,13.07,2.56,0.25,0.61,0.18,0.02,0.19
532,1,51,4,28,4,81,4,41,4,0.51,0.10,0.08,0.00,0.00,0.00,51,18,17.10,17.26,0.63,0.89,4.01,5.67,0.89,18.13,0.68,0.82,7.36,1.92,0.22,0.57,0.12,0.02,0.15
818,1,57,11,35,11,99,16,52,16,0.53,0.31,0.19,0.21,0.64,0.57,57,17,17.21,17.85,0.58,0.91,4.05,5.73,0.88,16.61,0.67,0.71,7.14,1.89,0.19,0.65,0.10,0.08,0.17
635,1,49,6,33,6,99,8,52,8,0.53,0.15,0.12,0.12,0.12,0.25,49,15,15.71,15.37,0.49,0.77,3.48,4.92,0.85,13.04,0.63,0.50,2.00,1.00,0.08,0.56,0.13,0.08,0.21
740,1,55,7,30,6,109,8,45,7,0.41,0.16,0.13,0.20,0.40,0.45,55,17,16.37,17.06,0.50,0.85,3.73,5.27,0.85,13.97,0.67,0.80,6.40,1.79,0.18,0.61,0.20,0.00,0.20
571,1,67,10,41,9,121,16,62,15,0.51,0.24,0.15,0.08,0.08,0.20,67,17,17.18,17.80,0.55,0.88,4.31,6.09,0.88,16.90,0.66,1.00,13.00,2.55,0.21,0.56,0.18,0.00,0.18
665,1,61,5,35,4,122,8,56,7,0.46,0.12,0.08,0.00,0.00,0.00,61,17,16.35,16.79,0.50,0.83,3.91,5.52,0.86,14.46,0.62,0.86,10.29,2.27,0.21,0.47,0.18,0.02,0.20
906,1,45,3,21,2,98,3,35,2,0.36,0.06,0.07,0.00,0.00,0.00,45,16,15.63,15.68,0.46,0.80,3.21,4.55,0.83,11.73,0.60,1.00,3.00,1.22,0.09,0.62,0.11,0.03,0.14
847,1,49,5,29,4,96,6,45,5,0.47,0.11,0.10,0.00,0.00,0.00,49,18,16.51,17.17,0.51,0.86,3.54,5.00,0.85,13.45,0.64,1.00,5.00,1.58,0.11,0.62,0.22,0.00,0.22
890,1,54,6,33,6,94,6,46,6,0.49,0.13,0.11,0.00,0.00,0.00,54,15,16.69,17.21,0.57,0.88,3.94,5.57,0.88,16.17,0.72,0.90,8.10,2.01,0.20,0.52,0.22,0.04,0.26
854,1,47,3,26,3,90,5,43,5,0.48,0.12,0.06,0.00,0.00,0.00,47,17,16.39,16.89,0.52,0.85,3.50,4.95,0.86,13.54,0.60,0.64,4.45,1.49,0.16,0.48,0.12,0.05,0.16
881,1,55,2,32,2,98,2,49,2,0.50,0.04,0.04,0.00,0.00,0.00,55,18,17.26,17.36,0.56,0.89,3.93,5.56,0.87,15.81,0.65,0.90,8.10,2.01,0.18,0.56,0.16,0.02,0.18
732,1,65,4,36,3,160,4,68,3,0.42,0.04,0.06,0.10,0.10,0.22,65,15,15.66,14.93,0.41,0.71,3.63,5.14,0.82,12.42,0.53,0.70,4.90,1.57,0.10,0.47,0.16,0.03,0.19
907,1,77,6,45,6,105,6,52,6,0.50,0.12,0.08,0.00,0.00,0.00,77,18,18.57,19.29,0.73,0.96,5.31,7.51,0.93,30.33,0.87,0.92,10.08,2.25,0.21,0.96,0.17,0.02,0.19
862,1,54,6,31,6,106,15,52,15,0.49,0.29,0.11,0.09,0.09,0.21,54,17,16.54,16.87,0.51,0.85,3.71,5.24,0.86,14.00,0.60,0.91,9.09,2.13,0.19,0.47,0.15,0.00,0.15
762,1,84,16,58,14,148,16,82,14,0.55,0.17,0.19,0.11,0.22,0.33,84,20,17.24,17.72,0.57,0.90,4.88,6.90,0.89,19.15,0.71,0.89,14.22,2.67,0.20,0.57,0.20,0.06,0.26
715,1,42,8,27,8,61,11,34,11,0.56,0.32,0.19,0.00,0.00,0.00,42,19,17.22,17.02,0.69,0.90,3.80,5.38,0.91,19.67,0.79,0.90,8.10,2.01,0.26,0.72,0.18,0.00,0.18
884,1,55,7,34,7,89,9,43,9,0.48,0.21,0.13,0.22,0.44,0.47,55,18,16.93,17.16,0.62,0.88,4.12,5.83,0.89,18.18,0.79,1.00,9.00,2.12,0.21,0.68,0.16,0.12,0.28
800,1,53,3,30,3,101,5,47,5,0.47,0.11,0.06,0.00,0.00,0.00,53,18,16.55,17.01,0.52,0.86,3.73,5.27,0.86,14.35,0.64,0.82,7.36,1.92,0.19,0.56,0.11,0.02,0.13
628,1,79,17,45,14,120,20,56,15,0.47,0.27,0.22,0.22,0.89,0.67,79,19,18.23,18.46,0.66,0.93,5.10,7.21,0.91,23.81,0.80,0.78,10.89,2.33,0.25,0.83,0.09,0.05,0.14
871,1,56,4,35,3,96,5,47,4,0.49,0.09,0.07,0.11,0.11,0.24,56,16,16.52,17.34,0.58,0.85,4.04,5.72,0.88,16.79,0.74,0.89,7.11,1.89,0.17,0.64,0.21,0.02,0.23
700,1,50,6,28,5,78,7,38,6,0.49,0.16,0.12,0.00,0.00,0.00,50,15,17.38,17.68,0.64,0.85,4.00,5.66,0.90,18.54,0.74,0.89,7.11,1.89,0.21,0.65,0.21,0.00,0.21
594,1,65,5,38,5,129,10,58,10,0.45,0.17,0.08,0.07,0.07,0.19,65,17,16.52,17.03,0.50,0.86,4.05,5.72,0.86,14.96,0.66,0.86,10.29,2.27,0.21,0.62,0.12,0.02,0.14
611,1,67,4,41,4,144,10,75,10,0.52,0.13,0.06,0.00,0.00,0.00,67,17,16.76,16.53,0.47,0.84,3.95,5.58,0.85,14.02,0.55,0.87,11.27,2.37,0.17,0.49,0.12,0.00,0.12
687,1,57,6,39,6,135,11,75,11,0.56,0.15,0.11,0.00,0.00,0.00,57,18,16.21,15.99,0.42,0.83,3.47,4.91,0.82,12.12,0.52,0.64,4.45,1.49,0.09,0.49,0.19,0.01,0.20
876,1,36,2,20,2,56,2,27,2,0.48,0.07,0.06,0.00,0.00,0.00,36,17,16.85,17.61,0.64,0.85,3.40,4.81,0.89,15.93,0.74,0.62,3.12,1.25,0.19,0.73,0.19,0.11,0.30
527,1,29,2,13,2,37,2,15,2,0.41,0.13,0.07,0.00,0.00,0.00,29,17,17.60,17.44,0.78,0.85,3.37,4.77,0.93,23.24,0.87,1.00,3.00,1.22,0.20,0.71,0.33,0.00,0.33
660,1,41,4,23,4,72,8,35,8,0.49,0.23,0.10,0.00,0.00,0.00,41,16,16.20,17.18,0.57,0.83,3.42,4.83,0.87,14.11,0.66,1.00,5.00,1.58,0.14,0.52,0.17,0.00,0.17
576,1,57,4,31,4,107,6,51,6,0.48,0.12,0.07,0.00,0.00,0.00,57,20,17.03,17.25,0.53,0.88,3.90,5.51,0.87,15.06,0.61,0.71,7.14,1.89,0.20,0.52,0.14,0.00,0.14
775,1,63,12,38,11,125,17,56,16,0.45,0.29,0.19,0.00,0.00,0.00,63,14,16.44,16.82,0.50,0.82,3.98,5.63,0.86,14.78,0.68,0.77,7.69,1.96,0.18,0.55,0.16,0.04,0.20
838,1,42,4,24,4,72,12,36,12,0.50,0.33,0.10,0.00,0.00,0.00,42,16,16.05,15.67,0.58,0.80,3.50,4.95,0.87,14.74,0.67,0.80,3.20,1.26,0.11,0.63,0.22,0.06,0.28
675,1,55,4,30,4,88,6,38,6,0.43,0.16,0.07,0.00,0.00,0.00,55,15,17.43,17.53,0.62,0.89,4.15,5.86,0.90,18.52,0.79,0.90,8.10,2.01,0.24,0.71,0.11,0.00,0.11
551,1,44,5,26,4,81,7,38,6,0.47,0.16,0.11,0.00,0.00,0.00,44,13,15.95,16.77,0.54,0.81,3.46,4.89,0.86,13.74,0.68,0.89,7.11,1.89,0.21,0.52,0.16,0.00,0.16
820,1,63,6,38,6,117,7,60,7,0.51,0.12,0.10,0.00,0.00,0.00,63,16,17.16,16.72,0.54,0.82,4.12,5.82,0.87,15.91,0.63,0.77,7.69,1.96,0.17,0.50,0.15,0.07,0.22
758,1,52,5,28,5,104,8,52,8,0.50,0.15,0.10,0.09,0.09,0.21,52,19,16.49,16.02,0.50,0.82,3.61,5.10,0.85,13.52,0.54,0.73,5.82,1.71,0.15,0.53,0.12,0.00,0.12
596,1,60,5,32,5,109,7,50,7,0.46,0.14,0.08,0.08,0.08,0.20,60,19,16.76,17.06,0.55,0.85,4.06,5.75,0.87,16.01,0.64,0.77,7.69,1.96,0.20,0.52,0.10,0.04,0.14
878,1,90,16,62,16,197,20,103,20,0.52,0.19,0.18,0.12,0.38,0.43,90,18,16.93,17.36,0.46,0.88,4.53,6.41,0.85,15.47,0.60,0.75,13.50,2.60,0.17,0.47,0.15,0.08,0.22
706,1,56,5,32,5,132,10,62,10,0.47,0.16,0.09,0.10,0.10,0.22,56,13,15.84,15.91,0.42,0.76,3.45,4.87,0.82,12.08,0.52,0.80,6.40,1.79,0.13,0.41,0.10,0.06,0.16
809,1,42,4,24,4,76,4,38,4,0.50,0.11,0.10,0.12,0.12,0.25,42,18,16.25,16.52,0.55,0.83,3.41,4.82,0.86,13.73,0.63,0.75,4.50,1.50,0.16,0.53,0.18,0.05,0.24
724,1,43,4,24,4,76,6,35,6,0.46,0.17,0.09,0.33,0.67,0.58,43,16,16.11,15.25,0.57,0.73,3.49,4.93,0.87,14.30,0.69,0.83,4.17,1.44,0.14,0.55,0.17,0.06,0.23
874,1,53,6,27,5,96,7,40,6,0.42,0.15,0.11,0.17,0.17,0.29,53,14,16.68,15.84,0.55,0.78,3.82,5.41,0.87,15.23,0.68,0.83,4.17,1.44,0.12,0.61,0.17,0.03,0.20
561,0,0,0,0,0,0,0,0,0,0,0,0,0,0,0,0,0,0,0,0,0,0,0,0,0,0,0,0,0,0,0,0,0,0
735,1,55,4,31,4,117,4,55,4,0.47,0.07,0.07,0.22,0.44,0.47,55,17,16.52,16.67,0.47,0.81,3.60,5.08,0.84,13.05,0.56,0.67,4.00,1.41,0.11,0.60,0.15,0.00,0.15
796,1,56,6,35,6,108,9,56,9,0.52,0.16,0.11,0.09,0.09,0.21,56,17,16.55,16.92,0.52,0.86,3.81,5.39,0.86,14.50,0.62,0.82,7.36,1.92,0.16,0.48,0.16,0.04,0.20
605,1,47,4,26,4,102,5,49,5,0.48,0.10,0.09,0.00,0.00,0.00,47,19,15.82,16.30,0.46,0.82,3.29,4.65,0.83,11.99,0.53,0.45,2.27,1.07,0.10,0.43,0.18,0.04,0.22
739,0,0,0,0,0,0,0,0,0,0,0,0,0,0,0,0,0,0,0,0,0,0,0,0,0,0,0,0,0,0,0,0,0,0
760,1,46,3,24,3,77,7,37,7,0.48,0.19,0.07,0.00,0.00,0.00,46,17,16.91,16.78,0.60,0.87,3.71,5.24,0.88,15.91,0.65,0.86,5.14,1.60,0.16,0.52,0.14,0.03,0.16
860,1,22,1,13,1,32,1,14,1,0.44,0.07,0.05,0.00,0.00,0.00,22,16,15.48,15.93,0.69,0.80,2.75,3.89,0.89,13.92,0.93,1.00,3.00,1.22,0.21,0.83,0.29,0.07,0.36
816,1,49,5,29,5,95,6,46,6,0.48,0.13,0.10,0.25,0.50,0.50,49,16,16.52,18.03,0.52,0.89,3.55,5.03,0.85,13.60,0.63,1.00,8.00,2.00,0.17,0.56,0.17,0.00,0.17
824,1,46,4,23,4,76,5,34,5,0.45,0.15,0.09,0.17,0.17,0.29,46,17,16.63,16.43,0.61,0.80,3.73,5.28,0.88,16.22,0.68,0.83,4.17,1.44,0.15,0.62,0.15,0.00,0.15
578,1,56,9,34,9,125,15,55,15,0.44,0.27,0.16,0.27,0.82,0.64,56,20,16.05,16.13,0.45,0.79,3.54,5.01,0.83,12.61,0.62,0.91,9.09,2.13,0.18,0.64,0.09,0.02,0.11
633,1,54,7,34,7,124,10,62,10,0.50,0.16,0.13,0.08,0.08,0.20,54,19,16.11,16.34,0.44,0.88,3.43,4.85,0.83,12.14,0.55,0.77,7.69,1.96,0.16,0.52,0.11,0.02,0.13
752,1,71,6,44,6,162,9,80,9,0.49,0.11,0.08,0.05,0.05,0.16,71,15,16.51,16.06,0.44,0.80,3.94,5.58,0.84,13.63,0.55,0.74,10.32,2.27,0.17,0.55,0.11,0.01,0.12
899,1,55,2,30,2,102,2,49,2,0.48,0.04,0.04,0.08,0.08,0.20,55,14,16.88,16.68,0.54,0.81,3.85,5.45,0.87,15.04,0.61,0.69,6.23,1.77,0.18,0.62,0.10,0.00,0.10
639,1,43,5,25,5,84,8,36,8,0.43,0.22,0.12,0.20,0.20,0.32,43,16,15.99,16.60,0.51,0.83,3.32,4.69,0.85,12.73,0.69,0.80,3.20,1.26,0.11,0.65,0.28,0.00,0.28
826,1,43,3,27,3,68,4,33,4,0.49,0.12,0.07,0.00,0.00,0.00,43,17,16.69,16.79,0.63,0.82,3.69,5.21,0.89,16.87,0.82,1.00,6.00,1.73,0.18,0.70,0.21,0.00,0.21
922,1,46,5,29,5,73,9,39,9,0.53,0.23,0.11,0.00,0.00,0.00,46,17,16.98,17.27,0.63,0.87,3.81,5.38,0.89,17.31,0.74,1.00,6.00,1.73,0.15,0.70,0.18,0.00,0.18
865,0,0,0,0,0,0,0,0,0,0,0,0,0,0,0,0,0,0,0,0,0,0,0,0,0,0,0,0,0,0,0,0,0,0
795,1,68,10,40,10,150,13,70,13,0.47,0.19,0.15,0.18,0.36,0.43,68,15,16.51,16.88,0.45,0.84,3.93,5.55,0.84,13.78,0.57,0.82,7.36,1.92,0.13,0.50,0.19,0.01,0.20
905,1,62,7,28,6,136,21,54,19,0.40,0.35,0.11,0.18,0.36,0.43,62,17,16.51,17.45,0.46,0.88,3.76,5.32,0.84,13.34,0.52,0.55,3.27,1.28,0.11,0.52,0.11,0.06,0.17
763,1,51,1,27,1,111,3,47,3,0.42,0.06,0.02,0.00,0.00,0.00,51,14,16.08,16.30,0.46,0.79,3.42,4.84,0.83,12.39,0.57,0.62,3.12,1.25,0.11,0.54,0.15,0.02,0.17
505,1,44,3,25,3,84,3,38,3,0.45,0.08,0.07,0.12,0.12,0.25,44,14,15.75,15.71,0.52,0.79,3.39,4.80,0.85,13.19,0.66,0.75,4.50,1.50,0.16,0.67,0.16,0.03,0.18
821,0,0,0,0,0,0,0,0,0,0,0,0,0,0,0,0,0,0,0,0,0,0,0,0,0,0,0,0,0,0,0,0,0,0
784,1,46,7,25,6,92,9,42,8,0.46,0.19,0.15,0.25,0.50,0.50,46,16,15.63,15.68,0.50,0.76,3.39,4.80,0.85,12.81,0.60,0.88,6.12,1.75,0.17,0.52,0.14,0.05,0.19
806,1,26,6,15,6,38,8,22,8,0.58,0.36,0.23,0.33,0.33,0.41,26,13,16.29,15.62,0.68,0.65,2.98,4.22,0.90,15.14,0.68,1.00,3.00,1.22,0.14,0.62,0.23,0.00,0.23
558,1,53,7,30,6,111,9,49,8,0.44,0.16,0.13,0.00,0.00,0.00,53,15,16.50,17.43,0.48,0.82,3.56,5.03,0.84,13.03,0.61,0.82,7.36,1.92,0.18,0.52,0.14,0.02,0.16
583,1,72,14,43,14,118,17,59,17,0.50,0.29,0.19,0.09,0.09,0.21,72,19,17.31,17.68,0.61,0.88,4.69,6.63,0.90,20.01,0.73,0.82,7.36,1.92,0.15,0.64,0.22,0.00,0.22
692,1,48,6,29,5,80,7,43,6,0.54,0.14,0.12,0.08,0.08,0.20,48,17,16.57,16.50,0.60,0.82,3.79,5.37,0.88,16.33,0.67,0.83,8.33,2.04,0.23,0.52,0.14,0.00,0.14
811,0,0,0,0,0,0,0,0,0,0,0,0,0,0,0,0,0,0,0,0,0,0,0,0,0,0,0,0,0,0,0,0,0,0
917,1,66,3,40,2,152,4,68,3,0.45,0.04,0.05,0.00,0.00,0.00,66,16,16.09,16.46,0.43,0.81,3.79,5.35,0.83,13.14,0.59,0.73,5.82,1.71,0.12,0.49,0.22,0.03,0.25
582,1,35,4,22,4,57,5,32,5,0.56,0.16,0.11,0.00,0.00,0.00,35,14,16.26,15.53,0.61,0.82,3.28,4.64,0.88,14.56,0.69,0.78,5.44,1.65,0.22,0.73,0.12,0.03,0.16
855,1,39,3,24,3,58,5,30,5,0.52,0.17,0.08,0.00,0.00,0.00,39,17,17.28,16.88,0.67,0.85,3.62,5.12,0.90,18.04,0.80,1.00,7.00,1.87,0.23,0.69,0.17,0.03,0.20
555,1,53,4,28,4,92,5,39,5,0.42,0.13,0.08,0.00,0.00,0.00,53,15,16.72,16.91,0.58,0.82,3.91,5.53,0.88,16.10,0.72,0.90,8.10,2.01,0.23,0.61,0.18,0.03,0.21
652,1,64,9,38,9,121,13,65,12,0.54,0.18,0.14,0.07,0.07,0.19,64,18,17.05,17.18,0.53,0.86,4.11,5.82,0.87,15.68,0.58,0.71,7.14,1.89,0.15,0.48,0.22,0.03,0.25
695,1,53,10,33,9,91,10,44,9,0.48,0.20,0.19,0.08,0.08,0.20,53,18,16.64,17.04,0.58,0.88,3.93,5.56,0.88,16.35,0.75,0.83,8.33,2.04,0.23,0.67,0.09,0.02,0.11
538,1,2,0,2,0,2,0,2,0,1.00,0.00,0.00,0,0,0,2,2,2,2,1.00,1.00,1.00,1.41,1.00,NaN,1.00,0,0,0,0.00,1.00,0.00,0.00,0.00
552,1,48,5,25,5,86,7,40,7,0.47,0.17,0.10,0.09,0.09,0.21,48,18,16.62,16.28,0.56,0.86,3.66,5.18,0.87,14.78,0.62,0.64,4.45,1.49,0.17,0.57,0.20,0.00,0.20
668,1,41,3,25,3,70,6,32,6,0.46,0.19,0.07,0.14,0.14,0.27,41,17,15.10,14.83,0.59,0.77,3.47,4.90,0.87,14.65,0.78,0.86,5.14,1.60,0.19,0.71,0.25,0.03,0.28
511,1,51,9,29,9,103,19,51,19,0.50,0.37,0.18,0.12,0.12,0.25,51,12,16.20,16.76,0.50,0.79,3.55,5.03,0.85,13.27,0.57,1.00,8.00,2.00,0.16,0.38,0.16,0.06,0.22
509,1,53,3,30,3,91,5,45,5,0.49,0.11,0.06,0.00,0.00,0.00,53,16,16.71,17.17,0.58,0.84,3.93,5.56,0.88,16.35,0.67,0.80,6.40,1.79,0.18,0.58,0.13,0.02,0.16
698,1,46,7,29,7,80,8,43,8,0.54,0.19,0.15,0.00,0.00,0.00,46,17,16.99,17.47,0.57,0.85,3.64,5.14,0.87,15.07,0.67,0.89,7.11,1.89,0.19,0.58,0.07,0.09,0.16
659,1,68,11,43,11,149,17,75,17,0.50,0.23,0.16,0.12,0.24,0.34,68,19,16.56,17.44,0.46,0.89,3.94,5.57,0.84,13.86,0.57,0.82,11.53,2.40,0.19,0.54,0.13,0.01,0.15
891,1,46,6,30,6,77,8,40,8,0.52,0.20,0.13,0.12,0.12,0.25,46,18,16.63,17.18,0.60,0.85,3.71,5.24,0.88,15.91,0.75,0.88,6.12,1.75,0.17,0.68,0.12,0.03,0.15
721,1,39,4,23,4,61,5,28,5,0.46,0.18,0.10,0.14,0.14,0.27,39,18,16.43,16.82,0.64,0.85,3.53,4.99,0.89,16.41,0.82,1.00,7.00,1.87,0.25,0.85,0.14,0.04,0.18
691,1,63,9,39,9,127,15,64,15,0.50,0.23,0.14,0.17,0.50,0.50,63,17,16.48,16.94,0.50,0.84,3.95,5.59,0.86,14.54,0.61,0.89,14.22,2.67,0.25,0.47,0.16,0.03,0.19
644,1,50,5,28,5,85,7,44,7,0.52,0.16,0.10,0.09,0.09,0.21,50,15,17.08,17.48,0.59,0.87,3.83,5.42,0.88,16.15,0.64,0.82,7.36,1.92,0.20,0.48,0.18,0.02,0.20
682,1,42,9,25,9,67,10,34,10,0.51,0.29,0.21,0.20,0.40,0.45,42,17,16.64,15.90,0.63,0.82,3.63,5.13,0.89,16.44,0.74,0.80,6.40,1.79,0.24,0.60,0.21,0.03,0.24
616,1,66,4,40,3,179,8,88,7,0.49,0.08,0.06,0.07,0.07,0.19,66,13,16.34,15.90,0.37,0.79,3.49,4.93,0.81,11.71,0.45,0.79,8.64,2.08,0.12,0.39,0.11,0.03,0.15
529,1,32,3,18,3,53,6,24,5,0.45,0.21,0.09,0.00,0.00,0.00,32,17,15.56,16.02,0.60,0.77,3.11,4.40,0.87,13.57,0.75,1.00,3.00,1.22,0.12,0.80,0.21,0.00,0.21
850,1,56,2,32,1,116,2,55,1,0.47,0.02,0.04,0.00,0.00,0.00,56,17,16.34,16.79,0.48,0.85,3.68,5.20,0.85,13.48,0.58,1.00,7.00,1.87,0.13,0.50,0.15,0.04,0.18
908,1,37,1,21,1,67,1,32,1,0.48,0.03,0.03,0.00,0.00,0.00,37,15,15.95,16.25,0.55,0.83,3.20,4.52,0.86,12.93,0.66,1.00,5.00,1.58,0.16,0.56,0.22,0.00,0.22
799,1,55,5,36,5,112,6,53,6,0.47,0.11,0.09,0.10,0.10,0.22,55,17,16.01,15.71,0.49,0.75,3.67,5.20,0.85,13.60,0.68,1.00,10.00,2.24,0.19,0.63,0.19,0.02,0.21
609,1,61,7,36,6,103,11,46,8,0.45,0.17,0.11,0.06,0.06,0.17,61,18,17.24,17.30,0.59,0.86,4.25,6.01,0.89,17.81,0.78,0.88,13.24,2.57,0.33,0.71,0.11,0.02,0.13
813,1,40,1,23,1,59,1,30,1,0.51,0.03,0.03,0.00,0.00,0.00,40,18,16.92,17.62,0.68,0.90,3.68,5.21,0.90,18.58,0.77,1.00,5.00,1.58,0.17,0.59,0.27,0.00,0.27
772,1,51,6,28,5,86,6,39,5,0.45,0.13,0.12,0.14,0.14,0.27,51,18,17.24,16.94,0.59,0.86,3.89,5.50,0.88,16.49,0.72,1.00,7.00,1.87,0.18,0.82,0.15,0.00,0.15
776,1,42,4,25,4,89,5,42,5,0.47,0.12,0.10,0.14,0.14,0.27,42,16,15.87,16.91,0.47,0.84,3.15,4.45,0.83,11.65,0.60,0.71,3.57,1.34,0.12,0.62,0.14,0.02,0.17
897,1,42,7,23,7,85,10,43,10,0.51,0.23,0.17,0.09,0.09,0.21,42,17,15.37,15.94,0.49,0.80,3.22,4.56,0.84,12.16,0.53,0.64,4.45,1.49,0.16,0.38,0.16,0.00,0.16
861,1,56,5,34,5,113,6,54,6,0.48,0.11,0.09,0.25,0.25,0.35,56,15,16.57,17.54,0.50,0.88,3.73,5.27,0.85,13.83,0.63,1.00,4.00,1.41,0.07,0.52,0.24,0.04,0.28
843,1,59,6,35,6,103,9,52,9,0.50,0.17,0.10,0.17,0.17,0.29,59,19,16.86,16.71,0.57,0.84,4.11,5.81,0.88,16.74,0.67,1.00,6.00,1.73,0.12,0.63,0.19,0.08,0.27
667,1,56,5,31,5,113,10,54,10,0.48,0.19,0.09,0.00,0.00,0.00,56,19,16.54,16.11,0.50,0.84,3.73,5.27,0.85,13.83,0.57,0.73,5.82,1.71,0.15,0.48,0.19,0.02,0.20
726,1,36,5,21,5,56,6,30,6,0.54,0.20,0.14,0.20,0.20,0.32,36,17,16.83,17.09,0.64,0.88,3.40,4.81,0.89,15.93,0.70,1.00,5.00,1.58,0.17,0.56,0.17,0.07,0.23
766,1,40,8,23,8,65,10,29,10,0.45,0.34,0.20,0.40,0.80,0.63,40,18,16.74,16.25,0.62,0.85,3.51,4.96,0.88,15.59,0.79,1.00,5.00,1.58,0.17,0.67,0.21,0.00,0.21
544,1,52,2,30,2,92,4,44,4,0.48,0.09,0.04,0.00,0.00,0.00,52,17,16.74,16.53,0.57,0.82,3.83,5.42,0.87,15.56,0.68,0.91,9.09,2.13,0.23,0.64,0.16,0.00,0.16
608,1,42,3,23,2,73,4,33,3,0.45,0.09,0.07,0.00,0.00,0.00,42,15,16.46,16.57,0.58,0.82,3.48,4.92,0.87,14.46,0.70,1.00,5.00,1.58,0.15,0.61,0.21,0.00,0.21
856,1,52,7,31,7,111,10,50,10,0.45,0.20,0.13,0.12,0.12,0.25,52,16,15.88,15.95,0.47,0.79,3.49,4.94,0.84,12.70,0.62,0.75,4.50,1.50,0.12,0.59,0.14,0.02,0.16
536,1,49,5,27,5,94,5,41,5,0.44,0.12,0.10,0.14,0.14,0.27,49,15,16.17,16.54,0.52,0.81,3.57,5.05,0.86,13.76,0.66,1.00,7.00,1.87,0.17,0.44,0.22,0.00,0.22
787,1,47,3,26,3,82,4,40,4,0.49,0.10,0.06,0.00,0.00,0.00,47,17,16.99,16.61,0.57,0.85,3.67,5.19,0.87,15.15,0.65,1.00,6.00,1.73,0.15,0.50,0.25,0.00,0.25
523,1,39,5,23,5,61,6,33,6,0.54,0.18,0.13,0.20,0.40,0.45,39,19,16.59,16.88,0.64,0.87,3.53,4.99,0.89,16.41,0.70,0.90,8.10,2.01,0.27,0.56,0.15,0.00,0.15
723,1,59,7,33,7,134,8,61,8,0.46,0.13,0.12,0.17,0.50,0.50,59,18,16.78,17.36,0.44,0.86,3.60,5.10,0.83,12.70,0.54,0.72,9.39,2.17,0.21,0.48,0.08,0.02,0.10
863,1,22,2,12,2,35,2,17,2,0.49,0.12,0.09,0.00,0.00,0.00,22,16,14.89,15.75,0.63,0.80,2.63,3.72,0.87,11.82,0.71,0.67,1.33,0.82,0.12,0.64,0.18,0.00,0.18
892,1,68,9,41,8,130,10,67,9,0.52,0.13,0.13,0.00,0.00,0.00,68,19,16.86,16.62,0.52,0.82,4.22,5.96,0.87,15.88,0.61,0.75,11.25,2.37,0.22,0.61,0.12,0.04,0.16
556,1,38,6,20,5,67,9,30,8,0.45,0.27,0.16,0.17,0.17,0.29,38,15,15.94,16.18,0.57,0.82,3.28,4.64,0.87,13.54,0.67,1.00,6.00,1.73,0.20,0.50,0.17,0.00,0.17
834,1,43,6,23,5,67,9,33,8,0.49,0.24,0.14,0.11,0.11,0.24,43,16,17.23,17.12,0.64,0.87,3.71,5.25,0.89,17.31,0.70,0.78,5.44,1.65,0.21,0.61,0.09,0.06,0.15
617,1,49,7,32,7,89,14,50,14,0.56,0.28,0.14,0.18,0.36,0.43,49,17,16.40,17.40,0.55,0.88,3.67,5.19,0.87,14.66,0.64,0.91,9.09,2.13,0.20,0.41,0.16,0.06,0.22
585,1,58,7,37,7,107,10,56,10,0.52,0.18,0.12,0.00,0.00,0.00,58,18,16.68,16.97,0.54,0.83,3.96,5.61,0.87,15.49,0.66,0.90,8.10,2.01,0.16,0.61,0.16,0.02,0.18
685,1,48,5,27,5,98,9,45,9,0.46,0.20,0.10,0.00,0.00,0.00,48,18,16.04,16.21,0.49,0.79,3.43,4.85,0.84,12.79,0.60,0.83,4.17,1.44,0.11,0.62,0.18,0.00,0.18
833,1,79,12,49,10,146,14,73,12,0.50,0.16,0.15,0.11,0.22,0.33,79,17,17.55,17.98,0.54,0.91,4.62,6.54,0.88,17.56,0.67,0.78,10.89,2.33,0.19,0.54,0.18,0.05,0.23
836,1,70,14,45,13,158,21,76,20,0.48,0.26,0.20,0.12,0.25,0.35,70,17,16.46,16.68,0.44,0.87,3.94,5.57,0.84,13.67,0.59,0.88,12.25,2.47,0.18,0.43,0.16,0.00,0.16
830,1,39,4,20,4,64,5,27,5,0.42,0.19,0.10,0.14,0.14,0.27,39,18,16.59,17.17,0.61,0.85,3.45,4.88,0.88,15.17,0.74,0.86,5.14,1.60,0.22,0.68,0.04,0.00,0.04
737,1,51,3,33,3,92,5,49,5,0.53,0.10,0.06,0.00,0.00,0.00,51,15,16.12,15.94,0.55,0.80,3.76,5.32,0.87,15.05,0.67,1.00,10.00,2.24,0.20,0.56,0.16,0.00,0.16
858,1,50,8,28,8,86,12,46,12,0.53,0.26,0.16,0.11,0.11,0.24,50,19,17.03,17.51,0.58,0.94,3.81,5.39,0.88,15.89,0.61,0.89,7.11,1.89,0.17,0.56,0.15,0.00,0.15
670,1,37,6,22,6,72,11,35,11,0.49,0.31,0.16,0.50,0.50,0.50,37,17,15.87,16.60,0.51,0.85,3.08,4.36,0.84,11.93,0.63,1.00,2.00,1.00,0.06,0.67,0.20,0.03,0.23
916,1,44,7,27,7,68,7,37,7,0.54,0.19,0.16,0.00,0.00,0.00,44,19,17.70,17.00,0.65,0.87,3.77,5.34,0.90,17.76,0.73,1.00,6.00,1.73,0.16,0.70,0.22,0.03,0.24
702,1,59,5,37,5,103,6,52,6,0.50,0.12,0.08,0.08,0.08,0.20,59,18,16.97,17.10,0.57,0.85,4.11,5.81,0.88,16.74,0.71,0.92,10.08,2.25,0.21,0.64,0.12,0.04,0.15
577,1,46,7,26,7,92,7,41,7,0.45,0.17,0.15,0.29,0.57,0.53,46,17,15.71,16.27,0.50,0.84,3.39,4.80,0.85,12.81,0.63,0.86,5.14,1.60,0.15,0.48,0.17,0.07,0.24
631,0,0,0,0,0,0,0,0,0,0,0,0,0,0,0,0,0,0,0,0,0,0,0,0,0,0,0,0,0,0,0,0,0,0
810,1,48,9,27,8,72,11,34,10,0.47,0.29,0.19,0.25,0.50,0.50,48,18,17.40,17.39,0.67,0.88,4.00,5.66,0.91,19.59,0.79,0.88,6.12,1.75,0.21,0.79,0.18,0.03,0.21
851,1,39,5,22,5,75,11,40,11,0.53,0.28,0.13,0.12,0.12,0.25,39,16,15.65,14.57,0.52,0.72,3.18,4.50,0.85,12.38,0.55,0.75,4.50,1.50,0.15,0.39,0.15,0.05,0.20
880,1,40,2,21,2,71,4,38,4,0.54,0.11,0.05,0.00,0.00,0.00,40,17,16.57,17.65,0.56,0.88,3.36,4.75,0.87,13.75,0.55,0.78,5.44,1.65,0.18,0.50,0.05,0.00,0.05
778,1,38,1,18,1,59,1,25,1,0.42,0.04,0.03,0.00,0.00,0.00,38,18,17.04,16.56,0.64,0.90,3.50,4.95,0.89,16.41,0.72,0.75,4.50,1.50,0.24,0.69,0.12,0.04,0.16
798,1,65,11,40,10,138,17,67,15,0.49,0.22,0.17,0.17,0.50,0.50,65,20,16.46,16.99,0.47,0.87,3.91,5.53,0.85,14.00,0.60,0.78,10.89,2.33,0.21,0.50,0.09,0.03,0.12
747,1,51,8,27,8,111,20,49,19,0.44,0.39,0.16,0.25,0.50,0.50,51,14,16.13,17.13,0.46,0.83,3.42,4.84,0.83,12.39,0.55,0.88,6.12,1.75,0.14,0.55,0.10,0.00,0.10
593,1,53,5,31,5,113,9,56,9,0.50,0.16,0.09,0.10,0.10,0.22,53,17,16.34,16.57,0.47,0.82,3.53,4.99,0.84,12.82,0.55,0.70,4.90,1.57,0.12,0.55,0.14,0.02,0.16
920,1,52,5,34,4,96,7,50,6,0.52,0.12,0.10,0.00,0.00,0.00,52,17,16.29,16.01,0.54,0.81,3.75,5.31,0.87,14.76,0.68,0.80,6.40,1.79,0.16,0.56,0.22,0.02,0.24
534,1,76,13,46,13,158,22,79,22,0.50,0.28,0.17,0.16,0.47,0.49,76,17,17.16,17.52,0.48,0.85,4.28,6.05,0.86,15.21,0.58,0.84,13.47,2.60,0.20,0.49,0.13,0.01,0.14
898,1,41,2,22,2,73,2,32,2,0.44,0.06,0.05,0.29,0.57,0.53,41,17,15.95,16.88,0.56,0.88,3.39,4.80,0.87,13.86,0.69,1.00,7.00,1.87,0.22,0.47,0.09,0.09,0.19
637,1,38,1,17,1,71,2,30,2,0.42,0.07,0.03,0.00,0.00,0.00,38,14,15.82,15.90,0.54,0.73,3.19,4.51,0.85,12.62,0.57,0.67,2.67,1.15,0.13,0.47,0.20,0.00,0.20
620,0,0,0,0,0,0,0,0,0,0,0,0,0,0,0,0,0,0,0,0,0,0,0,0,0,0,0,0,0,0,0,0,0,0
727,1,43,2,24,2,64,2,32,2,0.50,0.06,0.05,0.17,0.17,0.29,43,17,16.90,17.20,0.67,0.88,3.80,5.38,0.90,18.89,0.75,1.00,6.00,1.73,0.19,0.53,0.25,0.03,0.28
501,1,26,2,15,2,34,2,16,2,0.47,0.12,0.08,0.00,0.00,0.00,26,17,16.71,17.20,0.76,0.85,3.15,4.46,0.92,20.13,0.94,1.00,3.00,1.22,0.19,0.89,0.19,0.06,0.25
671,1,51,6,32,6,90,8,42,8,0.47,0.19,0.12,0.12,0.12,0.25,51,17,15.91,16.26,0.57,0.84,3.80,5.38,0.87,15.48,0.76,1.00,8.00,2.00,0.19,0.68,0.14,0.00,0.14
767,1,48,7,29,7,95,10,47,10,0.49,0.21,0.15,0.08,0.08,0.20,48,17,16.30,16.31,0.51,0.85,3.48,4.92,0.85,13.19,0.62,0.67,5.33,1.63,0.17,0.50,0.19,0.00,0.19
601,1,58,3,31,3,104,4,47,4,0.45,0.09,0.05,0.09,0.09,0.21,58,18,17.26,17.53,0.56,0.90,4.02,5.69,0.87,16.04,0.66,0.82,7.36,1.92,0.19,0.65,0.11,0.04,0.15
780,1,68,8,44,8,137,10,60,10,0.44,0.17,0.12,0.00,0.00,0.00,68,19,16.62,16.53,0.50,0.83,4.11,5.81,0.86,15.01,0.73,0.92,11.08,2.35,0.20,0.67,0.20,0.02,0.22
864,1,51,3,30,3,105,3,49,3,0.47,0.06,0.06,0.00,0.00,0.00,51,14,16.49,16.65,0.49,0.78,3.52,4.98,0.84,13.03,0.61,0.73,5.82,1.71,0.16,0.67,0.16,0.00,0.16
693,1,56,3,32,3,109,4,50,4,0.46,0.08,0.05,0.00,0.00,0.00,56,17,16.66,16.97,0.51,0.84,3.79,5.36,0.86,14.35,0.64,0.69,6.23,1.77,0.18,0.61,0.12,0.02,0.14
744,1,54,10,32,10,86,20,45,20,0.52,0.44,0.19,0.12,0.12,0.25,54,19,17.16,18.03,0.63,0.89,4.12,5.82,0.90,18.52,0.71,0.88,6.12,1.75,0.16,0.54,0.18,0.07,0.24
508,1,50,3,29,3,83,4,44,4,0.53,0.09,0.06,0.10,0.10,0.22,50,15,17.05,16.98,0.60,0.81,3.88,5.49,0.89,16.73,0.66,0.90,8.10,2.01,0.20,0.59,0.18,0.02,0.20
815,1,64,7,36,6,167,12,69,11,0.41,0.16,0.11,0.15,0.31,0.39,64,15,15.03,14.56,0.38,0.74,3.50,4.95,0.81,11.86,0.52,0.85,9.31,2.16,0.16,0.38,0.16,0.01,0.17
629,1,32,4,19,4,49,6,22,6,0.45,0.27,0.12,0.00,0.00,0.00,32,17,16.62,17.30,0.65,0.88,3.23,4.57,0.89,15.44,0.86,1.00,3.00,1.22,0.14,0.91,0.23,0.05,0.27
867,1,74,10,42,10,136,12,59,12,0.43,0.20,0.14,0.00,0.00,0.00,74,16,16.81,17.14,0.54,0.84,4.49,6.35,0.88,17.22,0.71,0.86,10.29,2.27,0.20,0.64,0.15,0.03,0.19
893,1,52,6,31,6,91,6,45,6,0.49,0.13,0.12,0.00,0.00,0.00,52,18,16.19,16.89,0.57,0.88,3.85,5.45,0.88,15.79,0.69,0.82,7.36,1.92,0.20,0.58,0.11,0.04,0.16
535,1,64,7,42,7,117,17,76,17,0.65,0.22,0.11,0.00,0.00,0.00,64,18,17.09,17.17,0.55,0.87,4.18,5.92,0.87,16.33,0.55,0.80,9.60,2.19,0.16,0.41,0.16,0.04,0.20
573,1,41,5,24,5,63,6,31,5,0.49,0.16,0.12,0.00,0.00,0.00,41,18,16.93,17.36,0.65,0.88,3.65,5.17,0.90,17.35,0.77,0.88,6.12,1.75,0.23,0.73,0.13,0.06,0.19
539,1,33,1,17,1,52,1,24,1,0.46,0.04,0.03,0.00,0.00,0.00,33,16,16.28,16.64,0.63,0.85,3.24,4.58,0.88,14.91,0.71,0.67,2.67,1.15,0.17,0.69,0.12,0.04,0.17
912,1,43,3,21,3,77,6,38,6,0.49,0.16,0.07,0.08,0.08,0.20,43,19,16.85,16.88,0.56,0.85,3.47,4.90,0.87,14.07,0.55,0.58,4.08,1.43,0.18,0.50,0.16,0.00,0.16
728,1,43,4,24,3,113,7,51,6,0.45,0.12,0.09,0.10,0.10,0.22,43,15,15.06,14.98,0.38,0.78,2.86,4.05,0.80,10.05,0.47,0.60,3.60,1.34,0.12,0.48,0.14,0.00,0.14
771,1,64,5,36,5,133,8,61,8,0.46,0.13,0.08,0.00,0.00,0.00,64,18,16.62,16.46,0.48,0.84,3.92,5.55,0.85,14.20,0.59,0.69,6.23,1.77,0.15,0.59,0.11,0.02,0.13
857,1,49,3,31,3,79,3,39,3,0.49,0.08,0.06,0.18,0.36,0.43,49,17,16.87,16.09,0.62,0.78,3.90,5.51,0.89,17.36,0.79,1.00,11.00,2.35,0.28,0.69,0.23,0.00,0.23
895,0,0,0,0,0,0,0,0,0,0,0,0,0,0,0,0,0,0,0,0,0,0,0,0,0,0,0,0,0,0,0,0,0,0
600,1,45,9,29,7,111,25,56,21,0.50,0.38,0.20,0.00,0.00,0.00,45,16,15.52,16.84,0.41,0.82,3.02,4.27,0.81,10.67,0.52,0.86,5.14,1.60,0.11,0.46,0.11,0.00,0.11
743,1,59,9,34,9,114,17,54,17,0.47,0.31,0.15,0.12,0.25,0.35,59,18,17.08,17.40,0.52,0.90,3.91,5.53,0.86,14.79,0.63,0.81,10.56,2.30,0.24,0.50,0.13,0.00,0.13
841,1,40,6,23,4,69,7,37,5,0.54,0.14,0.15,0.09,0.09,0.21,40,17,16.33,16.22,0.58,0.85,3.41,4.82,0.87,14.28,0.62,0.73,5.82,1.71,0.22,0.53,0.11,0.08,0.19
792,1,74,7,44,6,141,8,61,7,0.43,0.11,0.09,0.13,0.27,0.37,74,16,17.11,16.99,0.52,0.84,4.41,6.23,0.87,16.50,0.72,0.93,13.07,2.56,0.23,0.67,0.15,0.03,0.18
729,1,37,3,19,3,75,7,38,7,0.51,0.18,0.08,0.17,0.17,0.29,37,16,15.28,15.48,0.49,0.80,3.02,4.27,0.84,11.46,0.50,0.83,4.17,1.44,0.13,0.33,0.11,0.03,0.13
515,1,39,6,22,6,83,13,43,13,0.52,0.30,0.15,0.25,0.50,0.50,39,16,15.92,15.46,0.47,0.79,3.03,4.28,0.83,11.23,0.51,0.62,3.12,1.25,0.12,0.48,0.14,0.02,0.16
603,1,21,3,11,3,29,3,14,3,0.48,0.21,0.14,0.25,0.25,0.35,21,15,15.94,14.77,0.72,0.75,2.76,3.90,0.90,15.26,0.79,1.00,4.00,1.41,0.29,0.67,0.21,0.00,0.21
618,1,47,6,27,6,94,7,44,7,0.47,0.16,0.13,0.25,0.25,0.35,47,16,16.53,17.56,0.50,0.86,3.43,4.85,0.85,12.93,0.61,1.00,4.00,1.41,0.09,0.58,0.16,0.05,0.20
568,0,0,0,0,0,0,0,0,0,0,0,0,0,0,0,0,0,0,0,0,0,0,0,0,0,0,0,0,0,0,0,0,0,0
607,1,64,6,43,6,136,10,65,10,0.48,0.15,0.09,0.05,0.05,0.15,64,17,16.19,17.29,0.47,0.86,3.88,5.49,0.85,13.91,0.66,0.86,15.43,2.78,0.28,0.50,0.11,0.02,0.12
686,1,45,8,28,7,63,10,35,9,0.56,0.26,0.18,0.12,0.12,0.25,45,19,17.64,17.77,0.71,0.93,4.01,5.67,0.92,22.16,0.80,0.88,6.12,1.75,0.20,0.67,0.20,0.06,0.26
774,1,51,9,30,9,101,13,55,13,0.54,0.24,0.18,0.09,0.09,0.21,51,18,16.19,16.40,0.50,0.81,3.59,5.07,0.85,13.54,0.55,0.91,9.09,2.13,0.18,0.48,0.09,0.02,0.11
586,1,63,5,37,5,132,7,64,7,0.48,0.11,0.08,0.08,0.08,0.20,63,19,15.90,15.70,0.48,0.80,3.88,5.48,0.85,14.00,0.58,0.69,6.23,1.77,0.14,0.56,0.12,0.02,0.14
765,1,2,1,2,1,2,1,2,1,1.00,0.50,0.50,0,0,0,2,2,2,2,1.00,1.00,1.00,1.41,1.00,NaN,1.00,0,0,0,0.00,1.00,0.00,0.00,0.00
554,1,84,10,50,10,207,11,94,11,0.45,0.12,0.12,0.14,0.41,0.45,84,18,16.12,15.74,0.41,0.81,4.13,5.84,0.83,13.69,0.53,0.77,13.14,2.56,0.18,0.49,0.11,0.01,0.12
713,1,59,9,38,9,112,12,57,12,0.51,0.21,0.15,0.23,0.69,0.59,59,16,16.83,17.57,0.53,0.85,3.94,5.57,0.86,15.09,0.67,0.92,11.08,2.35,0.21,0.63,0.09,0.02,0.11
613,1,75,6,47,6,148,9,73,9,0.49,0.12,0.08,0.06,0.06,0.18,75,16,16.63,17.23,0.51,0.86,4.36,6.16,0.86,15.96,0.64,0.88,12.25,2.47,0.19,0.54,0.15,0.03,0.18
717,1,44,9,25,9,83,12,41,12,0.49,0.29,0.20,0.17,0.17,0.29,44,18,16.46,16.89,0.53,0.87,3.42,4.83,0.86,13.36,0.61,0.83,4.17,1.44,0.12,0.52,0.15,0.00,0.15
911,1,51,5,33,5,106,9,54,9,0.51,0.17,0.10,0.08,0.08,0.20,51,17,16.16,16.18,0.48,0.79,3.50,4.95,0.84,12.91,0.61,0.67,5.33,1.63,0.15,0.50,0.17,0.04,0.20
872,1,54,6,29,6,92,9,39,9,0.42,0.23,0.11,0.00,0.00,0.00,54,17,17.42,17.83,0.59,0.90,3.98,5.63,0.88,16.67,0.74,0.80,6.40,1.79,0.21,0.73,0.15,0.03,0.18
808,1,53,8,28,6,94,10,41,7,0.44,0.17,0.15,0.08,0.08,0.20,53,18,17.22,17.19,0.56,0.91,3.87,5.47,0.87,15.64,0.68,0.85,9.31,2.16,0.27,0.60,0.15,0.00,0.15
875,1,61,6,35,6,111,9,48,9,0.43,0.19,0.10,0.11,0.11,0.24,61,17,16.60,16.64,0.55,0.84,4.09,5.79,0.87,16.09,0.73,0.89,7.11,1.89,0.17,0.68,0.15,0.08,0.23
829,1,43,5,25,4,79,6,37,5,0.47,0.14,0.12,0.17,0.17,0.29,43,17,16.13,16.42,0.54,0.83,3.42,4.84,0.86,13.63,0.68,0.83,4.17,1.44,0.14,0.52,0.19,0.05,0.24
827,1,58,6,35,6,94,8,53,8,0.56,0.15,0.10,0.00,0.00,0.00,58,17,17.51,18.04,0.62,0.90,4.23,5.98,0.89,18.57,0.66,0.92,11.08,2.35,0.23,0.53,0.13,0.04,0.17
718,1,59,8,33,8,91,9,46,9,0.51,0.20,0.14,0.09,0.09,0.21,59,18,17.52,18.16,0.65,0.91,4.37,6.18,0.90,20.39,0.72,0.91,9.09,2.13,0.22,0.62,0.15,0.02,0.17
725,1,56,4,30,4,105,5,51,5,0.49,0.10,0.07,0.08,0.08,0.20,56,17,17.01,17.15,0.53,0.87,3.86,5.47,0.86,14.96,0.59,0.92,10.08,2.25,0.22,0.42,0.16,0.00,0.16
575,1,52,6,31,6,94,7,43,7,0.46,0.16,0.12,0.00,0.00,0.00,52,18,16.65,16.71,0.55,0.85,3.79,5.36,0.87,15.14,0.72,0.88,6.12,1.75,0.16,0.72,0.26,0.05,0.30
507,1,44,3,27,3,74,5,37,5,0.50,0.14,0.07,0.14,0.14,0.27,44,19,16.33,16.17,0.59,0.77,3.62,5.11,0.88,15.48,0.73,1.00,7.00,1.87,0.19,0.67,0.19,0.00,0.19
714,1,49,3,29,3,86,3,40,3,0.47,0.07,0.06,0.00,0.00,0.00,49,16,16.29,15.87,0.57,0.77,3.74,5.28,0.87,15.32,0.72,0.70,4.90,1.57,0.17,0.80,0.12,0.05,0.17
614,1,62,7,38,7,99,7,49,7,0.49,0.14,0.11,0.15,0.31,0.39,62,17,17.19,17.80,0.63,0.88,4.41,6.23,0.90,19.60,0.78,1.00,13.00,2.55,0.27,0.68,0.08,0.04,0.12
684,1,94,10,58,10,208,14,110,14,0.53,0.13,0.11,0.00,0.00,0.00,94,14,17.27,17.16,0.45,0.85,4.61,6.52,0.85,15.58,0.53,0.73,11.64,2.41,0.15,0.44,0.15,0.03,0.18
606,1,44,6,21,5,70,12,32,11,0.46,0.34,0.14,0.00,0.00,0.00,44,18,17.16,17.23,0.63,0.92,3.72,5.26,0.89,16.88,0.66,0.67,5.33,1.63,0.25,0.62,0.09,0.03,0.12
869,1,62,5,38,5,120,5,56,5,0.47,0.09,0.08,0.00,0.00,0.00,62,18,17.11,17.32,0.52,0.85,4.00,5.66,0.86,15.07,0.68,0.85,9.31,2.16,0.20,0.66,0.16,0.02,0.18
769,1,35,4,17,4,53,6,23,6,0.43,0.26,0.11,0.00,0.00,0.00,35,16,16.82,17.05,0.66,0.88,3.40,4.81,0.90,16.50,0.74,1.00,3.00,1.22,0.13,0.58,0.26,0.04,0.30
680,1,57,8,32,7,107,9,47,8,0.44,0.17,0.14,0.14,0.29,0.38,57,17,16.59,16.61,0.53,0.84,3.90,5.51,0.87,15.06,0.68,0.86,10.29,2.27,0.26,0.50,0.15,0.04,0.19
512,1,76,13,46,13,130,16,59,16,0.45,0.27,0.17,0.09,0.09,0.21,76,18,17.49,18.22,0.58,0.92,4.71,6.67,0.89,19.17,0.78,1.00,11.00,2.35,0.19,0.67,0.22,0.05,0.27
716,1,62,12,34,11,114,22,59,21,0.52,0.36,0.19,0.20,0.60,0.55,62,19,17.60,17.67,0.54,0.90,4.11,5.81,0.87,15.99,0.58,0.67,6.67,1.83,0.17,0.52,0.15,0.03,0.19
777,1,46,7,32,7,72,10,42,10,0.58,0.24,0.15,0.17,0.33,0.41,46,15,16.72,16.86,0.64,0.82,3.83,5.42,0.90,17.73,0.76,1.00,12.00,2.45,0.29,0.65,0.07,0.07,0.14
837,1,47,6,30,6,98,9,52,9,0.53,0.17,0.13,0.00,0.00,0.00,47,19,15.86,15.65,0.48,0.85,3.36,4.75,0.84,12.42,0.58,0.67,5.33,1.63,0.15,0.59,0.12,0.02,0.13
835,1,50,2,27,2,92,2,42,2,0.46,0.05,0.04,0.00,0.00,0.00,50,16,16.73,16.69,0.54,0.81,3.69,5.21,0.87,14.56,0.64,0.75,4.50,1.50,0.14,0.59,0.19,0.05,0.24
696,1,54,4,33,4,108,13,55,13,0.51,0.24,0.07,0.08,0.08,0.20,54,16,15.99,16.37,0.50,0.85,3.67,5.20,0.85,13.74,0.60,0.83,8.33,2.04,0.18,0.53,0.13,0.02,0.15
548,1,34,3,18,3,69,4,28,4,0.41,0.14,0.09,0.00,0.00,0.00,34,16,14.96,15.73,0.49,0.82,2.89,4.09,0.83,11.00,0.64,0.67,2.67,1.15,0.14,0.61,0.07,0.04,0.11
805,0,0,0,0,0,0,0,0,0,0,0,0,0,0,0,0,0,0,0,0,0,0,0,0,0,0,0,0,0,0,0,0,0,0
624,1,59,5,32,5,85,5,42,5,0.49,0.12,0.08,0.00,0.00,0.00,59,16,17.68,18.30,0.69,0.90,4.53,6.40,0.92,23.48,0.76,0.83,4.17,1.44,0.12,0.71,0.26,0.05,0.31
915,1,51,5,30,5,108,9,50,9,0.46,0.18,0.10,0.00,0.00,0.00,51,18,16.06,16.20,0.47,0.82,3.47,4.91,0.84,12.69,0.60,0.75,6.75,1.84,0.18,0.48,0.14,0.00,0.14
768,1,72,7,44,6,155,7,71,6,0.46,0.08,0.10,0.00,0.00,0.00,72,16,16.43,16.31,0.46,0.81,4.09,5.78,0.85,14.41,0.62,0.76,12.19,2.47,0.23,0.52,0.14,0.06,0.20
559,1,70,8,41,8,126,10,65,10,0.52,0.15,0.11,0.15,0.31,0.39,70,19,17.69,17.76,0.56,0.88,4.41,6.24,0.88,17.28,0.63,0.92,11.08,2.35,0.18,0.48,0.18,0.05,0.23
663,1,67,7,38,6,155,11,68,10,0.44,0.15,0.10,0.07,0.07,0.19,67,16,15.91,15.98,0.43,0.80,3.81,5.38,0.83,13.17,0.56,0.71,7.14,1.89,0.15,0.50,0.18,0.00,0.18
506,1,61,8,40,8,107,11,53,11,0.50,0.21,0.13,0.06,0.06,0.18,61,17,17.00,18.35,0.57,0.92,4.17,5.90,0.88,16.87,0.75,0.81,10.56,2.30,0.25,0.61,0.21,0.04,0.25
543,0,0,0,0,0,0,0,0,0,0,0,0,0,0,0,0,0,0,0,0,0,0,0,0,0,0,0,0,0,0,0,0,0,0
789,1,72,8,39,8,121,10,53,10,0.44,0.19,0.11,0.07,0.07,0.18,72,18,17.90,17.56,0.60,0.90,4.63,6.55,0.89,19.24,0.74,0.87,11.27,2.37,0.25,0.64,0.19,0.06,0.25
621,1,46,2,26,1,80,2,40,1,0.50,0.03,0.04,0.00,0.00,0.00,46,19,16.56,17.07,0.57,0.89,3.64,5.14,0.87,15.07,0.65,0.67,4.00,1.41,0.15,0.53,0.20,0.05,0.25
572,1,59,4,35,3,112,6,55,5,0.49,0.09,0.07,0.00,0.00,0.00,59,16,16.39,16.02,0.53,0.77,3.94,5.57,0.86,15.09,0.64,0.64,4.45,1.49,0.13,0.54,0.22,0.04,0.25