subjectcode,sentences,wordtypes,swordtypes,lextypes,slextypes,wordtokens,swordtokens,lextokens,slextokens,ld,ls1,ls2,vs1,vs2,cvs1,ndw,ndwz,ndwerz,ndwesz,ttr,msttr,cttr,rttr,logttr,uber,lv,vv1,svv1,cvv1,vv2,nv,adjv,advv,modv
100,1,42,13,24,12,54,17,25,13,0.46,0.52,0.31,0.25,0.25,0.35,42,17,17.76,17.54,0.78,0.85,4.04,5.72,0.94,27.50,0.96,1.00,4.00,1.41,0.16,0.92,0.28,0.04,0.32
101,1,81,15,55,13,135,29,72,19,0.53,0.26,0.19,0.19,0.56,0.53,81,18,17.79,18.30,0.60,0.92,4.93,6.97,0.90,20.46,0.76,0.88,12.25,2.47,0.19,0.71,0.17,0.19,0.36
105,1,60,15,36,12,104,22,45,12,0.43,0.27,0.25,0.30,0.90,0.67,60,17,16.94,16.95,0.58,0.89,4.16,5.88,0.88,17.03,0.80,0.80,6.40,1.79,0.18,0.78,0.20,0.11,0.31
106,1,38,15,25,12,56,18,31,14,0.55,0.45,0.39,0.14,0.14,0.27,38,15,16.98,16.31,0.68,0.80,3.59,5.08,0.90,18.15,0.81,0.71,3.57,1.34,0.16,0.71,0.26,0.06,0.32
109,1,45,18,32,15,66,22,37,16,0.56,0.43,0.40,0.17,0.17,0.29,45,18,17.04,16.87,0.68,0.88,3.92,5.54,0.91,19.90,0.86,0.83,4.17,1.44,0.14,0.83,0.24,0.08,0.32
110,1,37,8,22,6,59,15,29,9,0.49,0.31,0.22,0.00,0.00,0.00,37,15,16.09,15.61,0.63,0.75,3.41,4.82,0.89,15.47,0.76,1.00,2.00,1.00,0.07,0.62,0.24,0.17,0.41
111,1,48,12,30,10,72,17,35,11,0.49,0.31,0.25,0.25,0.50,0.50,48,16,17.35,17.01,0.67,0.83,4.00,5.66,0.91,19.59,0.86,1.00,8.00,2.00,0.23,0.75,0.23,0.06,0.29
113,1,50,14,28,10,64,17,32,11,0.50,0.34,0.28,0.14,0.14,0.27,50,17,18.44,18.13,0.78,0.90,4.42,6.25,0.94,30.43,0.88,0.86,5.14,1.60,0.19,0.79,0.28,0.06,0.34
115,1,41,14,25,12,69,24,34,17,0.49,0.50,0.34,0.33,0.67,0.58,41,16,16.69,16.40,0.59,0.80,3.49,4.94,0.88,14.96,0.74,0.83,4.17,1.44,0.15,0.56,0.21,0.12,0.32
116,1,15,4,10,3,15,4,10,3,0.67,0.30,0.27,0.33,0.33,0.41,15,15,15,15,1.00,1.00,2.74,3.87,1.00,NaN,1.00,1.00,3.00,1.22,0.30,1.00,0.20,0.10,0.30
118,1,49,16,29,14,80,24,37,17,0.46,0.46,0.33,0.29,0.57,0.53,49,16,16.88,17.35,0.61,0.86,3.87,5.48,0.89,17.01,0.78,0.71,3.57,1.34,0.14,0.70,0.19,0.08,0.27
120,1,35,14,22,12,48,20,24,13,0.50,0.54,0.40,1.00,2.00,1.00,35,17,16.65,16.00,0.73,0.80,3.57,5.05,0.92,20.61,0.92,1.00,2.00,1.00,0.08,0.85,0.25,0.12,0.38
121,1,50,11,31,9,72,18,36,10,0.50,0.28,0.22,0.33,0.67,0.58,50,17,17.38,17.26,0.69,0.85,4.17,5.89,0.91,21.78,0.86,1.00,6.00,1.73,0.17,0.71,0.28,0.14,0.42
122,1,46,13,25,10,63,17,28,11,0.44,0.39,0.28,0.00,0.00,0.00,46,19,17.42,17.05,0.73,0.88,4.10,5.80,0.92,23.70,0.89,1.00,2.00,1.00,0.07,0.80,0.21,0.18,0.39
123,1,44,12,28,10,64,18,33,12,0.52,0.36,0.27,0.40,0.80,0.63,44,19,17.31,16.74,0.69,0.87,3.89,5.50,0.91,20.05,0.85,1.00,5.00,1.58,0.15,0.72,0.15,0.15,0.30
124,1,46,12,28,10,70,16,34,11,0.49,0.32,0.26,0.25,0.50,0.50,46,18,17.36,17.69,0.66,0.90,3.89,5.50,0.90,18.67,0.82,0.75,4.50,1.50,0.18,0.79,0.24,0.09,0.32
126,1,48,18,27,15,81,29,37,20,0.46,0.54,0.38,0.80,3.20,1.26,48,17,16.56,15.98,0.59,0.84,3.77,5.33,0.88,16.03,0.73,1.00,5.00,1.58,0.14,0.58,0.19,0.11,0.30
130,1,44,12,24,9,66,15,28,10,0.42,0.36,0.27,0.00,0.00,0.00,44,17,17.08,16.95,0.67,0.85,3.83,5.42,0.90,18.80,0.86,0.50,0.50,0.50,0.04,0.77,0.36,0.11,0.46
132,1,30,11,18,9,43,16,22,11,0.51,0.50,0.37,0.40,0.80,0.63,30,15,16.33,15.96,0.70,0.82,3.23,4.57,0.90,17.07,0.82,0.80,3.20,1.26,0.18,0.73,0.14,0.14,0.27
134,1,48,13,27,11,86,26,41,21,0.48,0.51,0.27,0.25,0.50,0.50,48,17,16.68,17.04,0.56,0.86,3.66,5.18,0.87,14.78,0.66,0.88,6.12,1.75,0.17,0.45,0.17,0.07,0.24
135,1,24,9,13,7,40,15,19,10,0.47,0.53,0.38,1.00,1.00,0.71,24,17,15.22,14.60,0.60,0.77,2.68,3.79,0.86,11.57,0.68,1.00,1.00,0.71,0.05,0.54,0.21,0.05,0.26
137,1,34,12,20,10,52,19,27,12,0.52,0.44,0.35,0.33,0.67,0.58,34,16,16.28,16.28,0.65,0.82,3.33,4.71,0.89,15.96,0.74,0.67,2.67,1.15,0.15,0.62,0.26,0.04,0.30
138,1,23,7,13,6,24,8,13,6,0.54,0.46,0.30,1.00,1.00,0.71,23,19,19.31,19.00,0.96,0.95,3.32,4.69,0.99,103.06,1.00,1.00,1.00,0.71,0.08,1.00,0.31,0.08,0.38
141,1,41,12,24,10,58,16,28,11,0.48,0.39,0.29,0.40,0.80,0.63,41,17,16.99,17.25,0.71,0.88,3.81,5.38,0.91,20.64,0.86,1.00,5.00,1.58,0.18,0.77,0.18,0.14,0.32
142,1,47,17,27,13,87,31,38,20,0.44,0.53,0.36,0.50,1.50,0.87,47,16,16.26,16.41,0.54,0.84,3.56,5.04,0.86,14.07,0.71,1.00,6.00,1.73,0.16,0.55,0.21,0.08,0.29
143,1,21,7,11,5,35,10,16,7,0.46,0.44,0.33,0,0,0,21,16,14.89,15.00,0.60,0.80,2.51,3.55,0.86,10.75,0.69,0,0,0,0.00,0.60,0.31,0.06,0.38
144,1,33,11,20,9,40,12,22,9,0.55,0.41,0.33,0.00,0.00,0.00,33,18,18.17,18.15,0.82,0.93,3.69,5.22,0.95,30.72,0.91,1.00,2.00,1.00,0.09,0.91,0.23,0.14,0.36
145,1,21,6,12,5,27,7,13,5,0.48,0.38,0.29,0.00,0.00,0.00,21,16,16.59,16.38,0.78,0.80,2.86,4.04,0.92,18.77,0.92,1.00,2.00,1.00,0.15,0.86,0.23,0.08,0.31
148,1,24,10,16,9,29,11,17,10,0.59,0.59,0.42,0.50,2.00,1.00,24,17,17.49,18.40,0.83,0.85,3.15,4.46,0.94,26.02,0.94,1.00,8.00,2.00,0.47,1.00,0.06,0.06,0.12
150,1,18,6,10,5,22,6,11,5,0.50,0.45,0.33,0,0,0,18,16,16.63,16.00,0.82,0.80,2.71,3.84,0.94,20.68,0.91,0,0,0,0.00,0.86,0.27,0.09,0.36
152,1,2,2,2,2,2,2,2,2,1.00,1.00,1.00,0,0,0,2,2,2,2,1.00,1.00,1.00,1.41,1.00,NaN,1.00,0,0,0,0.00,1.00,0.50,0.00,0.50
153,1,24,9,16,8,32,12,18,9,0.56,0.50,0.38,0.00,0.00,0.00,24,18,16.46,16.93,0.75,0.90,3.00,4.24,0.92,18.13,0.89,1.00,1.00,0.71,0.06,1.00,0.22,0.17,0.39
154,1,36,11,21,9,56,16,27,12,0.48,0.44,0.31,0.00,0.00,0.00,36,18,16.69,17.27,0.64,0.90,3.40,4.81,0.89,15.93,0.78,1.00,2.00,1.00,0.07,0.67,0.41,0.00,0.41
155,1,24,7,16,6,27,8,16,6,0.59,0.38,0.29,0.00,0.00,0.00,24,19,18.38,18.24,0.89,0.95,3.27,4.62,0.96,40.05,1.00,1.00,6.00,1.73,0.38,1.00,0.25,0.00,0.25
156,1,36,12,20,9,49,13,22,9,0.45,0.41,0.33,0.75,2.25,1.06,36,16,17.24,16.93,0.73,0.82,3.64,5.14,0.92,21.34,0.91,1.00,4.00,1.41,0.18,0.80,0.32,0.05,0.36
157,1,40,12,25,9,55,18,30,10,0.55,0.33,0.30,0.33,0.67,0.58,40,16,17.09,16.92,0.73,0.85,3.81,5.39,0.92,21.90,0.83,1.00,6.00,1.73,0.20,0.70,0.23,0.17,0.40
159,1,40,12,24,9,55,19,28,11,0.51,0.39,0.30,0.50,1.00,0.71,40,18,17.24,16.95,0.73,0.88,3.81,5.39,0.92,21.90,0.86,1.00,4.00,1.41,0.14,0.71,0.29,0.07,0.36
160,1,21,8,14,7,33,12,17,8,0.52,0.47,0.38,0.50,0.50,0.50,21,16,15.03,14.43,0.64,0.80,2.58,3.66,0.87,11.75,0.82,1.00,2.00,1.00,0.12,0.73,0.18,0.06,0.24
161,1,48,11,30,8,74,15,36,10,0.49,0.28,0.23,0.17,0.17,0.29,48,17,17.01,16.93,0.65,0.85,3.95,5.58,0.90,18.59,0.83,0.83,4.17,1.44,0.14,0.69,0.22,0.17,0.39
163,1,46,15,24,12,71,23,27,13,0.38,0.48,0.33,0.67,1.33,0.82,46,16,16.84,16.36,0.65,0.83,3.86,5.46,0.90,18.18,0.89,1.00,3.00,1.22,0.11,0.75,0.30,0.15,0.44
164,1,40,12,22,9,62,18,26,10,0.42,0.38,0.30,0.00,0.00,0.00,40,17,16.62,16.45,0.65,0.85,3.59,5.08,0.89,16.88,0.85,1.00,4.00,1.41,0.15,0.73,0.23,0.04,0.27
165,1,34,9,20,7,55,13,26,9,0.47,0.35,0.26,0.00,0.00,0.00,34,16,16.54,16.10,0.62,0.75,3.24,4.58,0.88,14.50,0.77,0.80,3.20,1.26,0.15,0.64,0.19,0.08,0.27
166,1,55,12,32,9,91,21,40,13,0.44,0.33,0.22,0.27,0.82,0.64,55,18,17.44,17.29,0.60,0.84,4.08,5.77,0.89,17.55,0.80,0.82,7.36,1.92,0.23,0.64,0.23,0.12,0.35
167,1,35,11,19,8,53,17,24,10,0.45,0.42,0.31,0.00,0.00,0.00,35,16,16.52,16.38,0.66,0.80,3.40,4.81,0.90,16.50,0.79,1.00,1.00,0.71,0.04,0.64,0.25,0.12,0.38
168,1,45,12,28,11,59,16,31,12,0.53,0.39,0.27,0.30,0.90,0.67,45,18,18.09,18.50,0.76,0.93,4.14,5.86,0.93,26.66,0.90,0.80,6.40,1.79,0.26,1.00,0.16,0.13,0.29
170,1,44,13,28,11,63,18,32,12,0.51,0.38,0.30,0.12,0.12,0.25,44,17,17.30,17.17,0.70,0.87,3.92,5.54,0.91,20.77,0.88,1.00,8.00,2.00,0.25,0.79,0.16,0.12,0.28
171,1,46,13,28,12,65,13,30,12,0.46,0.40,0.28,0.50,1.50,0.87,46,17,17.13,16.99,0.71,0.87,4.03,5.71,0.92,21.89,0.93,1.00,6.00,1.73,0.20,1.00,0.17,0.13,0.30
172,1,24,7,17,6,45,12,23,7,0.51,0.30,0.29,0.00,0.00,0.00,24,18,14.29,14.54,0.53,0.78,2.53,3.58,0.83,10.01,0.74,1.00,2.00,1.00,0.09,0.62,0.30,0.00,0.30
173,1,47,10,26,8,67,12,31,8,0.46,0.26,0.21,0.00,0.00,0.00,47,19,17.73,18.17,0.70,0.88,4.06,5.74,0.92,21.66,0.84,0.73,5.82,1.71,0.26,0.92,0.10,0.13,0.23
174,1,30,8,17,6,54,18,23,9,0.43,0.39,0.27,1.00,1.00,0.71,30,16,14.87,14.95,0.56,0.80,2.89,4.08,0.85,11.76,0.74,1.00,1.00,0.71,0.04,0.57,0.26,0.09,0.35
175,1,54,10,34,9,75,14,38,11,0.51,0.29,0.19,0.15,0.31,0.39,54,20,17.87,18.00,0.72,0.93,4.41,6.24,0.92,24.64,0.89,0.85,9.31,2.16,0.29,0.91,0.16,0.18,0.34
177,1,16,5,8,4,19,7,8,4,0.42,0.50,0.31,0,0,0,16,16,16,16,0.84,0.84,2.60,3.67,0.94,21.91,1.00,0,0,0,0.00,1.00,0.12,0.12,0.25
179,1,31,9,16,7,48,14,21,9,0.44,0.43,0.29,0.33,0.33,0.41,31,16,16.20,16.49,0.65,0.78,3.16,4.47,0.89,14.89,0.76,1.00,3.00,1.22,0.14,0.58,0.19,0.10,0.29
182,1,20,6,11,5,35,10,16,7,0.46,0.44,0.30,0,0,0,20,16,14.42,14.28,0.57,0.80,2.39,3.38,0.84,9.81,0.69,0,0,0,0.00,0.60,0.31,0.06,0.38
183,1,32,10,19,9,50,14,22,9,0.44,0.41,0.31,0.20,0.20,0.32,32,19,16.37,17.06,0.64,0.90,3.20,4.53,0.89,14.89,0.86,0.80,3.20,1.26,0.18,0.92,0.09,0.05,0.14
185,1,33,11,20,8,40,13,21,8,0.53,0.38,0.33,0.33,0.67,0.58,33,18,18.18,16.95,0.82,0.93,3.69,5.22,0.95,30.72,0.95,0.83,4.17,1.44,0.24,1.00,0.19,0.10,0.29
186,1,36,8,22,6,54,11,29,8,0.54,0.28,0.22,0.20,0.20,0.32,36,16,16.78,16.73,0.67,0.85,3.46,4.90,0.90,17.04,0.76,0.80,3.20,1.26,0.14,0.64,0.17,0.21,0.38
189,1,38,10,21,8,49,12,23,8,0.47,0.35,0.26,0.25,0.25,0.35,38,17,17.69,17.48,0.78,0.88,3.84,5.43,0.93,25.87,0.91,1.00,4.00,1.41,0.17,0.82,0.30,0.04,0.35
191,1,42,12,23,10,69,21,32,16,0.46,0.50,0.29,0.29,0.57,0.53,42,16,16.90,16.74,0.61,0.85,3.58,5.06,0.88,15.68,0.72,0.71,3.57,1.34,0.16,0.56,0.19,0.09,0.28
193,1,29,10,19,9,42,15,21,9,0.50,0.43,0.34,0.50,0.50,0.50,29,16,15.72,14.43,0.69,0.78,3.16,4.47,0.90,16.38,0.90,1.00,2.00,1.00,0.10,0.82,0.29,0.10,0.38
194,1,38,9,23,7,51,10,26,7,0.51,0.27,0.24,0.17,0.17,0.29,38,20,17.66,17.76,0.75,0.90,3.76,5.32,0.93,22.82,0.88,0.67,2.67,1.15,0.15,0.91,0.19,0.15,0.35
195,1,41,13,23,11,73,21,35,17,0.48,0.49,0.32,0.12,0.12,0.25,41,18,16.76,17.03,0.56,0.87,3.39,4.80,0.87,13.86,0.66,0.50,2.00,1.00,0.11,0.56,0.23,0.06,0.29
196,1,22,7,13,6,26,8,13,6,0.50,0.46,0.32,0.00,0.00,0.00,22,17,17.53,16.99,0.85,0.85,3.05,4.31,0.95,27.60,1.00,1.00,1.00,0.71,0.08,1.00,0.38,0.08,0.46
197,1,45,10,26,8,69,18,31,9,0.45,0.29,0.22,0.33,0.33,0.41,45,17,16.90,17.44,0.65,0.87,3.83,5.42,0.90,18.21,0.84,1.00,3.00,1.22,0.10,0.73,0.29,0.10,0.39
198,1,32,10,18,8,40,14,20,9,0.50,0.45,0.31,0.00,0.00,0.00,32,15,17.71,17.30,0.80,0.88,3.58,5.06,0.94,26.48,0.90,1.00,3.00,1.22,0.15,0.82,0.30,0.00,0.30
199,1,39,13,26,11,65,20,31,13,0.48,0.42,0.33,0,0,0,39,16,16.23,17.10,0.60,0.85,3.42,4.84,0.88,14.81,0.84,0,0,0,0.00,0.78,0.32,0.06,0.39
200,1,31,10,20,7,47,12,23,8,0.49,0.35,0.32,0.33,0.33,0.41,31,16,16.17,16.07,0.66,0.85,3.20,4.52,0.89,15.47,0.87,1.00,3.00,1.22,0.13,0.67,0.39,0.09,0.48
202,1,38,14,24,12,55,19,29,13,0.53,0.45,0.37,1.00,2.00,1.00,38,16,16.78,15.61,0.69,0.75,3.62,5.12,0.91,18.86,0.83,1.00,2.00,1.00,0.07,0.79,0.24,0.14,0.38
203,1,26,7,17,6,35,8,18,6,0.51,0.33,0.27,0.00,0.00,0.00,26,16,16.64,16.37,0.74,0.80,3.11,4.39,0.92,18.47,0.94,1.00,3.00,1.22,0.17,0.88,0.33,0.06,0.39
206,1,64,16,42,14,109,29,58,20,0.53,0.34,0.25,0.25,0.50,0.50,64,17,17.00,16.37,0.59,0.84,4.33,6.13,0.89,17.95,0.72,0.88,6.12,1.75,0.12,0.65,0.17,0.17,0.34
207,1,38,10,24,8,54,14,26,8,0.48,0.31,0.26,0.00,0.00,0.00,38,17,16.67,15.91,0.70,0.80,3.66,5.17,0.91,19.67,0.92,1.00,4.00,1.41,0.15,0.86,0.23,0.08,0.31
208,1,49,13,33,11,77,17,40,13,0.52,0.33,0.27,0.00,0.00,0.00,49,16,17.22,16.44,0.64,0.78,3.95,5.58,0.90,18.13,0.82,0.90,8.10,2.01,0.23,0.80,0.15,0.15,0.30
209,1,37,11,22,8,50,16,25,9,0.50,0.36,0.30,0.50,1.00,0.71,37,16,16.99,15.91,0.74,0.78,3.70,5.23,0.92,22.07,0.88,1.00,4.00,1.41,0.16,0.73,0.28,0.12,0.40
210,1,11,5,7,4,11,5,7,4,0.64,0.57,0.45,0,0,0,11,11,11,11,1.00,1.00,2.35,3.32,1.00,NaN,1.00,0,0,0,0.00,1.00,0.14,0.14,0.29
212,1,42,9,29,8,59,13,33,8,0.56,0.24,0.21,0.12,0.12,0.25,42,17,17.40,18.34,0.71,0.90,3.87,5.47,0.92,21.25,0.88,0.88,6.12,1.75,0.21,0.82,0.27,0.12,0.39
213,1,62,17,39,15,93,25,46,16,0.49,0.35,0.27,0.00,0.00,0.00,62,16,17.40,17.93,0.67,0.90,4.55,6.43,0.91,22.01,0.85,0.75,4.50,1.50,0.13,0.86,0.24,0.09,0.33
214,1,56,15,35,13,97,27,46,18,0.47,0.39,0.27,0.14,0.14,0.27,56,19,17.16,17.73,0.58,0.93,4.02,5.69,0.88,16.54,0.76,0.86,5.14,1.60,0.13,0.64,0.20,0.09,0.28
215,1,24,6,15,6,35,9,19,9,0.54,0.47,0.25,0.67,1.33,0.82,24,18,15.60,16.24,0.69,0.90,2.87,4.06,0.89,14.55,0.79,1.00,3.00,1.22,0.16,0.78,0.16,0.16,0.32
216,1,19,6,11,5,25,6,11,5,0.44,0.45,0.32,0,0,0,19,17,15.91,16.35,0.76,0.85,2.69,3.80,0.91,16.40,1.00,0,0,0,0.00,1.00,0.36,0.09,0.45
217,1,23,6,14,6,27,6,14,6,0.52,0.43,0.26,0.00,0.00,0.00,23,17,17.68,17.00,0.85,0.85,3.13,4.43,0.95,29.42,1.00,1.00,2.00,1.00,0.14,1.00,0.29,0.14,0.43
218,1,47,13,27,10,72,19,34,12,0.47,0.35,0.28,0.00,0.00,0.00,47,15,17.17,16.75,0.65,0.85,3.92,5.54,0.90,18.62,0.79,1.00,5.00,1.58,0.15,0.67,0.32,0.03,0.35
219,1,44,14,26,11,60,16,30,12,0.50,0.40,0.32,0.20,0.20,0.32,44,15,17.13,17.33,0.73,0.88,4.02,5.68,0.92,23.47,0.87,1.00,5.00,1.58,0.17,0.77,0.27,0.10,0.37
220,1,35,13,20,11,53,18,24,12,0.45,0.50,0.37,0.50,0.50,0.50,35,18,16.37,15.53,0.66,0.78,3.40,4.81,0.90,16.50,0.83,1.00,2.00,1.00,0.08,0.73,0.21,0.08,0.29
221,1,50,11,32,9,84,26,43,14,0.51,0.33,0.22,0.20,0.20,0.32,50,18,16.63,16.45,0.60,0.83,3.86,5.46,0.88,16.43,0.74,1.00,5.00,1.58,0.12,0.65,0.19,0.09,0.28
222,1,56,13,30,8,96,18,42,12,0.44,0.29,0.23,0.12,0.24,0.34,56,17,17.51,18.15,0.58,0.93,4.04,5.72,0.88,16.79,0.71,0.65,7.12,1.89,0.26,0.50,0.14,0.17,0.31
224,1,42,6,26,6,67,12,37,12,0.55,0.32,0.14,0.00,0.00,0.00,42,16,16.97,17.27,0.63,0.85,3.63,5.13,0.89,16.44,0.70,1.00,5.00,1.58,0.14,0.50,0.14,0.24,0.38
225,1,52,15,35,13,73,22,40,14,0.55,0.35,0.29,0.29,0.57,0.53,52,16,17.16,16.91,0.71,0.80,4.30,6.09,0.92,23.57,0.88,0.86,5.14,1.60,0.15,0.85,0.28,0.17,0.45
226,1,37,9,20,7,50,15,23,8,0.46,0.35,0.24,0.00,0.00,0.00,37,18,16.97,15.68,0.74,0.80,3.70,5.23,0.92,22.07,0.87,1.00,4.00,1.41,0.17,0.73,0.26,0.09,0.35
228,1,70,18,45,16,130,36,64,22,0.49,0.34,0.26,0.23,0.69,0.59,70,16,16.84,17.29,0.54,0.87,4.34,6.14,0.87,16.62,0.70,0.69,6.23,1.77,0.14,0.67,0.23,0.11,0.34
230,1,51,12,32,10,70,15,37,11,0.53,0.30,0.24,0.12,0.12,0.25,51,18,17.78,17.43,0.73,0.87,4.31,6.10,0.93,24.75,0.86,0.88,6.12,1.75,0.19,0.75,0.19,0.16,0.35
232,1,30,10,17,9,38,14,17,9,0.45,0.53,0.33,0.50,0.50,0.50,30,16,17.13,16.59,0.79,0.80,3.44,4.87,0.94,24.31,1.00,1.00,2.00,1.00,0.12,1.00,0.24,0.06,0.29
233,1,37,12,25,10,58,12,32,10,0.55,0.31,0.32,0.40,0.80,0.63,37,15,16.70,16.54,0.64,0.78,3.44,4.86,0.89,15.93,0.78,0.80,3.20,1.26,0.12,0.78,0.25,0.19,0.44
234,1,25,6,15,5,32,6,16,5,0.50,0.31,0.24,0.00,0.00,0.00,25,17,16.95,15.77,0.78,0.85,3.12,4.42,0.93,21.13,0.94,1.00,2.00,1.00,0.12,0.86,0.31,0.12,0.44
235,1,31,9,16,6,38,9,18,6,0.47,0.33,0.29,0.20,0.20,0.32,31,18,17.96,18.00,0.82,0.90,3.56,5.03,0.94,28.23,0.89,0.80,3.20,1.26,0.22,0.86,0.11,0.22,0.33
237,1,42,14,27,13,59,16,31,13,0.53,0.42,0.33,0.12,0.12,0.25,42,18,17.29,16.74,0.71,0.82,3.87,5.47,0.92,21.25,0.87,0.75,4.50,1.50,0.19,0.93,0.19,0.06,0.26
240,1,41,14,25,12,60,18,30,13,0.50,0.43,0.34,0.57,2.29,1.07,41,16,17.28,16.59,0.68,0.83,3.74,5.29,0.91,19.12,0.83,1.00,7.00,1.87,0.23,0.73,0.23,0.10,0.33
241,1,24,8,14,6,28,9,14,6,0.50,0.43,0.33,0.00,0.00,0.00,24,17,17.82,17.21,0.86,0.85,3.21,4.54,0.95,31.28,1.00,1.00,1.00,0.71,0.07,1.00,0.43,0.00,0.43
242,1,38,10,23,9,51,16,26,9,0.51,0.35,0.26,0.00,0.00,0.00,38,18,16.90,16.79,0.75,0.88,3.76,5.32,0.93,22.82,0.88,1.00,6.00,1.73,0.23,0.82,0.19,0.12,0.31
243,1,48,13,31,11,87,23,41,14,0.47,0.34,0.27,0.11,0.11,0.24,48,18,16.66,17.36,0.55,0.86,3.64,5.15,0.87,14.56,0.76,0.78,5.44,1.65,0.17,0.71,0.20,0.02,0.22
246,1,36,11,19,8,67,20,30,13,0.45,0.43,0.31,1.00,2.00,1.00,36,17,16.08,16.45,0.54,0.90,3.11,4.40,0.85,12.36,0.63,1.00,2.00,1.00,0.07,0.53,0.20,0.07,0.27
248,1,39,12,24,10,59,18,27,11,0.46,0.41,0.31,0.00,0.00,0.00,39,16,16.53,15.69,0.66,0.78,3.59,5.08,0.90,17.44,0.89,1.00,2.00,1.00,0.07,0.81,0.30,0.04,0.33
249,1,47,14,28,12,70,22,36,15,0.51,0.42,0.30,0.33,0.67,0.58,47,16,17.37,16.99,0.67,0.85,3.97,5.62,0.91,19.68,0.78,1.00,6.00,1.73,0.17,0.71,0.19,0.08,0.28
251,1,44,8,23,5,64,16,28,7,0.44,0.25,0.18,0.00,0.00,0.00,44,16,17.14,16.69,0.69,0.85,3.89,5.50,0.91,20.05,0.82,1.00,6.00,1.73,0.21,0.73,0.18,0.04,0.21
252,1,42,13,25,11,56,18,28,12,0.50,0.43,0.31,0.38,1.12,0.75,42,17,17.60,18.02,0.75,0.90,3.97,5.61,0.93,24.46,0.89,0.88,6.12,1.75,0.25,0.90,0.21,0.11,0.32
253,1,38,12,22,10,75,26,33,15,0.44,0.45,0.32,0.33,0.33,0.41,38,16,15.47,15.62,0.51,0.72,3.10,4.39,0.84,11.91,0.67,0.67,1.33,0.82,0.06,0.50,0.24,0.06,0.30
254,1,33,12,18,9,49,14,21,9,0.43,0.43,0.36,1.00,2.00,1.00,33,16,16.69,16.20,0.67,0.78,3.33,4.71,0.90,16.64,0.86,1.00,2.00,1.00,0.10,0.73,0.29,0.10,0.38
256,1,55,14,32,12,101,26,49,17,0.49,0.35,0.25,0.22,0.44,0.47,55,16,16.87,16.85,0.54,0.85,3.87,5.47,0.87,15.22,0.65,0.78,5.44,1.65,0.14,0.48,0.18,0.10,0.29
257,1,53,11,32,9,74,16,36,11,0.49,0.31,0.21,0.00,0.00,0.00,53,19,17.62,17.66,0.72,0.90,4.36,6.16,0.92,24.10,0.89,0.89,7.11,1.89,0.22,0.80,0.17,0.17,0.33
258,1,32,16,21,13,44,17,23,13,0.52,0.57,0.50,0.00,0.00,0.00,32,16,16.94,17.09,0.73,0.85,3.41,4.82,0.92,19.53,0.91,0.50,1.00,0.71,0.09,1.00,0.26,0.04,0.30
260,1,36,10,21,8,54,17,26,9,0.48,0.35,0.28,0.00,0.00,0.00,36,17,16.48,17.24,0.67,0.88,3.46,4.90,0.90,17.04,0.81,0.75,2.25,1.06,0.12,0.75,0.27,0.08,0.35
261,1,59,18,35,15,86,24,43,17,0.50,0.40,0.31,0.12,0.12,0.25,59,17,17.73,17.82,0.69,0.89,4.50,6.36,0.92,22.87,0.81,0.88,6.12,1.75,0.16,0.81,0.16,0.09,0.26
263,1,52,16,34,14,82,26,42,16,0.51,0.38,0.31,0.00,0.00,0.00,52,19,16.85,17.09,0.63,0.84,4.06,5.74,0.90,18.52,0.81,0.67,2.67,1.15,0.10,0.78,0.26,0.12,0.38
264,1,46,10,29,9,59,12,34,10,0.58,0.29,0.22,0.08,0.08,0.20,46,19,18.13,17.91,0.78,0.95,4.23,5.99,0.94,29.01,0.85,0.77,7.69,1.96,0.29,0.91,0.15,0.12,0.26
265,1,35,10,20,8,54,18,26,11,0.48,0.42,0.29,0.25,0.25,0.35,35,17,16.47,16.61,0.65,0.80,3.37,4.76,0.89,15.94,0.77,0.50,1.00,0.71,0.08,0.70,0.31,0.12,0.42
266,1,36,11,23,9,49,19,25,10,0.51,0.40,0.31,0.00,0.00,0.00,36,19,16.68,15.80,0.73,0.82,3.64,5.14,0.92,21.34,0.92,1.00,4.00,1.41,0.16,0.92,0.24,0.04,0.28
272,1,36,9,21,7,47,12,22,8,0.47,0.36,0.25,0.33,0.67,0.58,36,18,17.36,17.43,0.77,0.88,3.71,5.25,0.93,24.15,0.95,1.00,6.00,1.73,0.27,0.89,0.18,0.14,0.32
273,1,40,10,26,9,53,11,28,9,0.53,0.32,0.25,0.12,0.12,0.25,40,18,17.36,17.76,0.75,0.88,3.89,5.49,0.93,24.33,0.93,0.75,4.50,1.50,0.21,1.00,0.29,0.14,0.43
274,1,17,6,8,5,18,6,8,5,0.44,0.62,0.35,0.50,0.50,0.50,17,17,17,17,0.94,0.94,2.83,4.01,0.98,63.48,1.00,1.00,2.00,1.00,0.25,1.00,0.12,0.00,0.12
275,1,37,14,22,11,54,17,25,11,0.46,0.44,0.38,0.00,0.00,0.00,37,17,16.82,16.34,0.69,0.80,3.56,5.04,0.91,18.28,0.88,1.00,1.00,0.71,0.04,0.81,0.20,0.12,0.32
276,1,39,11,23,9,52,14,26,9,0.50,0.35,0.28,0.00,0.00,0.00,39,17,17.47,17.17,0.75,0.88,3.82,5.41,0.93,23.57,0.88,1.00,3.00,1.22,0.12,0.81,0.15,0.12,0.27
277,1,34,10,20,8,68,19,30,12,0.44,0.40,0.29,0.00,0.00,0.00,34,17,15.52,15.55,0.50,0.83,2.92,4.12,0.84,11.16,0.67,1.00,3.00,1.22,0.10,0.56,0.17,0.07,0.23
278,1,34,9,21,6,43,9,21,6,0.49,0.29,0.26,0.25,0.25,0.35,34,18,17.73,18.06,0.79,0.88,3.67,5.18,0.94,26.16,1.00,1.00,4.00,1.41,0.19,1.00,0.29,0.19,0.48
279,1,42,13,24,10,54,16,27,12,0.50,0.44,0.31,0.50,1.00,0.71,42,16,17.90,18.27,0.78,0.88,4.04,5.72,0.94,27.50,0.89,1.00,4.00,1.41,0.15,0.70,0.37,0.11,0.48
281,1,42,16,23,13,61,21,26,13,0.43,0.50,0.38,1.00,3.00,1.22,42,17,16.94,16.61,0.69,0.83,3.80,5.38,0.91,19.67,0.88,1.00,3.00,1.22,0.12,0.85,0.31,0.04,0.35
282,1,18,6,11,5,23,6,12,5,0.52,0.42,0.33,0.00,0.00,0.00,18,16,16.04,15.25,0.78,0.80,2.65,3.75,0.92,17.42,0.92,1.00,1.00,0.71,0.08,0.83,0.33,0.08,0.42
284,1,2,2,2,2,2,2,2,2,1.00,1.00,1.00,0,0,0,2,2,2,2,1.00,1.00,1.00,1.41,1.00,NaN,1.00,0,0,0,0.00,1.00,0.50,0.00,0.50
285,1,37,10,21,8,54,15,28,11,0.52,0.39,0.27,0.00,0.00,0.00,37,17,17.31,16.86,0.69,0.85,3.56,5.04,0.91,18.28,0.75,0.80,3.20,1.26,0.14,0.62,0.18,0.14,0.32
287,1,46,16,27,13,63,18,31,13,0.49,0.42,0.35,0.25,0.50,0.50,46,16,17.43,17.81,0.73,0.88,4.10,5.80,0.92,23.70,0.87,0.75,4.50,1.50,0.19,0.92,0.26,0.06,0.32
288,1,35,11,20,9,47,13,23,9,0.49,0.39,0.31,0.60,1.80,0.95,35,16,17.19,17.31,0.74,0.85,3.61,5.11,0.92,21.84,0.87,1.00,5.00,1.58,0.22,0.78,0.22,0.13,0.35
290,1,36,8,21,6,54,11,25,7,0.46,0.28,0.22,0.25,0.25,0.35,36,17,16.59,16.28,0.67,0.82,3.46,4.90,0.90,17.04,0.84,1.00,4.00,1.41,0.16,0.73,0.20,0.16,0.36
291,1,45,13,27,10,62,15,30,10,0.48,0.33,0.29,0.40,0.80,0.63,45,17,17.44,16.89,0.73,0.83,4.04,5.72,0.92,23.08,0.90,1.00,5.00,1.58,0.17,0.80,0.30,0.17,0.47
292,1,45,13,27,11,69,18,38,15,0.55,0.39,0.29,0.17,0.17,0.29,45,17,17.52,17.53,0.65,0.88,3.83,5.42,0.90,18.21,0.71,0.83,4.17,1.44,0.13,0.59,0.21,0.11,0.32
293,1,38,10,26,9,61,19,34,13,0.56,0.38,0.26,0.11,0.11,0.24,38,17,16.22,16.02,0.62,0.78,3.44,4.87,0.88,15.51,0.76,0.89,7.11,1.89,0.24,0.69,0.15,0.12,0.26
294,1,34,10,20,8,45,15,25,10,0.56,0.40,0.29,0.33,0.33,0.41,34,17,17.20,16.31,0.76,0.82,3.58,5.07,0.93,22.45,0.80,1.00,3.00,1.22,0.12,0.70,0.20,0.20,0.40
295,1,37,8,19,6,51,10,22,7,0.43,0.32,0.22,0.50,0.50,0.50,37,16,17.19,17.21,0.73,0.82,3.66,5.18,0.92,20.92,0.86,1.00,2.00,1.00,0.09,0.73,0.23,0.18,0.41
297,1,41,12,24,10,73,22,35,14,0.48,0.40,0.29,0.22,0.44,0.47,41,16,16.35,16.00,0.56,0.77,3.39,4.80,0.87,13.86,0.69,0.67,4.00,1.41,0.17,0.62,0.14,0.09,0.23
299,1,49,12,28,8,74,20,37,11,0.50,0.30,0.24,0.22,0.44,0.47,49,17,17.32,17.12,0.66,0.83,4.03,5.70,0.90,19.52,0.76,0.89,7.11,1.89,0.22,0.60,0.24,0.05,0.30
300,1,33,10,19,8,48,16,23,9,0.48,0.39,0.30,0.50,1.00,0.71,33,18,16.53,16.07,0.69,0.82,3.37,4.76,0.90,17.37,0.83,1.00,4.00,1.41,0.17,0.78,0.22,0.13,0.35
301,1,50,10,31,8,65,14,35,10,0.54,0.29,0.20,0.11,0.11,0.24,50,17,18.17,17.96,0.77,0.92,4.39,6.20,0.94,28.84,0.89,0.89,7.11,1.89,0.23,0.75,0.23,0.17,0.40
303,1,17,7,9,6,20,7,10,6,0.50,0.60,0.41,0,0,0,17,17,17.00,17.00,0.85,0.85,2.69,3.80,0.95,23.98,0.90,0,0,0,0.00,0.83,0.40,0.00,0.40
305,1,17,6,10,5,18,6,10,5,0.56,0.50,0.35,0.00,0.00,0.00,17,17,17,17,0.94,0.94,2.83,4.01,0.98,63.48,1.00,1.00,3.00,1.22,0.30,1.00,0.20,0.00,0.20
306,1,52,11,29,9,81,16,39,13,0.48,0.33,0.21,0.22,0.44,0.47,52,16,17.40,17.50,0.64,0.85,4.09,5.78,0.90,18.92,0.74,1.00,9.00,2.12,0.23,0.56,0.23,0.05,0.28
307,1,33,8,21,7,44,10,24,7,0.55,0.29,0.24,0.00,0.00,0.00,33,18,17.37,17.05,0.75,0.85,3.52,4.97,0.92,21.62,0.88,0.80,3.20,1.26,0.17,0.91,0.17,0.12,0.29
308,1,43,11,23,9,66,18,27,11,0.41,0.41,0.26,0.40,0.80,0.63,43,18,16.90,16.52,0.65,0.80,3.74,5.29,0.90,17.79,0.85,1.00,5.00,1.58,0.19,0.75,0.22,0.11,0.33
309,1,34,8,22,7,42,9,25,7,0.60,0.28,0.24,0.67,1.33,0.82,34,18,17.93,17.08,0.81,0.90,3.71,5.25,0.94,28.71,0.88,1.00,3.00,1.22,0.12,0.89,0.32,0.12,0.44
310,1,39,12,25,10,55,17,28,10,0.51,0.36,0.31,0.00,0.00,0.00,39,16,16.83,15.80,0.71,0.88,3.72,5.26,0.91,20.29,0.89,1.00,3.00,1.22,0.11,0.86,0.29,0.07,0.36
314,1,48,11,27,9,82,17,39,13,0.48,0.33,0.23,0.12,0.12,0.25,48,16,16.89,17.49,0.59,0.89,3.75,5.30,0.88,15.75,0.69,0.75,4.50,1.50,0.15,0.61,0.15,0.10,0.26
315,1,70,16,44,15,117,27,58,18,0.50,0.31,0.23,0.15,0.31,0.39,70,15,17.50,17.03,0.60,0.86,4.58,6.47,0.89,19.17,0.76,0.85,9.31,2.16,0.19,0.72,0.16,0.10,0.26
316,1,40,11,24,8,57,12,28,8,0.49,0.29,0.28,0.40,0.80,0.63,40,17,17.26,16.96,0.70,0.77,3.75,5.30,0.91,20.04,0.86,1.00,5.00,1.58,0.18,0.75,0.25,0.11,0.36
317,1,27,11,14,8,40,15,18,10,0.45,0.56,0.41,0.80,3.20,1.26,27,16,15.92,15.90,0.68,0.80,3.02,4.27,0.89,15.04,0.78,0.80,3.20,1.26,0.22,0.70,0.11,0.06,0.17
318,1,26,7,15,5,41,10,20,6,0.49,0.30,0.27,0.50,0.50,0.50,26,16,15.84,15.20,0.63,0.82,2.87,4.06,0.88,13.15,0.75,1.00,2.00,1.00,0.10,0.55,0.20,0.15,0.35
320,1,52,20,33,17,104,34,50,24,0.48,0.48,0.38,0.22,0.44,0.47,52,15,16.59,16.81,0.50,0.86,3.61,5.10,0.85,13.52,0.66,0.67,4.00,1.41,0.12,0.55,0.16,0.06,0.22
321,1,55,14,31,11,89,19,40,14,0.45,0.35,0.25,0.20,0.40,0.45,55,18,17.05,17.10,0.62,0.88,4.12,5.83,0.89,18.18,0.78,0.80,6.40,1.79,0.20,0.69,0.17,0.12,0.30
322,1,44,17,26,14,65,26,30,16,0.46,0.53,0.39,0.33,0.33,0.41,44,15,16.76,16.43,0.68,0.83,3.86,5.46,0.91,19.39,0.87,1.00,3.00,1.22,0.10,0.76,0.23,0.10,0.33
323,1,33,10,21,8,55,14,26,10,0.47,0.38,0.30,0.00,0.00,0.00,33,17,16.09,16.12,0.60,0.82,3.15,4.45,0.87,13.65,0.81,1.00,2.00,1.00,0.08,0.64,0.27,0.12,0.38
324,1,28,7,17,6,38,9,19,7,0.50,0.37,0.25,0.20,0.20,0.32,28,17,16.90,17.00,0.74,0.85,3.21,4.54,0.92,18.82,0.89,1.00,5.00,1.58,0.26,0.80,0.16,0.05,0.21
325,1,19,5,9,4,23,5,9,4,0.39,0.44,0.26,0,0,0,19,16,16.88,16.00,0.83,0.80,2.80,3.96,0.94,22.35,1.00,0,0,0,0.00,1.00,0.22,0.11,0.33
326,1,21,8,13,7,26,9,15,8,0.58,0.53,0.38,0.33,0.33,0.41,21,17,17.07,15.43,0.81,0.85,2.91,4.12,0.93,21.59,0.87,1.00,3.00,1.22,0.20,0.89,0.20,0.00,0.20
327,1,41,11,24,9,61,17,28,11,0.46,0.39,0.27,0.33,0.33,0.41,41,17,16.63,16.61,0.67,0.87,3.71,5.25,0.90,18.47,0.86,1.00,3.00,1.22,0.11,0.71,0.25,0.14,0.39
328,1,40,12,24,11,59,20,30,14,0.51,0.47,0.30,1.00,3.00,1.22,40,16,16.85,16.87,0.68,0.80,3.68,5.21,0.90,18.58,0.80,1.00,3.00,1.22,0.10,0.79,0.27,0.07,0.33
330,1,22,6,14,5,28,6,14,5,0.50,0.36,0.27,0.00,0.00,0.00,22,15,16.53,15.56,0.79,0.75,2.94,4.16,0.93,20.00,1.00,1.00,1.00,0.71,0.07,1.00,0.21,0.14,0.36
332,1,49,10,29,8,74,19,36,12,0.49,0.33,0.20,0.20,0.20,0.32,49,17,17.49,18.05,0.66,0.90,4.03,5.70,0.90,19.52,0.81,1.00,5.00,1.58,0.14,0.64,0.19,0.22,0.42
336,1,26,10,17,9,31,10,17,9,0.55,0.53,0.38,0.50,0.50,0.50,26,18,17.80,17.83,0.84,0.90,3.30,4.67,0.95,29.12,1.00,1.00,2.00,1.00,0.12,1.00,0.24,0.18,0.41
337,1,51,19,34,17,106,40,54,27,0.51,0.50,0.37,0.25,0.50,0.50,51,16,16.48,16.19,0.48,0.81,3.50,4.95,0.84,12.91,0.63,0.62,3.12,1.25,0.09,0.55,0.19,0.06,0.24
339,1,35,6,24,5,46,10,27,6,0.59,0.22,0.17,0.20,0.20,0.32,35,20,17.59,16.98,0.76,0.88,3.65,5.16,0.93,23.29,0.89,0.80,3.20,1.26,0.15,1.00,0.26,0.19,0.44
340,1,40,14,28,13,58,17,30,13,0.52,0.43,0.35,0.25,0.25,0.35,40,15,16.79,16.75,0.69,0.75,3.71,5.25,0.91,19.27,0.93,1.00,4.00,1.41,0.13,0.92,0.33,0.07,0.40
342,1,52,11,30,9,84,21,41,11,0.49,0.27,0.21,0.18,0.36,0.43,52,18,17.21,17.53,0.62,0.88,4.01,5.67,0.89,17.78,0.73,0.82,7.36,1.92,0.22,0.64,0.20,0.10,0.29
344,1,31,9,20,7,44,13,24,9,0.55,0.38,0.29,0.20,0.20,0.32,31,18,16.95,15.24,0.70,0.88,3.30,4.67,0.91,17.76,0.83,0.80,3.20,1.26,0.17,0.75,0.17,0.12,0.29
345,1,44,9,27,8,57,13,31,10,0.54,0.32,0.20,0.14,0.14,0.27,44,18,18.14,18.31,0.77,0.90,4.12,5.83,0.94,27.42,0.87,1.00,7.00,1.87,0.23,0.73,0.26,0.13,0.39
346,1,36,9,19,7,50,11,25,8,0.50,0.32,0.25,0.14,0.14,0.27,36,18,17.28,17.55,0.72,0.82,3.60,5.09,0.92,20.23,0.76,0.71,3.57,1.34,0.20,0.67,0.20,0.12,0.32