subjectcode,sentences,wordtypes,swordtypes,lextypes,slextypes,wordtokens,swordtokens,lextokens,slextokens,ld,ls1,ls2,vs1,vs2,cvs1,ndw,ndwz,ndwerz,ndwesz,ttr,msttr,cttr,rttr,logttr,uber,lv,vv1,svv1,cvv1,vv2,nv,adjv,advv,modv
502,1,1,0,1,0,1,0,1,0,1.00,0.00,0.00,0,0,0,1,1,1,1,1.00,1.00,0.71,1.00,0,NaN,1.00,0,0,0,0.00,1.00,0.00,0.00,0.00
506,1,24,5,14,5,36,7,19,7,0.53,0.37,0.21,0.00,0.00,0.00,24,17,15.55,14.36,0.67,0.85,2.83,4.00,0.89,13.75,0.74,1.00,1.00,0.71,0.05,0.69,0.11,0.00,0.11
507,1,23,5,16,5,33,7,20,7,0.61,0.35,0.22,0.00,0.00,0.00,23,18,15.80,14.86,0.70,0.90,2.83,4.00,0.90,14.71,0.80,1.00,1.00,0.71,0.05,0.76,0.10,0.00,0.10
509,1,20,5,14,5,29,7,18,7,0.62,0.39,0.25,0.00,0.00,0.00,20,15,15.42,14.31,0.69,0.75,2.63,3.71,0.89,13.25,0.78,1.00,2.00,1.00,0.11,0.69,0.17,0.00,0.17
511,1,15,4,9,3,18,4,9,3,0.50,0.33,0.27,0.00,0.00,0.00,15,15,15,15,0.83,0.83,2.50,3.54,0.94,19.90,1.00,1.00,1.00,0.71,0.11,1.00,0.33,0.00,0.33
512,1,16,4,9,4,26,4,12,4,0.46,0.33,0.25,0,0,0,16,15,13.28,14.00,0.62,0.75,2.22,3.14,0.85,9.50,0.75,0,0,0,0.00,0.70,0.17,0.00,0.17
515,1,23,4,14,4,34,6,18,6,0.53,0.33,0.17,0.00,0.00,0.00,23,16,15.44,13.66,0.68,0.80,2.79,3.94,0.89,13.82,0.78,1.00,2.00,1.00,0.11,0.71,0.11,0.00,0.11
519,1,19,3,13,3,27,3,15,3,0.56,0.20,0.16,0.00,0.00,0.00,19,15,14.93,13.63,0.70,0.75,2.59,3.66,0.89,13.43,0.87,1.00,1.00,0.71,0.07,0.83,0.13,0.00,0.13
521,1,16,3,10,3,20,3,11,3,0.55,0.27,0.19,0.00,0.00,0.00,16,16,16.00,16.00,0.80,0.80,2.53,3.58,0.93,17.47,0.91,1.00,1.00,0.71,0.09,0.89,0.09,0.00,0.09
523,1,23,5,14,5,32,6,17,6,0.53,0.35,0.22,0,0,0,23,16,16.25,15.07,0.72,0.80,2.88,4.07,0.90,15.80,0.82,0,0,0,0.00,0.80,0.12,0.00,0.12
527,1,15,2,8,2,24,2,11,2,0.46,0.18,0.13,0.00,0.00,0.00,15,14,13.39,12.80,0.62,0.70,2.17,3.06,0.85,9.33,0.73,1.00,1.00,0.71,0.09,0.62,0.18,0.00,0.18
531,1,22,4,13,4,32,4,16,4,0.50,0.25,0.18,0.00,0.00,0.00,22,16,15.17,15.54,0.69,0.80,2.75,3.89,0.89,13.92,0.81,1.00,3.00,1.22,0.19,0.80,0.12,0.00,0.12
532,1,19,3,11,3,22,3,11,3,0.50,0.27,0.16,0.00,0.00,0.00,19,17,17.36,17.00,0.86,0.85,2.86,4.05,0.95,28.30,1.00,1.00,1.00,0.71,0.09,1.00,0.18,0.00,0.18
534,1,19,5,11,5,34,8,17,8,0.50,0.47,0.26,0.00,0.00,0.00,19,16,13.83,14.94,0.56,0.80,2.30,3.26,0.83,9.28,0.65,1.00,1.00,0.71,0.06,0.57,0.12,0.00,0.12
535,1,19,4,13,4,32,6,18,6,0.56,0.33,0.21,0.00,0.00,0.00,19,15,14.02,13.30,0.59,0.75,2.38,3.36,0.85,10.01,0.72,1.00,1.00,0.71,0.06,0.67,0.11,0.00,0.11
536,1,21,3,14,3,33,5,17,5,0.52,0.29,0.14,0.00,0.00,0.00,21,15,14.45,13.84,0.64,0.75,2.58,3.66,0.87,11.75,0.82,1.00,1.00,0.71,0.06,0.77,0.18,0.00,0.18
539,1,25,6,17,6,32,6,19,6,0.59,0.32,0.24,0.25,0.25,0.35,25,18,16.81,17.08,0.78,0.90,3.12,4.42,0.93,21.13,0.89,0.75,2.25,1.06,0.16,0.92,0.05,0.05,0.11
544,1,17,3,11,3,28,5,18,5,0.64,0.28,0.18,1.00,1.00,0.71,17,16,14.10,14.01,0.61,0.80,2.27,3.21,0.85,9.66,0.61,1.00,1.00,0.71,0.06,0.57,0.11,0.00,0.11
546,1,23,4,12,4,27,4,13,4,0.48,0.31,0.17,0.00,0.00,0.00,23,17,17.68,16.75,0.85,0.85,3.13,4.43,0.95,29.42,0.92,1.00,3.00,1.22,0.23,1.00,0.15,0.00,0.15
548,1,20,5,14,5,34,7,20,7,0.59,0.35,0.25,0.00,0.00,0.00,20,16,14.26,13.94,0.59,0.80,2.43,3.43,0.85,10.18,0.70,1.00,1.00,0.71,0.05,0.65,0.10,0.00,0.10
549,1,16,3,9,3,19,3,9,3,0.47,0.33,0.19,0.00,0.00,0.00,16,16,16,16,0.84,0.84,2.60,3.67,0.94,21.91,1.00,1.00,1.00,0.71,0.11,1.00,0.22,0.00,0.22
552,1,17,4,11,4,31,6,17,6,0.55,0.35,0.24,0.00,0.00,0.00,17,16,13.22,13.50,0.55,0.80,2.16,3.05,0.83,8.52,0.65,1.00,1.00,0.71,0.06,0.58,0.18,0.00,0.18
554,1,17,6,11,6,24,6,14,6,0.58,0.43,0.35,0.00,0.00,0.00,17,15,14.93,14.00,0.71,0.75,2.45,3.47,0.89,12.72,0.79,1.00,1.00,0.71,0.07,0.73,0.07,0.07,0.14
556,1,17,4,11,4,28,6,17,6,0.61,0.35,0.24,0.00,0.00,0.00,17,16,14.12,13.65,0.61,0.80,2.27,3.21,0.85,9.66,0.65,1.00,1.00,0.71,0.06,0.57,0.12,0.00,0.12
558,1,18,5,12,5,33,9,20,9,0.61,0.45,0.28,0.00,0.00,0.00,18,17,13.75,14.79,0.55,0.85,2.22,3.13,0.83,8.76,0.60,1.00,1.00,0.71,0.05,0.56,0.10,0.00,0.10
559,1,26,6,17,6,31,6,17,6,0.55,0.35,0.23,0.20,0.20,0.32,26,17,17.37,17.67,0.84,0.85,3.30,4.67,0.95,29.12,1.00,1.00,5.00,1.58,0.29,1.00,0.12,0.06,0.18
561,1,20,4,11,4,32,6,17,6,0.53,0.35,0.20,0.00,0.00,0.00,20,17,14.81,15.32,0.62,0.85,2.50,3.54,0.86,11.10,0.65,0.67,1.33,0.82,0.12,0.58,0.12,0.00,0.12
563,1,21,4,14,4,27,4,16,4,0.59,0.25,0.19,0.00,0.00,0.00,21,16,16.60,16.24,0.78,0.80,2.86,4.04,0.92,18.77,0.88,1.00,2.00,1.00,0.12,0.90,0.19,0.00,0.19
565,1,15,2,8,2,19,2,10,2,0.53,0.20,0.13,0.00,0.00,0.00,15,15,15,15,0.79,0.79,2.43,3.44,0.92,15.93,0.80,1.00,1.00,0.71,0.10,0.75,0.10,0.00,0.10
566,1,1,0,1,0,1,0,1,0,1.00,0.00,0.00,0,0,0,1,1,1,1,1.00,1.00,0.71,1.00,0,NaN,1.00,0,0,0,0.00,1.00,0.00,0.00,0.00
568,1,17,3,9,3,26,5,14,5,0.54,0.36,0.18,0.00,0.00,0.00,17,16,14.40,13.58,0.65,0.80,2.36,3.33,0.87,10.85,0.64,1.00,1.00,0.71,0.07,0.58,0.07,0.00,0.07
572,1,17,3,10,3,28,5,16,5,0.57,0.31,0.18,0.00,0.00,0.00,17,16,14.13,13.78,0.61,0.80,2.27,3.21,0.85,9.66,0.62,1.00,1.00,0.71,0.06,0.57,0.06,0.00,0.06
573,1,18,3,9,3,19,3,9,3,0.47,0.33,0.17,0.00,0.00,0.00,18,18,18,18,0.95,0.95,2.92,4.13,0.98,69.64,1.00,1.00,3.00,1.22,0.33,1.00,0.11,0.00,0.11
574,1,1,0,1,0,1,0,1,0,1.00,0.00,0.00,0,0,0,1,1,1,1,1.00,1.00,0.71,1.00,0,NaN,1.00,0,0,0,0.00,1.00,0.00,0.00,0.00
575,1,21,4,14,4,38,6,20,6,0.53,0.30,0.19,0.00,0.00,0.00,21,16,13.94,14.37,0.55,0.80,2.41,3.41,0.84,9.69,0.70,1.00,1.00,0.71,0.05,0.62,0.15,0.00,0.15
576,1,19,6,12,6,37,9,19,9,0.51,0.47,0.32,0.00,0.00,0.00,19,15,12.97,13.16,0.51,0.75,2.21,3.12,0.82,8.50,0.63,1.00,1.00,0.71,0.05,0.59,0.05,0.00,0.05
577,1,13,2,8,2,20,2,10,2,0.50,0.20,0.15,0.00,0.00,0.00,13,13,13.00,13.00,0.65,0.65,2.06,2.91,0.86,9.05,0.80,1.00,1.00,0.71,0.10,0.71,0.20,0.00,0.20
581,1,17,3,9,3,21,3,10,3,0.48,0.30,0.18,0,0,0,17,17,16.28,16.51,0.81,0.85,2.62,3.71,0.93,19.05,0.90,0,0,0,0.00,0.89,0.10,0.00,0.10
582,1,20,7,14,7,30,8,17,8,0.57,0.47,0.35,0.00,0.00,0.00,20,13,14.67,13.53,0.67,0.65,2.58,3.65,0.88,12.39,0.82,1.00,1.00,0.71,0.06,0.77,0.18,0.00,0.18
586,1,23,5,16,5,28,5,16,5,0.57,0.31,0.22,0.00,0.00,0.00,23,17,17.12,16.55,0.82,0.85,3.07,4.35,0.94,24.51,1.00,1.00,1.00,0.71,0.06,1.00,0.06,0.00,0.06
587,1,21,4,14,4,27,4,15,4,0.56,0.27,0.19,0.00,0.00,0.00,21,17,16.26,16.62,0.78,0.85,2.86,4.04,0.92,18.77,0.93,1.00,1.00,0.71,0.07,1.00,0.20,0.00,0.20
588,1,17,4,10,4,23,4,12,4,0.52,0.33,0.24,0.00,0.00,0.00,17,16,15.26,15.25,0.74,0.80,2.51,3.54,0.90,14.12,0.83,1.00,1.00,0.71,0.08,0.78,0.17,0.00,0.17
589,1,23,4,15,4,37,6,21,6,0.57,0.29,0.17,0.00,0.00,0.00,23,16,15.07,14.33,0.62,0.80,2.67,3.78,0.87,11.91,0.71,1.00,3.00,1.22,0.14,0.69,0.10,0.00,0.10
590,1,23,4,15,4,30,6,19,6,0.63,0.32,0.17,0.00,0.00,0.00,23,15,16.80,15.10,0.77,0.75,2.97,4.20,0.92,18.91,0.79,1.00,3.00,1.22,0.16,0.73,0.05,0.00,0.05
591,1,23,4,15,4,31,4,16,4,0.52,0.25,0.17,0.00,0.00,0.00,23,16,15.75,15.24,0.74,0.80,2.92,4.13,0.91,17.16,0.94,1.00,2.00,1.00,0.12,0.92,0.12,0.00,0.12
593,1,19,4,13,4,31,6,18,6,0.58,0.33,0.21,0.00,0.00,0.00,19,15,14.36,13.27,0.61,0.75,2.41,3.41,0.86,10.46,0.72,1.00,1.00,0.71,0.06,0.67,0.11,0.00,0.11
594,1,20,3,13,3,31,5,18,5,0.58,0.28,0.15,1.00,1.00,0.71,20,16,14.91,13.58,0.65,0.80,2.54,3.59,0.87,11.69,0.72,1.00,1.00,0.71,0.06,0.67,0.11,0.00,0.11
596,1,23,3,15,3,31,3,18,3,0.58,0.17,0.13,0.00,0.00,0.00,23,16,16.13,15.65,0.74,0.80,2.92,4.13,0.91,17.16,0.83,1.00,3.00,1.22,0.17,0.85,0.06,0.00,0.06
600,1,19,1,11,1,33,1,18,1,0.55,0.06,0.05,0.00,0.00,0.00,19,17,14.35,15.86,0.58,0.85,2.34,3.31,0.84,9.62,0.61,0.67,1.33,0.82,0.11,0.60,0.17,0.00,0.17
602,1,17,3,10,3,20,3,11,3,0.55,0.27,0.18,0.00,0.00,0.00,17,17,17.00,17.00,0.85,0.85,2.69,3.80,0.95,23.98,0.91,1.00,1.00,0.71,0.09,0.88,0.18,0.00,0.18
603,1,14,3,8,3,22,5,12,5,0.55,0.42,0.21,0.00,0.00,0.00,14,13,13.33,12.66,0.64,0.65,2.11,2.98,0.85,9.18,0.67,1.00,1.00,0.71,0.08,0.60,0.08,0.00,0.08
605,1,19,3,11,3,25,3,13,3,0.52,0.23,0.16,0.00,0.00,0.00,19,17,15.89,15.34,0.76,0.85,2.69,3.80,0.91,16.40,0.85,1.00,1.00,0.71,0.08,0.80,0.15,0.00,0.15
606,1,1,0,1,0,1,0,1,0,1.00,0.00,0.00,0,0,0,1,1,1,1,1.00,1.00,0.71,1.00,0,NaN,1.00,0,0,0,0.00,1.00,0.00,0.00,0.00
609,1,21,4,14,4,34,6,19,6,0.56,0.32,0.19,0.00,0.00,0.00,21,17,14.61,13.72,0.62,0.85,2.55,3.60,0.86,11.21,0.74,1.00,1.00,0.71,0.05,0.69,0.11,0.00,0.11
610,1,22,4,14,4,29,4,15,4,0.52,0.27,0.18,0.00,0.00,0.00,22,16,15.99,15.40,0.76,0.80,2.89,4.09,0.92,17.83,0.93,1.00,2.00,1.00,0.13,0.91,0.13,0.00,0.13
611,1,22,5,16,5,36,7,22,7,0.61,0.32,0.23,0.00,0.00,0.00,22,16,14.81,14.30,0.61,0.80,2.59,3.67,0.86,11.32,0.73,1.00,1.00,0.71,0.05,0.65,0.18,0.00,0.18
612,1,6,3,4,3,6,3,4,3,0.67,0.75,0.50,1.00,1.00,0.71,6,6,6,6,1.00,1.00,1.73,2.45,1.00,NaN,1.00,1.00,1.00,0.71,0.25,1.00,0.25,0.00,0.25
613,1,25,5,17,5,38,7,22,7,0.58,0.32,0.20,0.00,0.00,0.00,25,16,15.57,14.69,0.66,0.80,2.87,4.06,0.88,13.72,0.77,1.00,2.00,1.00,0.09,0.69,0.32,0.00,0.32
614,1,18,4,11,4,30,6,17,6,0.57,0.35,0.22,0.00,0.00,0.00,18,17,14.16,14.62,0.60,0.85,2.32,3.29,0.85,9.84,0.65,1.00,1.00,0.71,0.06,0.57,0.12,0.00,0.12
616,1,23,4,13,4,38,8,20,8,0.53,0.40,0.17,0.00,0.00,0.00,23,16,14.73,14.26,0.61,0.80,2.64,3.73,0.86,11.45,0.65,1.00,1.00,0.71,0.05,0.56,0.15,0.00,0.15
617,1,15,3,9,3,23,5,13,5,0.57,0.38,0.20,0,0,0,15,14,13.66,13.24,0.65,0.70,2.21,3.13,0.86,9.99,0.69,0,0,0,0.00,0.70,0.15,0.00,0.15
618,1,19,5,14,5,22,5,14,5,0.64,0.36,0.26,0.00,0.00,0.00,19,18,17.45,17.67,0.86,0.90,2.86,4.05,0.95,28.30,1.00,1.00,2.00,1.00,0.14,1.00,0.29,0.00,0.29
620,1,22,4,14,4,33,6,19,6,0.58,0.32,0.18,0.00,0.00,0.00,22,15,15.52,14.70,0.67,0.75,2.71,3.83,0.88,13.09,0.74,1.00,1.00,0.71,0.05,0.69,0.11,0.00,0.11
621,1,17,4,11,4,19,4,11,4,0.58,0.36,0.24,0.00,0.00,0.00,17,17,17,17,0.89,0.89,2.76,3.90,0.96,33.85,1.00,1.00,2.00,1.00,0.18,1.00,0.18,0.00,0.18
624,1,26,4,16,4,31,4,16,4,0.52,0.25,0.15,0.00,0.00,0.00,26,18,17.44,17.50,0.84,0.90,3.30,4.67,0.95,29.12,1.00,1.00,3.00,1.22,0.19,1.00,0.12,0.00,0.12
625,1,21,5,15,5,35,7,22,7,0.63,0.32,0.24,0.50,0.50,0.50,21,16,14.44,13.63,0.60,0.80,2.51,3.55,0.86,10.75,0.68,1.00,2.00,1.00,0.09,0.68,0.05,0.00,0.05
628,1,19,6,12,6,28,7,15,7,0.54,0.47,0.32,0.50,1.00,0.71,19,17,14.78,15.22,0.68,0.85,2.54,3.59,0.88,12.44,0.80,1.00,4.00,1.41,0.27,0.70,0.07,0.00,0.07
632,1,22,5,15,5,35,7,21,7,0.60,0.33,0.23,0.33,0.33,0.41,22,18,15.04,15.17,0.63,0.90,2.63,3.72,0.87,11.82,0.71,1.00,3.00,1.22,0.14,0.62,0.10,0.00,0.10
633,1,21,4,13,4,34,6,18,6,0.53,0.33,0.19,0.00,0.00,0.00,21,16,14.61,14.73,0.62,0.80,2.55,3.60,0.86,11.21,0.72,1.00,1.00,0.71,0.06,0.67,0.11,0.00,0.11
634,1,18,5,10,5,27,7,16,7,0.59,0.44,0.28,1.00,1.00,0.71,18,16,14.78,14.50,0.67,0.80,2.45,3.46,0.88,11.63,0.62,1.00,1.00,0.71,0.06,0.67,0.12,0.00,0.12
636,1,22,5,15,5,35,8,20,8,0.57,0.40,0.23,0.00,0.00,0.00,22,17,15.13,15.43,0.63,0.85,2.63,3.72,0.87,11.82,0.75,1.00,1.00,0.71,0.05,0.64,0.15,0.10,0.25
637,1,19,4,11,4,21,4,12,4,0.57,0.33,0.21,0.00,0.00,0.00,19,18,18.19,18.00,0.90,0.90,2.93,4.15,0.97,40.22,0.92,1.00,2.00,1.00,0.17,0.88,0.17,0.00,0.17
643,1,23,3,15,3,30,3,17,3,0.57,0.18,0.13,0.00,0.00,0.00,23,16,16.62,16.08,0.77,0.80,2.97,4.20,0.92,18.91,0.88,1.00,3.00,1.22,0.18,0.82,0.18,0.00,0.18
644,1,19,3,13,3,28,5,17,5,0.61,0.29,0.16,0.00,0.00,0.00,19,14,15.16,14.10,0.68,0.70,2.54,3.59,0.88,12.44,0.76,1.00,2.00,1.00,0.12,0.71,0.06,0.00,0.06
646,1,23,4,17,4,37,6,23,6,0.62,0.26,0.17,0.00,0.00,0.00,23,17,15.03,15.11,0.62,0.85,2.67,3.78,0.87,11.91,0.74,1.00,2.00,1.00,0.09,0.73,0.22,0.00,0.22
647,1,24,4,18,4,32,6,21,6,0.66,0.29,0.17,0.50,0.50,0.50,24,16,16.56,15.32,0.75,0.80,3.00,4.24,0.92,18.13,0.86,1.00,2.00,1.00,0.10,0.81,0.14,0.00,0.14
651,1,23,4,14,4,32,4,17,4,0.53,0.24,0.17,0.00,0.00,0.00,23,15,15.78,15.47,0.72,0.75,2.88,4.07,0.90,15.80,0.82,1.00,1.00,0.71,0.06,0.77,0.18,0.00,0.18
652,1,27,4,17,4,36,5,20,5,0.56,0.25,0.15,0.50,0.50,0.50,27,18,16.80,15.41,0.75,0.90,3.18,4.50,0.92,19.39,0.85,1.00,2.00,1.00,0.10,0.83,0.15,0.15,0.30
653,1,17,4,10,4,25,4,13,4,0.52,0.31,0.24,0.00,0.00,0.00,17,16,14.46,14.83,0.68,0.80,2.40,3.40,0.88,11.67,0.77,1.00,1.00,0.71,0.08,0.70,0.15,0.00,0.15
654,1,19,6,13,6,29,9,18,9,0.62,0.50,0.32,0.00,0.00,0.00,19,17,14.96,15.40,0.66,0.85,2.49,3.53,0.87,11.65,0.72,1.00,1.00,0.71,0.06,0.64,0.11,0.06,0.17
656,1,14,2,8,2,20,2,11,2,0.55,0.18,0.14,0.00,0.00,0.00,14,14,14.00,14.00,0.70,0.70,2.21,3.13,0.88,10.93,0.73,1.00,1.00,0.71,0.09,0.71,0.27,0.00,0.27
659,1,20,5,12,5,37,8,19,8,0.51,0.42,0.25,0.00,0.00,0.00,20,16,13.82,15.54,0.54,0.80,2.32,3.29,0.83,9.20,0.63,1.00,1.00,0.71,0.05,0.56,0.11,0.00,0.11
660,1,17,4,10,4,32,7,17,7,0.53,0.41,0.24,0.00,0.00,0.00,17,16,12.66,12.24,0.53,0.80,2.12,3.01,0.82,8.25,0.59,1.00,1.00,0.71,0.06,0.62,0.12,0.00,0.12
662,1,18,4,11,4,28,6,16,6,0.57,0.38,0.22,0.00,0.00,0.00,18,17,14.42,13.91,0.64,0.85,2.41,3.40,0.87,10.91,0.69,1.00,1.00,0.71,0.06,0.62,0.12,0.00,0.12
663,1,15,3,9,3,25,4,13,4,0.52,0.31,0.20,0.00,0.00,0.00,15,14,13.20,12.84,0.60,0.70,2.12,3.00,0.84,8.81,0.69,1.00,1.00,0.71,0.08,0.60,0.15,0.00,0.15
664,1,17,4,11,4,26,4,15,4,0.58,0.27,0.24,0.00,0.00,0.00,17,16,14.23,14.57,0.65,0.80,2.36,3.33,0.87,10.85,0.73,1.00,1.00,0.71,0.07,0.67,0.13,0.00,0.13
665,1,18,5,11,5,31,7,16,7,0.52,0.44,0.28,0.00,0.00,0.00,18,15,13.62,12.85,0.58,0.75,2.29,3.23,0.84,9.42,0.69,1.00,1.00,0.71,0.06,0.64,0.06,0.00,0.06
668,1,20,4,14,4,34,6,20,6,0.59,0.30,0.20,0.00,0.00,0.00,20,16,14.28,13.94,0.59,0.80,2.43,3.43,0.85,10.18,0.70,1.00,1.00,0.71,0.05,0.65,0.10,0.00,0.10
671,1,16,4,10,4,24,6,14,6,0.58,0.43,0.25,0.00,0.00,0.00,16,14,14.36,13.20,0.67,0.70,2.31,3.27,0.87,10.82,0.71,1.00,2.00,1.00,0.14,0.60,0.14,0.00,0.14
675,1,19,4,13,4,34,6,18,6,0.53,0.33,0.21,0.00,0.00,0.00,19,15,13.42,12.94,0.56,0.75,2.30,3.26,0.83,9.28,0.72,1.00,1.00,0.71,0.06,0.67,0.11,0.00,0.11
678,1,16,4,10,4,29,6,15,6,0.52,0.40,0.25,0.00,0.00,0.00,16,15,12.91,12.70,0.55,0.75,2.10,2.97,0.82,8.28,0.67,1.00,1.00,0.71,0.07,0.58,0.13,0.00,0.13
680,1,21,3,12,3,27,5,15,5,0.56,0.33,0.14,0.00,0.00,0.00,21,18,16.41,15.87,0.78,0.90,2.86,4.04,0.92,18.77,0.80,1.00,1.00,0.71,0.07,0.78,0.27,0.00,0.27
688,1,16,3,9,3,25,5,13,5,0.52,0.38,0.19,1.00,1.00,0.71,16,14,13.84,12.67,0.64,0.70,2.26,3.20,0.86,10.08,0.69,1.00,1.00,0.71,0.08,0.64,0.08,0.00,0.08
693,1,19,4,12,4,31,8,18,8,0.58,0.44,0.21,0.00,0.00,0.00,19,14,14.27,13.25,0.61,0.70,2.41,3.41,0.86,10.46,0.67,1.00,1.00,0.71,0.06,0.60,0.11,0.00,0.11
696,1,23,5,14,5,30,5,17,5,0.57,0.29,0.22,0.50,0.50,0.50,23,16,16.80,15.75,0.77,0.80,2.97,4.20,0.92,18.91,0.82,1.00,2.00,1.00,0.12,0.75,0.18,0.00,0.18
697,1,16,4,9,4,23,6,13,6,0.57,0.46,0.25,0.00,0.00,0.00,16,15,14.64,14.00,0.70,0.75,2.36,3.34,0.88,11.77,0.69,1.00,1.00,0.71,0.08,0.60,0.15,0.00,0.15
698,1,16,5,10,5,26,7,15,7,0.58,0.47,0.31,0.00,0.00,0.00,16,15,13.64,13.16,0.62,0.75,2.22,3.14,0.85,9.50,0.67,1.00,1.00,0.71,0.07,0.62,0.07,0.00,0.07
699,1,18,2,12,2,28,3,14,3,0.50,0.21,0.11,0.00,0.00,0.00,18,14,13.84,13.45,0.64,0.70,2.41,3.40,0.87,10.91,0.86,1.00,1.00,0.71,0.07,0.83,0.07,0.00,0.07
700,1,20,6,12,6,22,6,12,6,0.55,0.50,0.30,0.00,0.00,0.00,20,18,18.27,18.00,0.91,0.90,3.02,4.26,0.97,43.54,1.00,1.00,1.00,0.71,0.08,1.00,0.08,0.00,0.08
702,1,27,6,16,6,35,6,16,6,0.46,0.38,0.22,0.50,0.50,0.50,27,17,16.45,16.95,0.77,0.85,3.23,4.56,0.93,21.15,1.00,1.00,2.00,1.00,0.12,1.00,0.31,0.00,0.31
703,1,15,4,9,4,21,6,13,6,0.62,0.46,0.27,0,0,0,15,14,14.57,14.00,0.71,0.70,2.31,3.27,0.89,11.96,0.69,0,0,0,0.00,0.64,0.15,0.00,0.15
705,1,19,4,11,4,28,6,15,6,0.54,0.40,0.21,0.00,0.00,0.00,19,16,15.11,13.66,0.68,0.80,2.54,3.59,0.88,12.44,0.73,1.00,1.00,0.71,0.07,0.67,0.13,0.00,0.13
706,1,20,5,12,5,31,7,16,7,0.52,0.44,0.25,0.00,0.00,0.00,20,15,14.75,13.59,0.65,0.75,2.54,3.59,0.87,11.69,0.75,1.00,1.00,0.71,0.06,0.69,0.12,0.00,0.12
707,1,1,0,1,0,1,0,1,0,1.00,0.00,0.00,0,0,0,1,1,1,1,1.00,1.00,0.71,1.00,0,NaN,1.00,0,0,0,0.00,1.00,0.00,0.00,0.00
710,1,15,2,9,2,21,2,11,2,0.52,0.18,0.13,0.00,0.00,0.00,15,15,14.48,14.49,0.71,0.75,2.31,3.27,0.89,11.96,0.82,1.00,1.00,0.71,0.09,0.78,0.09,0.00,0.09
711,1,16,3,10,3,16,3,10,3,0.62,0.30,0.19,0.50,0.50,0.50,16,16,16,16,1.00,1.00,2.83,4.00,1.00,NaN,1.00,1.00,2.00,1.00,0.20,1.00,0.10,0.00,0.10
713,1,18,4,11,4,32,6,17,6,0.53,0.35,0.22,0.00,0.00,0.00,18,16,13.56,14.31,0.56,0.80,2.25,3.18,0.83,9.07,0.65,1.00,1.00,0.71,0.06,0.57,0.12,0.00,0.12
714,1,20,4,13,4,29,4,16,4,0.55,0.25,0.20,0,0,0,20,16,14.99,14.40,0.69,0.80,2.63,3.71,0.89,13.25,0.81,0,0,0,0.00,0.80,0.06,0.00,0.06
715,1,16,3,10,3,28,5,15,5,0.54,0.33,0.19,0.00,0.00,0.00,16,15,13.20,13.32,0.57,0.75,2.14,3.02,0.83,8.62,0.67,1.00,1.00,0.71,0.07,0.67,0.13,0.00,0.13
716,1,22,4,12,4,35,8,18,8,0.51,0.44,0.18,0.00,0.00,0.00,22,15,15.14,14.58,0.63,0.75,2.63,3.72,0.87,11.82,0.67,1.00,2.00,1.00,0.11,0.62,0.11,0.00,0.11
723,1,30,6,18,6,46,6,21,6,0.46,0.29,0.20,0.25,0.25,0.35,30,16,15.72,15.84,0.65,0.78,3.13,4.42,0.89,14.89,0.86,0.75,2.25,1.06,0.14,0.85,0.19,0.00,0.19
724,1,19,4,11,4,34,6,17,6,0.50,0.35,0.21,0.00,0.00,0.00,19,16,13.82,14.93,0.56,0.80,2.30,3.26,0.83,9.28,0.65,1.00,1.00,0.71,0.06,0.57,0.12,0.00,0.12
725,1,23,4,13,4,30,4,15,4,0.50,0.27,0.17,0.00,0.00,0.00,23,18,16.41,16.83,0.77,0.90,2.97,4.20,0.92,18.91,0.87,1.00,1.00,0.71,0.07,0.90,0.27,0.00,0.27
726,1,21,4,13,4,29,6,17,6,0.59,0.35,0.19,1.00,1.00,0.71,21,14,16.10,14.71,0.72,0.70,2.76,3.90,0.90,15.26,0.76,1.00,1.00,0.71,0.06,0.69,0.18,0.00,0.18
727,1,18,4,12,4,30,6,16,6,0.53,0.38,0.22,0.00,0.00,0.00,18,14,13.85,12.72,0.60,0.70,2.32,3.29,0.85,9.84,0.75,1.00,1.00,0.71,0.06,0.67,0.19,0.00,0.19
728,1,18,4,10,4,26,4,13,4,0.50,0.31,0.22,0.00,0.00,0.00,18,14,14.82,13.72,0.69,0.70,2.50,3.53,0.89,12.54,0.77,1.00,1.00,0.71,0.08,0.70,0.15,0.00,0.15
730,1,22,7,14,7,26,7,15,7,0.58,0.47,0.32,0.00,0.00,0.00,22,17,17.53,16.71,0.85,0.85,3.05,4.31,0.95,27.60,0.93,1.00,1.00,0.71,0.07,0.92,0.13,0.00,0.13
733,1,19,4,12,4,33,6,18,6,0.55,0.33,0.21,0.00,0.00,0.00,19,16,13.89,13.76,0.58,0.80,2.34,3.31,0.84,9.62,0.67,1.00,1.00,0.71,0.06,0.60,0.11,0.00,0.11
735,1,18,5,12,5,27,7,15,7,0.56,0.47,0.28,0.33,0.33,0.41,18,16,14.43,15.24,0.67,0.80,2.45,3.46,0.88,11.63,0.80,1.00,3.00,1.22,0.20,0.70,0.13,0.00,0.13
737,1,20,3,14,3,31,4,18,4,0.58,0.22,0.15,0.00,0.00,0.00,20,14,14.68,13.34,0.65,0.70,2.54,3.59,0.87,11.69,0.78,1.00,2.00,1.00,0.11,0.69,0.17,0.00,0.17
739,1,18,3,12,3,30,5,17,5,0.57,0.29,0.17,0.00,0.00,0.00,18,14,14.03,13.09,0.60,0.70,2.32,3.29,0.85,9.84,0.71,1.00,1.00,0.71,0.06,0.67,0.06,0.00,0.06
742,1,20,5,12,5,32,7,16,7,0.50,0.44,0.25,0.00,0.00,0.00,20,16,14.57,14.68,0.62,0.80,2.50,3.54,0.86,11.10,0.75,1.00,2.00,1.00,0.12,0.67,0.12,0.00,0.12
743,1,15,2,8,2,24,2,11,2,0.46,0.18,0.13,0.00,0.00,0.00,15,14,13.23,13.20,0.62,0.70,2.17,3.06,0.85,9.33,0.73,1.00,1.00,0.71,0.09,0.62,0.18,0.00,0.18
744,1,13,2,8,2,21,2,11,2,0.52,0.18,0.15,0.00,0.00,0.00,13,13,12.61,12.50,0.62,0.65,2.01,2.84,0.84,8.39,0.73,1.00,1.00,0.71,0.09,0.62,0.18,0.00,0.18
747,1,18,4,12,4,33,6,17,6,0.52,0.35,0.22,0.00,0.00,0.00,18,15,13.12,12.78,0.55,0.75,2.22,3.13,0.83,8.76,0.71,1.00,1.00,0.71,0.06,0.62,0.18,0.00,0.18
749,1,17,4,11,4,23,4,13,4,0.57,0.31,0.24,0.00,0.00,0.00,17,17,15.26,16.01,0.74,0.85,2.51,3.54,0.90,14.12,0.85,1.00,1.00,0.71,0.08,0.80,0.15,0.00,0.15
752,1,22,3,13,3,34,7,20,7,0.59,0.35,0.14,0.00,0.00,0.00,22,15,15.29,14.33,0.65,0.75,2.67,3.77,0.88,12.41,0.65,1.00,2.00,1.00,0.10,0.59,0.05,0.00,0.05
753,1,17,5,11,5,24,7,13,7,0.54,0.54,0.29,0.00,0.00,0.00,17,15,14.78,14.40,0.71,0.75,2.45,3.47,0.89,12.72,0.85,1.00,1.00,0.71,0.08,0.80,0.15,0.00,0.15
754,1,21,5,14,5,29,5,16,5,0.55,0.31,0.24,0.00,0.00,0.00,21,17,15.45,14.21,0.72,0.85,2.76,3.90,0.90,15.26,0.88,1.00,2.00,1.00,0.12,0.82,0.19,0.00,0.19
756,1,17,4,10,4,28,6,15,6,0.54,0.40,0.24,0.00,0.00,0.00,17,14,13.92,12.43,0.61,0.70,2.27,3.21,0.85,9.66,0.67,1.00,1.00,0.71,0.07,0.64,0.20,0.00,0.20
758,1,17,4,10,4,21,4,10,4,0.48,0.40,0.24,0.00,0.00,0.00,17,16,16.29,16.00,0.81,0.80,2.62,3.71,0.93,19.05,1.00,1.00,1.00,0.71,0.10,1.00,0.20,0.00,0.20
759,1,22,3,14,3,25,3,14,3,0.56,0.21,0.14,0.50,0.50,0.50,22,18,17.96,17.50,0.88,0.90,3.11,4.40,0.96,35.20,1.00,1.00,2.00,1.00,0.14,1.00,0.07,0.00,0.07
760,1,15,3,9,3,24,4,13,4,0.54,0.31,0.20,0.00,0.00,0.00,15,14,13.55,13.01,0.62,0.70,2.17,3.06,0.85,9.33,0.69,1.00,1.00,0.71,0.08,0.60,0.15,0.00,0.15
762,1,20,2,12,2,28,2,14,2,0.50,0.14,0.10,0.00,0.00,0.00,20,14,15.46,14.11,0.71,0.70,2.67,3.78,0.90,14.33,0.86,1.00,2.00,1.00,0.14,0.80,0.14,0.00,0.14
763,1,16,3,9,3,19,3,10,3,0.53,0.30,0.19,0.00,0.00,0.00,16,16,16,16,0.84,0.84,2.60,3.67,0.94,21.91,0.90,1.00,1.00,0.71,0.10,0.88,0.10,0.00,0.10
766,1,18,3,11,3,29,5,15,5,0.52,0.33,0.17,0.00,0.00,0.00,18,16,14.28,14.20,0.62,0.80,2.36,3.34,0.86,10.33,0.73,1.00,3.00,1.22,0.20,0.64,0.07,0.00,0.07
767,1,29,5,20,5,53,7,25,7,0.47,0.28,0.17,0.00,0.00,0.00,29,15,14.67,14.46,0.55,0.70,2.82,3.98,0.85,11.35,0.80,0.67,1.33,0.82,0.08,0.76,0.20,0.00,0.20
769,1,16,3,10,3,23,6,14,6,0.61,0.43,0.19,0.00,0.00,0.00,16,14,14.63,13.50,0.70,0.70,2.36,3.34,0.88,11.77,0.71,1.00,2.00,1.00,0.14,0.64,0.07,0.00,0.07
772,1,15,1,8,1,19,1,10,1,0.53,0.10,0.07,0.00,0.00,0.00,15,15,15,15,0.79,0.79,2.43,3.44,0.92,15.93,0.80,1.00,1.00,0.71,0.10,0.71,0.20,0.00,0.20
775,1,15,3,9,3,23,5,13,5,0.57,0.38,0.20,0.00,0.00,0.00,15,14,13.76,12.75,0.65,0.70,2.21,3.13,0.86,9.99,0.69,1.00,1.00,0.71,0.08,0.64,0.08,0.00,0.08
776,1,16,5,10,5,21,6,11,6,0.52,0.55,0.31,0.00,0.00,0.00,16,16,15.38,15.50,0.76,0.80,2.47,3.49,0.91,14.80,0.91,1.00,1.00,0.71,0.09,0.88,0.18,0.00,0.18
777,1,11,0,5,0,16,0,8,0,0.50,0.00,0.00,0,0,0,11,11,11,11,0.69,0.69,1.94,2.75,0.86,8.91,0.62,0,0,0,0.00,0.57,0.12,0.00,0.12
779,1,16,3,10,3,27,5,16,5,0.59,0.31,0.19,0.00,0.00,0.00,16,15,13.71,13.38,0.59,0.75,2.18,3.08,0.84,9.02,0.62,1.00,1.00,0.71,0.06,0.57,0.06,0.00,0.06
780,1,21,3,13,3,31,3,15,3,0.48,0.20,0.14,0.50,0.50,0.50,21,14,14.86,13.58,0.68,0.70,2.67,3.77,0.89,13.15,0.87,1.00,2.00,1.00,0.13,0.83,0.07,0.00,0.07
784,1,16,2,11,2,24,2,14,2,0.58,0.14,0.12,0.00,0.00,0.00,16,13,14.11,13.20,0.67,0.65,2.31,3.27,0.87,10.82,0.79,1.00,1.00,0.71,0.07,0.73,0.14,0.00,0.14
785,1,1,0,1,0,1,0,1,0,1.00,0.00,0.00,0,0,0,1,1,1,1,1.00,1.00,0.71,1.00,0,NaN,1.00,0,0,0,0.00,1.00,0.00,0.00,0.00
787,1,26,4,16,4,42,6,22,6,0.52,0.27,0.15,0.00,0.00,0.00,26,16,15.14,15.18,0.62,0.80,2.84,4.01,0.87,12.65,0.73,1.00,3.00,1.22,0.14,0.73,0.09,0.00,0.09
789,1,25,5,17,5,40,7,23,7,0.57,0.30,0.20,0.00,0.00,0.00,25,15,15.55,15.08,0.62,0.80,2.80,3.95,0.87,12.57,0.74,1.00,1.00,0.71,0.04,0.68,0.13,0.00,0.13
790,1,26,5,16,5,33,8,19,8,0.58,0.42,0.19,0.00,0.00,0.00,26,17,17.13,15.65,0.79,0.85,3.20,4.53,0.93,22.27,0.84,1.00,2.00,1.00,0.11,0.79,0.16,0.00,0.16
792,1,22,6,14,6,30,8,17,8,0.57,0.47,0.27,0.00,0.00,0.00,22,18,16.13,17.53,0.73,0.90,2.84,4.02,0.91,16.20,0.82,1.00,1.00,0.71,0.06,0.75,0.24,0.00,0.24
794,1,21,5,13,5,32,6,17,6,0.53,0.35,0.24,0.00,0.00,0.00,21,16,14.97,14.09,0.66,0.80,2.62,3.71,0.88,12.38,0.76,1.00,1.00,0.71,0.06,0.71,0.12,0.00,0.12
795,1,17,4,9,4,26,10,15,10,0.58,0.67,0.24,0.00,0.00,0.00,17,14,13.95,13.43,0.65,0.70,2.36,3.33,0.87,10.85,0.60,1.00,1.00,0.71,0.07,0.50,0.13,0.00,0.13
796,1,21,4,13,4,27,7,16,7,0.59,0.44,0.19,1.00,2.00,1.00,21,17,16.74,15.63,0.78,0.85,2.86,4.04,0.92,18.77,0.81,1.00,2.00,1.00,0.12,0.82,0.19,0.00,0.19
798,1,38,7,21,7,53,9,25,9,0.47,0.36,0.18,0.00,0.00,0.00,38,18,17.33,17.23,0.72,0.88,3.69,5.22,0.92,20.58,0.84,1.00,2.00,1.00,0.08,0.83,0.20,0.00,0.20
801,1,18,3,11,3,24,5,15,5,0.62,0.33,0.17,0.50,0.50,0.50,18,16,15.86,14.60,0.75,0.80,2.60,3.67,0.91,15.25,0.73,1.00,2.00,1.00,0.13,0.64,0.13,0.00,0.13
808,1,20,4,13,4,35,6,17,6,0.49,0.35,0.20,0.00,0.00,0.00,20,15,13.49,12.82,0.57,0.75,2.39,3.38,0.84,9.81,0.76,1.00,1.00,0.71,0.06,0.71,0.12,0.00,0.12
810,1,19,4,11,4,25,4,12,4,0.48,0.33,0.21,0.33,0.33,0.41,19,16,15.73,15.67,0.76,0.80,2.69,3.80,0.91,16.40,0.92,1.00,3.00,1.22,0.25,0.83,0.25,0.00,0.25
811,1,18,4,12,4,23,4,13,4,0.57,0.31,0.22,0.00,0.00,0.00,18,16,16.02,15.75,0.78,0.80,2.65,3.75,0.92,17.42,0.92,1.00,1.00,0.71,0.08,0.90,0.15,0.00,0.15
815,1,16,3,9,3,19,3,10,3,0.53,0.30,0.19,1.00,1.00,0.71,16,16,16,16,0.84,0.84,2.60,3.67,0.94,21.91,0.90,1.00,1.00,0.71,0.10,0.86,0.20,0.00,0.20
816,1,13,3,8,3,13,3,8,3,0.62,0.38,0.23,0.00,0.00,0.00,13,13,13,13,1.00,1.00,2.55,3.61,1.00,NaN,1.00,1.00,1.00,0.71,0.12,1.00,0.00,0.00,0.00
818,1,19,4,12,4,22,4,12,4,0.55,0.33,0.21,0.50,0.50,0.50,19,18,17.44,17.34,0.86,0.90,2.86,4.05,0.95,28.30,1.00,1.00,2.00,1.00,0.17,1.00,0.25,0.00,0.25
820,1,24,4,15,4,31,4,16,4,0.52,0.25,0.17,0,0,0,24,18,16.54,16.15,0.77,0.90,3.05,4.31,0.93,20.01,0.94,0,0,0,0.00,0.92,0.19,0.00,0.19
824,1,16,4,10,4,29,6,15,6,0.52,0.40,0.25,0.00,0.00,0.00,16,15,12.90,12.69,0.55,0.75,2.10,2.97,0.82,8.28,0.67,1.00,1.00,0.71,0.07,0.60,0.20,0.00,0.20
826,1,18,4,12,4,31,6,19,6,0.61,0.32,0.22,0.33,0.33,0.41,18,17,14.11,14.49,0.58,0.85,2.29,3.23,0.84,9.42,0.63,0.67,1.33,0.82,0.11,0.57,0.11,0.00,0.11
827,1,21,4,12,4,32,6,19,6,0.59,0.32,0.19,0.00,0.00,0.00,21,18,15.49,15.21,0.66,0.90,2.62,3.71,0.88,12.38,0.63,1.00,2.00,1.00,0.11,0.60,0.11,0.00,0.11
829,1,21,7,16,7,31,7,18,7,0.58,0.39,0.33,0.33,0.33,0.41,21,13,14.93,13.57,0.68,0.65,2.67,3.77,0.89,13.15,0.89,1.00,3.00,1.22,0.17,0.83,0.17,0.00,0.17
830,1,22,5,14,5,41,7,19,7,0.46,0.37,0.23,0.00,0.00,0.00,22,15,13.42,13.86,0.54,0.75,2.43,3.44,0.83,9.62,0.74,1.00,1.00,0.71,0.05,0.73,0.11,0.00,0.11
833,1,18,4,12,4,32,6,18,6,0.56,0.33,0.22,0.00,0.00,0.00,18,15,13.65,13.22,0.56,0.75,2.25,3.18,0.83,9.07,0.67,1.00,1.00,0.71,0.06,0.64,0.11,0.00,0.11
835,1,12,2,7,2,15,2,9,2,0.60,0.22,0.17,0,0,0,12,12,12,12,0.80,0.80,2.19,3.10,0.92,14.27,0.78,0,0,0,0.00,0.71,0.22,0.00,0.22
837,1,20,4,14,4,39,10,23,10,0.59,0.43,0.20,0.00,0.00,0.00,20,15,13.26,13.24,0.51,0.75,2.26,3.20,0.82,8.73,0.61,1.00,1.00,0.71,0.04,0.55,0.09,0.00,0.09
838,1,16,4,10,4,29,6,15,6,0.52,0.40,0.25,0.00,0.00,0.00,16,15,12.90,12.69,0.55,0.75,2.10,2.97,0.82,8.28,0.67,1.00,1.00,0.71,0.07,0.58,0.13,0.00,0.13
840,1,1,0,1,0,1,0,1,0,1.00,0.00,0.00,0,0,0,1,1,1,1,1.00,1.00,0.71,1.00,0,NaN,1.00,0,0,0,0.00,1.00,0.00,0.00,0.00
841,1,17,4,10,4,25,4,13,4,0.52,0.31,0.24,0.00,0.00,0.00,17,16,14.47,14.84,0.68,0.80,2.40,3.40,0.88,11.67,0.77,1.00,1.00,0.71,0.08,0.70,0.15,0.00,0.15
843,1,17,5,11,5,26,7,15,7,0.58,0.47,0.29,0.00,0.00,0.00,17,14,14.22,12.71,0.65,0.70,2.36,3.33,0.87,10.85,0.73,1.00,1.00,0.71,0.07,0.67,0.13,0.00,0.13
846,1,15,3,9,3,26,5,14,5,0.54,0.36,0.20,0.00,0.00,0.00,15,14,13.06,12.72,0.58,0.70,2.08,2.94,0.83,8.38,0.64,1.00,1.00,0.71,0.07,0.58,0.07,0.00,0.07
847,1,22,4,15,4,33,6,19,6,0.58,0.32,0.18,0.00,0.00,0.00,22,18,14.94,14.67,0.67,0.90,2.71,3.83,0.88,13.09,0.79,1.00,1.00,0.71,0.05,0.75,0.11,0.00,0.11
849,1,23,5,14,5,34,5,17,5,0.50,0.29,0.22,0.00,0.00,0.00,23,15,15.08,14.07,0.68,0.75,2.79,3.94,0.89,13.82,0.82,1.00,1.00,0.71,0.06,0.80,0.06,0.00,0.06
850,1,18,6,14,6,24,7,15,7,0.62,0.47,0.33,0.00,0.00,0.00,18,17,15.60,15.99,0.75,0.85,2.60,3.67,0.91,15.25,0.93,1.00,1.00,0.71,0.07,0.91,0.20,0.00,0.20
853,1,22,3,12,3,38,5,17,5,0.45,0.29,0.14,0.00,0.00,0.00,22,16,13.98,14.21,0.58,0.80,2.52,3.57,0.85,10.51,0.71,1.00,1.00,0.71,0.06,0.64,0.12,0.00,0.12
854,1,21,4,15,4,34,4,19,4,0.56,0.21,0.19,0.00,0.00,0.00,21,15,14.37,14.33,0.62,0.75,2.55,3.60,0.86,11.21,0.79,1.00,3.00,1.22,0.16,0.79,0.11,0.00,0.11
855,1,19,3,11,3,29,5,15,5,0.52,0.33,0.16,0.00,0.00,0.00,19,17,14.75,13.93,0.66,0.85,2.49,3.53,0.87,11.65,0.73,1.00,2.00,1.00,0.13,0.64,0.13,0.00,0.13
856,1,16,6,10,6,24,8,14,8,0.58,0.57,0.38,0.00,0.00,0.00,16,14,14.23,13.20,0.67,0.70,2.31,3.27,0.87,10.82,0.71,1.00,1.00,0.71,0.07,0.70,0.14,0.00,0.14
858,1,17,3,10,3,24,5,15,5,0.62,0.33,0.18,1.00,1.00,0.71,17,16,15.19,14.41,0.71,0.80,2.45,3.47,0.89,12.72,0.67,1.00,1.00,0.71,0.07,0.58,0.13,0.00,0.13
860,1,18,3,11,3,29,5,17,5,0.59,0.29,0.17,0.00,0.00,0.00,18,17,14.51,14.00,0.62,0.85,2.36,3.34,0.86,10.33,0.65,1.00,1.00,0.71,0.06,0.58,0.18,0.00,0.18
862,1,23,5,14,5,40,7,20,7,0.50,0.35,0.22,0.00,0.00,0.00,23,15,14.17,14.39,0.57,0.80,2.57,3.64,0.85,10.68,0.70,1.00,2.00,1.00,0.10,0.67,0.15,0.00,0.15
863,1,20,4,13,4,33,6,18,6,0.55,0.33,0.20,0.00,0.00,0.00,20,16,14.32,14.05,0.61,0.80,2.46,3.48,0.86,10.60,0.72,1.00,1.00,0.71,0.06,0.67,0.11,0.00,0.11
865,1,23,4,14,4,32,5,16,5,0.50,0.31,0.17,0.00,0.00,0.00,23,16,15.55,14.47,0.72,0.80,2.88,4.07,0.90,15.80,0.88,1.00,1.00,0.71,0.06,0.83,0.19,0.00,0.19
867,1,17,4,11,4,19,4,11,4,0.58,0.36,0.24,0.00,0.00,0.00,17,17,17,17,0.89,0.89,2.76,3.90,0.96,33.85,1.00,1.00,2.00,1.00,0.18,1.00,0.18,0.00,0.18
868,1,19,5,13,5,29,7,17,7,0.59,0.41,0.26,0.00,0.00,0.00,19,17,14.51,14.08,0.66,0.85,2.49,3.53,0.87,11.65,0.76,1.00,3.00,1.22,0.18,0.64,0.18,0.00,0.18
869,1,17,5,11,5,19,5,11,5,0.58,0.45,0.29,0.50,0.50,0.50,17,17,17,17,0.89,0.89,2.76,3.90,0.96,33.85,1.00,1.00,2.00,1.00,0.18,1.00,0.18,0.00,0.18
870,1,17,4,11,4,29,6,17,6,0.59,0.35,0.24,0.00,0.00,0.00,17,16,13.80,13.80,0.59,0.80,2.23,3.16,0.84,9.22,0.65,1.00,1.00,0.71,0.06,0.57,0.12,0.00,0.12
872,1,17,5,10,5,25,7,14,7,0.56,0.50,0.29,0.00,0.00,0.00,17,16,14.79,14.33,0.68,0.80,2.40,3.40,0.88,11.67,0.71,1.00,1.00,0.71,0.07,0.64,0.14,0.00,0.14
875,1,23,3,14,3,29,7,18,7,0.62,0.39,0.13,0.33,0.33,0.41,23,16,16.89,15.10,0.79,0.80,3.02,4.27,0.93,21.24,0.78,1.00,3.00,1.22,0.17,0.69,0.11,0.00,0.11
876,1,22,3,13,3,24,3,14,3,0.58,0.21,0.14,0.00,0.00,0.00,22,19,18.63,18.19,0.92,0.95,3.18,4.49,0.97,50.41,0.93,1.00,3.00,1.22,0.21,1.00,0.07,0.00,0.07
878,1,26,4,16,4,42,6,22,6,0.52,0.27,0.15,0.00,0.00,0.00,26,17,15.61,16.40,0.62,0.88,2.84,4.01,0.87,12.65,0.73,1.00,2.00,1.00,0.09,0.67,0.09,0.00,0.09
881,1,17,4,11,4,29,6,17,6,0.59,0.35,0.24,0.00,0.00,0.00,17,16,13.81,13.81,0.59,0.80,2.23,3.16,0.84,9.22,0.65,1.00,1.00,0.71,0.06,0.57,0.12,0.00,0.12
884,1,23,4,15,4,35,6,19,6,0.54,0.32,0.17,0.00,0.00,0.00,23,15,15.29,14.55,0.66,0.75,2.75,3.89,0.88,13.08,0.79,1.00,2.00,1.00,0.11,0.73,0.11,0.00,0.11
889,1,22,5,14,5,37,8,19,8,0.51,0.42,0.23,0.00,0.00,0.00,22,15,14.42,13.44,0.59,0.75,2.56,3.62,0.86,10.89,0.74,1.00,2.00,1.00,0.11,0.67,0.11,0.00,0.11
890,1,17,3,10,3,24,5,15,5,0.62,0.33,0.18,0.00,0.00,0.00,17,16,15.19,14.42,0.71,0.80,2.45,3.47,0.89,12.72,0.67,1.00,1.00,0.71,0.07,0.62,0.07,0.00,0.07
893,1,18,2,11,2,29,3,16,3,0.55,0.19,0.11,0,0,0,18,17,14.50,13.60,0.62,0.85,2.36,3.34,0.86,10.33,0.69,0,0,0,0.00,0.64,0.12,0.00,0.12
897,1,25,4,16,4,36,4,20,4,0.56,0.20,0.16,0.20,0.20,0.32,25,16,15.86,15.41,0.69,0.80,2.95,4.17,0.90,15.29,0.80,0.80,3.20,1.26,0.20,0.79,0.05,0.00,0.05
898,1,16,4,9,4,23,6,12,6,0.52,0.50,0.25,0.00,0.00,0.00,16,14,14.51,14.00,0.70,0.70,2.36,3.34,0.88,11.77,0.75,1.00,1.00,0.71,0.08,0.75,0.25,0.00,0.25
899,1,17,3,10,3,20,3,11,3,0.55,0.27,0.18,1.00,1.00,0.71,17,17,17.00,17.00,0.85,0.85,2.69,3.80,0.95,23.98,0.91,1.00,1.00,0.71,0.09,0.88,0.18,0.00,0.18
905,1,16,4,10,4,27,6,15,6,0.56,0.40,0.25,0.00,0.00,0.00,16,15,13.51,13.12,0.59,0.75,2.18,3.08,0.84,9.02,0.67,1.00,1.00,0.71,0.07,0.58,0.13,0.00,0.13
906,1,22,2,13,2,28,2,13,2,0.46,0.15,0.09,0.00,0.00,0.00,22,16,16.27,16.01,0.79,0.80,2.94,4.16,0.93,20.00,1.00,1.00,1.00,0.71,0.08,1.00,0.31,0.00,0.31
907,1,20,4,13,4,32,7,18,7,0.56,0.39,0.20,0.00,0.00,0.00,20,16,14.66,14.32,0.62,0.80,2.50,3.54,0.86,11.10,0.72,1.00,1.00,0.71,0.06,0.73,0.11,0.00,0.11
908,1,19,3,12,3,32,5,18,5,0.56,0.28,0.16,0.00,0.00,0.00,19,15,13.82,12.27,0.59,0.75,2.38,3.36,0.85,10.01,0.67,1.00,1.00,0.71,0.06,0.69,0.17,0.00,0.17
910,1,18,5,12,5,29,7,17,7,0.59,0.41,0.28,0.00,0.00,0.00,18,17,14.29,14.70,0.62,0.85,2.36,3.34,0.86,10.33,0.71,1.00,1.00,0.71,0.06,0.62,0.12,0.06,0.18
911,1,24,4,16,4,32,4,18,4,0.56,0.22,0.17,0.00,0.00,0.00,24,17,16.17,15.76,0.75,0.85,3.00,4.24,0.92,18.13,0.89,1.00,1.00,0.71,0.06,0.86,0.17,0.00,0.17
913,1,18,4,11,4,30,6,16,6,0.53,0.38,0.22,0.00,0.00,0.00,18,16,13.95,14.37,0.60,0.80,2.32,3.29,0.85,9.84,0.69,1.00,1.00,0.71,0.06,0.62,0.12,0.00,0.12
914,1,14,4,10,4,15,4,10,4,0.67,0.40,0.29,0.00,0.00,0.00,14,14,14,14,0.93,0.93,2.56,3.61,0.97,46.16,1.00,1.00,1.00,0.71,0.10,1.00,0.20,0.00,0.20
915,1,16,5,10,5,25,7,14,7,0.56,0.50,0.31,0.00,0.00,0.00,16,14,14.00,12.99,0.64,0.70,2.26,3.20,0.86,10.08,0.71,1.00,1.00,0.71,0.07,0.64,0.14,0.00,0.14
916,1,22,4,14,4,37,6,19,6,0.51,0.32,0.18,0.00,0.00,0.00,22,15,14.24,13.45,0.59,0.75,2.56,3.62,0.86,10.89,0.74,1.00,2.00,1.00,0.11,0.67,0.11,0.00,0.11
917,1,26,6,16,6,39,9,22,9,0.56,0.41,0.23,0.00,0.00,0.00,26,17,16.13,14.89,0.67,0.85,2.94,4.16,0.89,14.38,0.73,1.00,2.00,1.00,0.09,0.62,0.18,0.00,0.18
919,1,26,4,18,4,36,4,21,4,0.58,0.19,0.15,0.00,0.00,0.00,26,17,16.02,15.10,0.72,0.85,3.06,4.33,0.91,17.14,0.86,1.00,2.00,1.00,0.10,0.81,0.14,0.00,0.14
921,1,25,4,17,4,34,4,20,4,0.59,0.20,0.16,0.00,0.00,0.00,25,18,16.44,17.00,0.74,0.90,3.03,4.29,0.91,17.56,0.85,0.75,2.25,1.06,0.15,0.87,0.05,0.00,0.05
922,1,15,3,9,3,21,5,13,5,0.62,0.38,0.20,1.00,1.00,0.71,15,14,14.57,14.00,0.71,0.70,2.31,3.27,0.89,11.96,0.69,1.00,1.00,0.71,0.08,0.64,0.08,0.00,0.08