subjectcode,sentences,wordtypes,swordtypes,lextypes,slextypes,wordtokens,swordtokens,lextokens,slextokens,ld,ls1,ls2,vs1,vs2,cvs1,ndw,ndwz,ndwerz,ndwesz,ttr,msttr,cttr,rttr,logttr,uber,lv,vv1,svv1,cvv1,vv2,nv,adjv,advv,modv
100,1,47,11,30,9,70,20,35,11,0.50,0.31,0.23,0.25,0.50,0.50,47,18,16.93,16.79,0.67,0.82,3.97,5.62,0.91,19.68,0.86,0.88,6.12,1.75,0.20,0.77,0.31,0.06,0.37
101,1,58,12,32,8,79,14,41,8,0.52,0.20,0.21,0.08,0.08,0.20,58,19,18.51,18.23,0.73,0.90,4.61,6.53,0.93,26.83,0.78,0.77,7.69,1.96,0.24,0.79,0.20,0.07,0.27
105,1,53,10,33,8,85,18,41,9,0.48,0.22,0.19,0.10,0.10,0.22,53,17,16.85,17.08,0.62,0.87,4.06,5.75,0.89,18.15,0.80,0.80,6.40,1.79,0.20,0.76,0.15,0.07,0.22
106,1,29,3,18,2,33,4,20,3,0.61,0.15,0.10,0.00,0.00,0.00,29,19,18.57,19.14,0.88,0.95,3.57,5.05,0.96,41.09,0.90,1.00,6.00,1.73,0.30,0.80,0.30,0.10,0.40
109,1,38,8,24,6,58,10,31,6,0.53,0.19,0.21,0.14,0.14,0.27,38,16,16.83,17.50,0.66,0.80,3.53,4.99,0.90,16.93,0.77,0.71,3.57,1.34,0.16,0.77,0.26,0.03,0.29
110,1,45,10,27,8,59,10,30,8,0.51,0.27,0.22,0.12,0.12,0.25,45,17,17.68,17.75,0.76,0.88,4.14,5.86,0.93,26.66,0.90,1.00,8.00,2.00,0.27,0.82,0.23,0.10,0.33
111,1,33,10,19,5,40,10,22,5,0.55,0.23,0.30,0.00,0.00,0.00,33,19,18.16,17.95,0.82,0.90,3.69,5.22,0.95,30.72,0.86,0.75,4.50,1.50,0.27,0.86,0.14,0.18,0.32
113,1,33,3,19,2,42,4,24,2,0.57,0.08,0.09,0.00,0.00,0.00,33,17,17.58,17.13,0.79,0.88,3.60,5.09,0.94,25.16,0.79,1.00,8.00,2.00,0.33,0.50,0.17,0.17,0.33
115,1,35,6,26,4,43,8,29,5,0.67,0.17,0.17,0.00,0.00,0.00,35,18,18.19,18.54,0.81,0.93,3.77,5.34,0.95,29.85,0.90,1.00,9.00,2.12,0.31,0.88,0.14,0.21,0.34
116,0,0,0,0,0,0,0,0,0,0,0,0,0,0,0,0,0,0,0,0,0,0,0,0,0,0,0,0,0,0,0,0,0,0
118,1,43,7,27,5,62,7,35,5,0.56,0.14,0.16,0.09,0.09,0.21,43,18,17.46,17.97,0.69,0.88,3.86,5.46,0.91,20.22,0.77,0.82,7.36,1.92,0.26,0.62,0.14,0.23,0.37
120,1,36,7,18,5,39,7,18,5,0.46,0.28,0.19,0.25,0.50,0.50,36,18,19.11,18.65,0.92,0.90,4.08,5.76,0.98,72.82,1.00,1.00,8.00,2.00,0.44,1.00,0.28,0.06,0.33
121,1,48,12,26,9,69,13,31,9,0.45,0.29,0.25,0.09,0.09,0.21,48,18,17.44,17.66,0.70,0.88,4.09,5.78,0.91,21.45,0.84,0.82,7.36,1.92,0.29,0.75,0.16,0.10,0.26
122,1,35,5,23,4,45,6,30,4,0.67,0.13,0.14,0.00,0.00,0.00,35,19,17.85,19.26,0.78,0.95,3.69,5.22,0.93,25.04,0.77,0.73,5.82,1.71,0.27,0.71,0.13,0.20,0.33
123,1,42,4,22,2,61,8,28,2,0.46,0.07,0.10,0.00,0.00,0.00,42,15,17.28,17.33,0.69,0.83,3.80,5.38,0.91,19.67,0.79,0.80,6.40,1.79,0.29,0.69,0.18,0.00,0.18
124,1,52,8,31,6,70,12,33,6,0.47,0.18,0.15,0.14,0.14,0.27,52,15,17.82,17.38,0.74,0.80,4.39,6.22,0.93,26.37,0.94,1.00,7.00,1.87,0.21,0.83,0.24,0.18,0.42
126,1,59,13,38,11,102,28,54,19,0.53,0.35,0.22,0.00,0.00,0.00,59,17,17.41,18.29,0.58,0.91,4.13,5.84,0.88,16.97,0.70,0.80,6.40,1.79,0.15,0.59,0.17,0.09,0.26
130,1,52,8,36,7,85,17,50,11,0.59,0.22,0.15,0.00,0.00,0.00,52,19,17.33,17.87,0.61,0.90,3.99,5.64,0.89,17.44,0.72,0.89,7.11,1.89,0.16,0.68,0.14,0.16,0.30
132,1,44,11,23,6,50,13,27,7,0.54,0.26,0.25,0.17,0.17,0.29,44,20,18.98,19.46,0.88,0.97,4.40,6.22,0.97,51.99,0.85,1.00,6.00,1.73,0.22,0.75,0.22,0.19,0.41
134,1,56,10,33,8,81,17,40,11,0.49,0.28,0.18,0.10,0.10,0.22,56,16,17.74,17.46,0.69,0.86,4.40,6.22,0.92,22.72,0.82,0.90,8.10,2.01,0.23,0.76,0.20,0.07,0.28
135,1,32,8,18,6,39,10,20,6,0.51,0.30,0.25,0.25,0.25,0.35,32,17,18.07,18.00,0.82,0.85,3.62,5.12,0.95,29.47,0.90,1.00,4.00,1.41,0.20,0.88,0.15,0.20,0.35
137,1,43,5,25,4,57,7,29,5,0.51,0.17,0.12,0.00,0.00,0.00,43,20,17.95,17.99,0.75,0.93,4.03,5.70,0.93,25.19,0.86,1.00,6.00,1.73,0.21,0.57,0.31,0.21,0.52
138,1,32,9,18,6,47,14,21,6,0.45,0.29,0.28,0.00,0.00,0.00,32,18,16.95,16.12,0.68,0.80,3.30,4.67,0.90,16.75,0.86,0.62,3.12,1.25,0.24,1.00,0.10,0.14,0.24
141,1,29,4,15,2,35,5,19,2,0.54,0.11,0.14,0.00,0.00,0.00,29,19,17.94,18.57,0.83,0.95,3.47,4.90,0.95,29.19,0.79,1.00,6.00,1.73,0.32,0.80,0.16,0.11,0.26
142,1,32,4,22,3,45,6,28,3,0.62,0.11,0.12,0.00,0.00,0.00,32,17,16.89,16.73,0.71,0.88,3.37,4.77,0.91,18.46,0.79,0.88,6.12,1.75,0.25,0.67,0.21,0.11,0.32
143,1,38,5,20,3,64,8,28,3,0.44,0.11,0.13,0.00,0.00,0.00,38,18,16.70,18.01,0.59,0.88,3.36,4.75,0.87,14.41,0.71,1.00,6.00,1.73,0.21,0.57,0.14,0.07,0.21
144,1,43,8,27,6,60,13,33,7,0.55,0.21,0.19,0.12,0.12,0.25,43,14,17.37,17.04,0.72,0.82,3.93,5.55,0.92,21.85,0.82,0.88,6.12,1.75,0.21,0.64,0.24,0.15,0.39
145,1,36,8,24,7,46,10,29,7,0.63,0.24,0.22,0.14,0.14,0.27,36,19,17.78,17.41,0.78,0.90,3.75,5.31,0.94,25.97,0.83,0.86,5.14,1.60,0.21,0.70,0.24,0.14,0.38
148,1,40,7,21,5,54,7,26,5,0.48,0.19,0.17,0.11,0.11,0.24,40,18,17.58,18.31,0.74,0.88,3.85,5.44,0.92,23.03,0.81,0.89,7.11,1.89,0.31,0.70,0.12,0.12,0.23
150,1,29,6,18,4,37,6,24,4,0.65,0.17,0.21,0.00,0.00,0.00,29,19,17.30,17.04,0.78,0.95,3.37,4.77,0.93,23.24,0.75,0.75,4.50,1.50,0.25,0.62,0.21,0.08,0.29
152,1,40,3,24,1,53,3,28,1,0.53,0.04,0.07,0.00,0.00,0.00,40,17,17.49,17.48,0.75,0.88,3.89,5.49,0.93,24.33,0.86,1.00,10.00,2.24,0.36,0.73,0.21,0.00,0.21
153,1,57,12,38,10,90,21,49,14,0.54,0.29,0.21,0.06,0.06,0.17,57,16,17.51,18.22,0.63,0.88,4.25,6.01,0.90,19.25,0.78,0.76,9.94,2.23,0.27,0.64,0.16,0.16,0.33
154,1,58,5,32,4,85,6,42,4,0.49,0.10,0.09,0.08,0.08,0.20,58,16,17.99,17.62,0.68,0.85,4.45,6.29,0.91,22.43,0.76,0.75,6.75,1.84,0.21,0.71,0.12,0.14,0.26
155,1,49,10,27,6,65,18,31,8,0.48,0.26,0.20,0.00,0.00,0.00,49,17,18.35,18.06,0.75,0.95,4.30,6.08,0.93,26.78,0.87,1.00,8.00,2.00,0.26,0.86,0.16,0.06,0.23
156,1,38,9,22,6,52,9,27,6,0.52,0.22,0.24,0.00,0.00,0.00,38,19,17.63,17.43,0.73,0.95,3.73,5.27,0.92,21.62,0.81,0.86,5.14,1.60,0.22,0.80,0.22,0.11,0.33
157,1,24,3,15,2,25,3,16,2,0.64,0.12,0.12,0.00,0.00,0.00,24,19,19.36,19.00,0.96,0.95,3.39,4.80,0.99,110.23,0.94,1.00,2.00,1.00,0.12,0.80,0.31,0.25,0.56
159,1,37,7,23,6,53,11,30,8,0.57,0.27,0.19,0.11,0.11,0.24,37,16,17.11,17.06,0.70,0.80,3.59,5.08,0.91,19.05,0.77,0.78,5.44,1.65,0.23,0.67,0.20,0.13,0.33
160,1,38,8,20,4,46,8,25,4,0.54,0.16,0.21,0.11,0.11,0.24,38,19,18.43,18.77,0.83,0.93,3.96,5.60,0.95,33.32,0.80,0.67,4.00,1.41,0.24,0.67,0.32,0.08,0.40
161,1,34,8,20,5,42,9,22,5,0.52,0.23,0.24,0.11,0.11,0.24,34,17,18.10,17.48,0.81,0.90,3.71,5.25,0.94,28.71,0.91,0.89,7.11,1.89,0.36,0.86,0.18,0.09,0.27
163,1,55,11,35,10,80,15,46,11,0.57,0.24,0.20,0.31,1.23,0.78,55,16,17.73,17.76,0.69,0.86,4.35,6.15,0.91,22.26,0.76,0.85,9.31,2.16,0.24,0.69,0.17,0.15,0.33
164,1,43,6,27,5,63,7,32,5,0.51,0.16,0.14,0.00,0.00,0.00,43,17,17.40,17.50,0.68,0.90,3.83,5.42,0.91,19.52,0.84,1.00,8.00,2.00,0.25,0.67,0.22,0.12,0.34
165,1,36,5,19,3,49,7,25,3,0.51,0.12,0.14,0.00,0.00,0.00,36,18,17.60,17.72,0.73,0.82,3.64,5.14,0.92,21.34,0.76,0.83,4.17,1.44,0.20,0.60,0.24,0.08,0.32
166,1,29,4,16,3,46,5,24,3,0.52,0.12,0.14,0.00,0.00,0.00,29,18,15.74,15.45,0.63,0.80,3.02,4.28,0.88,13.80,0.67,0.80,3.20,1.26,0.17,0.43,0.25,0.12,0.38
167,1,36,7,21,5,48,10,26,7,0.54,0.27,0.19,0.14,0.14,0.27,36,19,17.60,18.21,0.75,0.90,3.67,5.20,0.93,22.62,0.81,0.86,5.14,1.60,0.23,0.56,0.19,0.19,0.38
168,1,29,6,14,4,36,6,18,4,0.50,0.22,0.21,0.00,0.00,0.00,29,19,17.75,17.99,0.81,0.95,3.42,4.83,0.94,25.79,0.78,0.67,2.67,1.15,0.22,0.71,0.22,0.06,0.28
170,1,42,7,27,6,56,10,31,6,0.55,0.19,0.17,0.00,0.00,0.00,42,19,17.81,17.77,0.75,0.85,3.97,5.61,0.93,24.46,0.87,0.89,7.11,1.89,0.26,0.91,0.16,0.13,0.29
171,1,50,6,29,4,67,6,34,4,0.51,0.12,0.12,0.11,0.11,0.24,50,17,17.98,17.64,0.75,0.87,4.32,6.11,0.93,26.23,0.85,1.00,9.00,2.12,0.26,0.71,0.21,0.09,0.29
172,0,0,0,0,0,0,0,0,0,0,0,0,0,0,0,0,0,0,0,0,0,0,0,0,0,0,0,0,0,0,0,0,0,0
173,1,51,10,25,8,76,13,33,8,0.43,0.24,0.20,0.10,0.10,0.22,51,18,17.55,17.44,0.67,0.88,4.14,5.85,0.91,20.42,0.76,0.90,8.10,2.01,0.27,0.62,0.09,0.15,0.24
174,1,44,7,25,4,60,8,30,4,0.50,0.13,0.16,0.10,0.10,0.22,44,18,17.94,18.89,0.73,0.93,4.02,5.68,0.92,23.47,0.83,1.00,10.00,2.24,0.33,0.73,0.13,0.10,0.23
175,1,49,9,32,7,68,12,38,8,0.56,0.21,0.18,0.15,0.31,0.39,49,18,18.03,18.69,0.72,0.93,4.20,5.94,0.92,23.60,0.84,0.77,7.69,1.96,0.26,0.92,0.08,0.21,0.29
177,1,32,8,20,6,40,10,27,8,0.68,0.30,0.25,0.20,0.40,0.45,32,18,17.71,18.76,0.80,0.90,3.58,5.06,0.94,26.48,0.74,0.60,3.60,1.34,0.22,0.75,0.11,0.19,0.30
179,1,33,6,21,4,47,9,28,4,0.60,0.14,0.18,0.10,0.10,0.22,33,16,16.88,16.61,0.70,0.80,3.40,4.81,0.91,18.20,0.75,0.60,3.60,1.34,0.21,0.57,0.21,0.18,0.39
182,1,33,8,20,6,57,11,29,6,0.51,0.21,0.24,0.00,0.00,0.00,33,15,15.75,15.58,0.58,0.82,3.09,4.37,0.86,12.99,0.69,0.60,3.60,1.34,0.21,0.70,0.14,0.10,0.24
183,1,44,5,28,4,80,10,44,5,0.55,0.11,0.11,0.00,0.00,0.00,44,18,16.65,17.11,0.55,0.82,3.48,4.92,0.86,13.95,0.64,0.82,7.36,1.92,0.20,0.53,0.14,0.11,0.25
185,1,38,7,20,4,46,10,23,5,0.50,0.22,0.18,0.14,0.14,0.27,38,17,18.31,18.85,0.83,0.90,3.96,5.60,0.95,33.32,0.87,1.00,7.00,1.87,0.30,0.70,0.17,0.09,0.26
186,1,52,12,32,9,67,14,35,9,0.52,0.26,0.23,0.20,0.40,0.45,52,17,18.23,19.00,0.78,0.93,4.49,6.35,0.94,30.29,0.91,1.00,10.00,2.24,0.29,0.82,0.23,0.14,0.37
189,1,52,13,36,9,87,22,44,11,0.51,0.25,0.25,0.08,0.08,0.20,52,17,16.81,17.56,0.60,0.86,3.94,5.57,0.88,16.83,0.82,0.92,11.08,2.35,0.27,0.75,0.14,0.14,0.27
191,1,35,7,21,6,60,9,30,6,0.50,0.20,0.20,0.09,0.09,0.21,35,16,15.99,16.78,0.58,0.80,3.20,4.52,0.87,13.51,0.70,0.64,4.45,1.49,0.23,0.60,0.23,0.03,0.27
193,1,33,8,25,6,43,10,29,6,0.67,0.21,0.24,0.22,0.44,0.47,33,17,17.55,17.67,0.77,0.88,3.56,5.03,0.93,23.21,0.86,0.78,5.44,1.65,0.24,0.88,0.24,0.14,0.38
194,1,34,9,21,6,51,9,31,6,0.61,0.19,0.26,0.17,0.17,0.29,34,18,16.74,17.58,0.67,0.90,3.37,4.76,0.90,16.56,0.68,1.00,6.00,1.73,0.19,0.60,0.19,0.10,0.29
195,1,38,7,21,5,62,8,29,5,0.47,0.17,0.18,0.14,0.14,0.27,38,17,16.52,16.80,0.61,0.82,3.41,4.83,0.88,15.11,0.72,1.00,7.00,1.87,0.24,0.70,0.21,0.03,0.24
196,1,29,8,15,4,34,9,16,4,0.47,0.25,0.28,0.00,0.00,0.00,29,17,18.16,17.73,0.85,0.85,3.52,4.97,0.95,33.95,0.94,1.00,3.00,1.22,0.19,0.88,0.25,0.06,0.31
197,1,51,11,30,9,75,18,39,10,0.52,0.26,0.22,0.00,0.00,0.00,51,17,17.33,17.19,0.68,0.85,4.16,5.89,0.91,20.99,0.77,0.80,6.40,1.79,0.21,0.65,0.15,0.13,0.28
198,1,33,8,23,6,53,10,34,7,0.64,0.21,0.24,0.00,0.00,0.00,33,17,16.12,16.68,0.62,0.88,3.21,4.53,0.88,14.45,0.68,0.60,3.60,1.34,0.18,0.89,0.24,0.06,0.29
199,1,35,5,22,4,51,6,31,4,0.61,0.13,0.14,0.14,0.14,0.27,35,19,16.94,18.14,0.69,0.88,3.47,4.90,0.90,17.83,0.71,0.71,3.57,1.34,0.16,0.60,0.23,0.13,0.35
200,1,42,7,26,6,54,11,32,8,0.59,0.25,0.17,0.09,0.09,0.21,42,18,18.16,17.99,0.78,0.90,4.04,5.72,0.94,27.50,0.81,0.64,4.45,1.49,0.22,0.83,0.19,0.25,0.44
202,1,38,5,23,3,48,10,26,3,0.54,0.12,0.13,0.00,0.00,0.00,38,17,17.25,17.35,0.79,0.85,3.88,5.48,0.94,27.86,0.88,1.00,7.00,1.87,0.27,0.62,0.27,0.15,0.42
203,0,0,0,0,0,0,0,0,0,0,0,0,0,0,0,0,0,0,0,0,0,0,0,0,0,0,0,0,0,0,0,0,0,0
206,1,33,8,21,6,46,12,27,6,0.59,0.22,0.24,0.20,0.20,0.32,33,19,16.90,17.20,0.72,0.90,3.44,4.87,0.91,19.17,0.78,1.00,5.00,1.58,0.19,0.67,0.15,0.15,0.30
207,1,30,8,18,5,45,9,27,6,0.60,0.22,0.27,0.00,0.00,0.00,30,17,16.69,16.05,0.67,0.80,3.16,4.47,0.89,15.52,0.67,0.71,3.57,1.34,0.19,0.62,0.19,0.11,0.30
208,1,34,7,20,5,48,9,24,5,0.50,0.21,0.21,0.20,0.20,0.32,34,17,16.97,18.13,0.71,0.90,3.47,4.91,0.91,18.87,0.83,1.00,5.00,1.58,0.21,0.78,0.29,0.04,0.33
209,1,29,9,17,6,38,16,20,8,0.53,0.40,0.31,0.17,0.17,0.29,29,19,16.88,17.18,0.76,0.95,3.33,4.70,0.93,21.26,0.85,1.00,6.00,1.73,0.30,0.75,0.20,0.05,0.25
210,1,55,15,32,12,97,29,48,18,0.49,0.38,0.27,0.08,0.08,0.20,55,17,17.26,17.40,0.57,0.88,3.95,5.58,0.88,16.02,0.67,0.77,7.69,1.96,0.21,0.52,0.17,0.04,0.21
212,1,11,3,8,2,11,3,8,2,0.73,0.25,0.27,0.50,0.50,0.50,11,11,11,11,1.00,1.00,2.35,3.32,1.00,NaN,1.00,1.00,2.00,1.00,0.25,1.00,0.38,0.25,0.62
213,1,38,5,23,4,60,7,31,4,0.52,0.13,0.13,0.10,0.10,0.22,38,17,16.79,16.32,0.63,0.83,3.47,4.91,0.89,15.94,0.74,0.80,6.40,1.79,0.26,0.73,0.16,0.06,0.23
214,1,37,5,22,4,46,5,26,4,0.57,0.15,0.14,0.00,0.00,0.00,37,19,18.03,18.62,0.80,0.93,3.86,5.46,0.94,29.24,0.85,0.62,3.12,1.25,0.19,0.83,0.27,0.19,0.46
215,1,31,5,18,4,42,12,21,6,0.50,0.29,0.16,0.00,0.00,0.00,31,17,16.70,17.38,0.74,0.90,3.38,4.78,0.92,19.98,0.86,1.00,4.00,1.41,0.19,0.70,0.19,0.14,0.33
216,1,31,9,17,7,34,10,17,7,0.50,0.41,0.29,0.20,0.20,0.32,31,18,19.00,19.00,0.91,0.90,3.76,5.32,0.97,58.46,1.00,1.00,5.00,1.58,0.29,1.00,0.24,0.06,0.29
217,1,52,13,32,10,85,30,48,17,0.56,0.35,0.25,0.08,0.08,0.20,52,18,16.97,16.93,0.61,0.88,3.99,5.64,0.89,17.44,0.67,0.67,5.33,1.63,0.17,0.59,0.17,0.06,0.23
218,1,39,7,22,5,56,9,30,6,0.54,0.20,0.18,0.11,0.11,0.24,39,17,17.35,16.71,0.70,0.85,3.69,5.21,0.91,19.45,0.73,0.78,5.44,1.65,0.23,0.75,0.20,0.10,0.30
219,1,27,4,18,3,38,5,21,3,0.55,0.14,0.15,0.00,0.00,0.00,27,16,16.63,16.77,0.71,0.80,3.10,4.38,0.91,16.82,0.86,1.00,4.00,1.41,0.19,0.67,0.33,0.14,0.48
220,1,34,5,23,4,49,6,28,4,0.57,0.14,0.15,0.00,0.00,0.00,34,19,17.38,17.21,0.69,0.82,3.43,4.86,0.91,18.00,0.82,0.89,7.11,1.89,0.29,0.78,0.14,0.14,0.29
221,1,36,6,22,4,55,6,29,4,0.53,0.14,0.17,0.00,0.00,0.00,36,18,16.79,16.88,0.65,0.93,3.43,4.85,0.89,16.46,0.76,0.86,5.14,1.60,0.21,0.67,0.24,0.10,0.34
222,1,45,10,28,6,59,11,35,6,0.59,0.17,0.22,0.00,0.00,0.00,45,17,18.01,17.28,0.76,0.85,4.14,5.86,0.93,26.66,0.80,0.75,6.75,1.84,0.26,0.78,0.14,0.20,0.34
224,1,47,6,26,4,65,6,35,4,0.54,0.11,0.13,0.00,0.00,0.00,47,19,18.03,18.98,0.72,0.95,4.12,5.83,0.92,23.34,0.74,0.69,6.23,1.77,0.26,0.80,0.11,0.14,0.26
225,1,39,5,23,4,60,12,33,4,0.55,0.12,0.13,0.17,0.17,0.29,39,17,16.25,15.77,0.65,0.80,3.56,5.03,0.89,16.90,0.70,1.00,6.00,1.73,0.18,0.64,0.24,0.06,0.30
226,1,29,7,16,3,38,11,20,5,0.53,0.25,0.24,0.00,0.00,0.00,29,16,17.43,18.15,0.76,0.80,3.33,4.70,0.93,21.26,0.80,0.67,1.33,0.82,0.10,0.71,0.20,0.25,0.45
228,1,41,7,22,4,56,7,27,4,0.48,0.15,0.17,0.10,0.10,0.22,41,20,17.77,17.74,0.73,0.88,3.87,5.48,0.92,22.57,0.81,0.90,8.10,2.01,0.33,0.64,0.15,0.07,0.22
230,1,50,9,27,5,70,12,33,5,0.47,0.15,0.18,0.14,0.29,0.38,50,17,17.92,18.03,0.71,0.90,4.23,5.98,0.92,23.30,0.82,0.79,8.64,2.08,0.33,0.80,0.12,0.12,0.24
232,1,39,4,22,3,53,7,27,3,0.51,0.11,0.10,0.00,0.00,0.00,39,15,17.51,18.66,0.74,0.88,3.79,5.36,0.92,22.32,0.81,0.88,6.12,1.75,0.26,0.64,0.11,0.19,0.30
233,1,43,8,24,6,65,9,35,6,0.54,0.17,0.19,0.06,0.06,0.18,43,18,17.58,18.23,0.66,0.93,3.77,5.33,0.90,18.32,0.69,0.69,7.56,1.94,0.31,0.50,0.14,0.11,0.26
234,0,0,0,0,0,0,0,0,0,0,0,0,0,0,0,0,0,0,0,0,0,0,0,0,0,0,0,0,0,0,0,0,0,0
235,1,42,13,22,9,57,15,26,9,0.46,0.35,0.31,0.14,0.14,0.27,42,18,17.81,18.06,0.74,0.93,3.93,5.56,0.92,23.25,0.85,1.00,7.00,1.87,0.27,0.86,0.19,0.15,0.35
237,1,47,5,29,3,68,6,39,3,0.57,0.08,0.11,0.00,0.00,0.00,47,19,17.95,17.76,0.69,0.88,4.03,5.70,0.91,20.93,0.74,0.71,7.14,1.89,0.26,0.67,0.15,0.13,0.28
240,1,30,6,19,4,40,11,21,5,0.53,0.24,0.20,0.00,0.00,0.00,30,15,17.03,17.15,0.75,0.80,3.35,4.74,0.92,20.54,0.90,1.00,3.00,1.22,0.14,0.75,0.43,0.05,0.48
241,1,29,6,17,6,37,6,20,6,0.54,0.30,0.21,0.12,0.12,0.25,29,18,17.38,16.11,0.78,0.90,3.37,4.77,0.93,23.24,0.85,0.75,4.50,1.50,0.30,0.88,0.20,0.00,0.20
242,1,39,5,22,3,48,7,26,3,0.54,0.12,0.13,0.00,0.00,0.00,39,18,18.28,18.60,0.81,0.90,3.98,5.63,0.95,31.34,0.85,0.88,6.12,1.75,0.27,0.71,0.27,0.12,0.38
243,1,65,16,43,12,98,26,50,13,0.51,0.26,0.25,0.31,1.23,0.78,65,17,17.68,17.18,0.66,0.86,4.64,6.57,0.91,22.24,0.86,0.85,9.31,2.16,0.22,0.84,0.20,0.12,0.32
246,1,39,6,23,4,50,7,25,4,0.50,0.16,0.15,0.20,0.20,0.32,39,17,17.95,17.82,0.78,0.90,3.90,5.52,0.94,26.75,0.92,1.00,5.00,1.58,0.20,0.80,0.16,0.24,0.40
248,1,57,8,35,5,94,8,51,5,0.54,0.10,0.14,0.00,0.00,0.00,57,18,17.76,17.87,0.61,0.89,4.16,5.88,0.89,17.92,0.69,0.71,8.47,2.06,0.24,0.62,0.22,0.08,0.29
249,1,51,3,35,2,71,4,47,3,0.66,0.06,0.06,0.00,0.00,0.00,51,19,18.19,18.01,0.72,0.93,4.28,6.05,0.92,23.85,0.74,0.86,10.29,2.27,0.26,0.55,0.21,0.15,0.36
251,1,26,3,13,3,37,3,16,3,0.43,0.19,0.12,0.12,0.12,0.25,26,17,16.30,16.38,0.70,0.85,3.02,4.27,0.90,16.05,0.81,0.75,4.50,1.50,0.38,0.75,0.12,0.12,0.25
252,1,33,5,19,3,39,6,19,3,0.49,0.16,0.15,0.00,0.00,0.00,33,19,18.20,17.70,0.85,0.95,3.74,5.28,0.95,34.89,1.00,1.00,9.00,2.12,0.47,1.00,0.26,0.00,0.26
253,1,41,7,28,6,55,11,32,8,0.58,0.25,0.17,0.10,0.10,0.22,41,16,17.84,18.36,0.75,0.88,3.91,5.53,0.93,23.74,0.88,0.90,8.10,2.01,0.28,0.90,0.16,0.16,0.31
254,1,35,4,23,3,48,6,29,4,0.60,0.14,0.11,0.00,0.00,0.00,35,18,17.55,16.73,0.73,0.85,3.57,5.05,0.92,20.61,0.79,0.80,6.40,1.79,0.28,0.89,0.17,0.07,0.24
256,1,33,5,18,3,41,8,21,4,0.51,0.19,0.15,0.00,0.00,0.00,33,18,17.90,18.82,0.80,0.88,3.64,5.15,0.94,27.59,0.86,0.67,2.67,1.15,0.19,0.88,0.29,0.05,0.33
257,1,28,5,16,4,35,6,19,4,0.54,0.21,0.18,0.00,0.00,0.00,28,17,17.77,17.32,0.80,0.85,3.35,4.73,0.94,24.60,0.84,0.83,4.17,1.44,0.26,0.75,0.32,0.11,0.42
258,1,35,10,19,6,49,13,24,6,0.49,0.25,0.29,0.00,0.00,0.00,35,17,17.55,16.26,0.71,0.77,3.54,5.00,0.91,19.55,0.79,0.71,3.57,1.34,0.21,0.70,0.17,0.12,0.29
260,1,41,13,26,10,51,15,29,11,0.57,0.38,0.32,0.12,0.12,0.25,41,17,18.17,19.00,0.80,0.93,4.06,5.74,0.94,30.76,0.90,0.88,6.12,1.75,0.24,0.87,0.17,0.03,0.21
261,1,51,13,35,12,72,15,39,13,0.54,0.33,0.25,0.33,1.00,0.71,51,19,17.84,18.28,0.71,0.90,4.25,6.01,0.92,23.03,0.90,0.89,7.11,1.89,0.21,0.80,0.26,0.23,0.49
263,1,47,9,29,6,62,11,34,6,0.55,0.18,0.19,0.18,0.36,0.43,47,19,18.11,18.70,0.76,0.92,4.22,5.97,0.93,26.71,0.85,0.91,9.09,2.13,0.29,0.70,0.18,0.18,0.35
264,1,26,4,13,2,33,5,14,2,0.42,0.14,0.15,0.00,0.00,0.00,26,18,17.13,17.51,0.79,0.90,3.20,4.53,0.93,22.27,0.93,1.00,5.00,1.58,0.36,0.80,0.21,0.07,0.29
265,1,47,6,31,5,66,9,36,7,0.55,0.19,0.13,0.14,0.14,0.27,47,17,17.61,18.03,0.71,0.87,4.09,5.79,0.92,22.45,0.86,0.86,5.14,1.60,0.17,0.80,0.22,0.25,0.47
266,1,48,9,29,5,63,14,34,6,0.54,0.18,0.19,0.00,0.00,0.00,48,16,18.28,18.26,0.76,0.83,4.28,6.05,0.93,27.41,0.85,0.79,8.64,2.08,0.32,0.83,0.12,0.12,0.24
272,1,42,10,30,9,52,12,33,9,0.63,0.27,0.24,0.20,0.40,0.45,42,17,18.19,18.36,0.81,0.88,4.12,5.82,0.95,31.75,0.91,0.80,6.40,1.79,0.24,0.92,0.21,0.09,0.30
273,1,40,10,23,8,50,17,26,10,0.52,0.38,0.25,0.11,0.11,0.24,40,18,17.99,18.24,0.80,0.88,4.00,5.66,0.94,29.79,0.88,0.89,7.11,1.89,0.31,0.83,0.12,0.08,0.19
274,1,34,6,20,4,55,11,31,6,0.56,0.19,0.18,0.00,0.00,0.00,34,20,16.52,18.12,0.62,0.95,3.24,4.58,0.88,14.50,0.65,0.60,3.60,1.34,0.19,0.70,0.16,0.06,0.23
275,1,53,10,34,9,78,18,44,11,0.56,0.25,0.19,0.15,0.31,0.39,53,17,17.49,18.20,0.68,0.90,4.24,6.00,0.91,21.33,0.77,0.92,11.08,2.35,0.27,0.59,0.20,0.07,0.27
276,1,39,9,23,8,55,13,30,12,0.55,0.40,0.23,0.14,0.14,0.27,39,17,17.24,17.29,0.71,0.88,3.72,5.26,0.91,20.29,0.77,0.86,5.14,1.60,0.20,0.79,0.13,0.07,0.20
277,1,33,7,19,4,57,13,28,4,0.49,0.14,0.21,0.12,0.12,0.25,33,17,16.13,15.08,0.58,0.80,3.09,4.37,0.86,12.99,0.68,0.75,4.50,1.50,0.21,0.56,0.14,0.14,0.29
278,1,37,6,23,5,51,8,26,5,0.51,0.19,0.16,0.00,0.00,0.00,37,17,17.26,17.25,0.73,0.82,3.66,5.18,0.92,20.92,0.88,1.00,6.00,1.73,0.23,0.91,0.12,0.15,0.27
279,1,31,4,19,2,42,4,24,2,0.57,0.08,0.13,0.00,0.00,0.00,31,18,16.81,16.83,0.74,0.85,3.38,4.78,0.92,19.98,0.79,0.75,4.50,1.50,0.25,1.00,0.21,0.12,0.33
281,1,40,3,23,2,54,5,27,2,0.50,0.07,0.07,0.00,0.00,0.00,40,18,17.95,18.02,0.74,0.93,3.85,5.44,0.92,23.03,0.85,0.82,7.36,1.92,0.33,0.80,0.26,0.11,0.37
282,1,32,12,20,10,45,19,23,10,0.51,0.43,0.38,0.00,0.00,0.00,32,17,16.81,16.34,0.71,0.88,3.37,4.77,0.91,18.46,0.87,0.80,3.20,1.26,0.17,1.00,0.26,0.09,0.35
284,1,12,7,7,6,13,7,8,6,0.62,0.75,0.58,1.00,1.00,0.71,12,12,12,12,0.92,0.92,2.35,3.33,0.97,35.70,0.88,1.00,1.00,0.71,0.12,1.00,0.25,0.12,0.38
285,1,34,6,21,5,40,9,24,6,0.60,0.25,0.18,0.00,0.00,0.00,34,17,18.40,18.67,0.85,0.93,3.80,5.38,0.96,36.36,0.88,0.83,4.17,1.44,0.21,0.80,0.12,0.21,0.33
287,1,20,5,12,5,20,5,12,5,0.60,0.42,0.25,0.20,0.20,0.32,20,20,20.00,20.00,1.00,1.00,3.16,4.47,1.00,NaN,1.00,1.00,5.00,1.58,0.42,1.00,0.25,0.17,0.42
288,1,37,7,25,6,47,7,28,6,0.60,0.21,0.19,0.14,0.14,0.27,37,17,17.56,17.68,0.79,0.90,3.82,5.40,0.94,26.91,0.89,1.00,7.00,1.87,0.25,0.88,0.18,0.21,0.39
290,1,39,8,27,7,50,8,32,7,0.64,0.22,0.21,0.18,0.36,0.43,39,19,17.95,17.75,0.78,0.93,3.90,5.52,0.94,26.75,0.84,0.73,5.82,1.71,0.25,0.88,0.25,0.12,0.38
291,1,35,4,20,3,44,6,23,3,0.52,0.13,0.11,0.00,0.00,0.00,35,18,17.96,18.40,0.80,0.88,3.73,5.28,0.94,27.18,0.87,0.86,5.14,1.60,0.26,0.86,0.13,0.22,0.35
292,1,39,7,24,6,71,15,36,9,0.51,0.25,0.18,0.07,0.07,0.18,39,18,16.44,17.06,0.55,0.85,3.27,4.63,0.86,13.17,0.67,0.73,8.07,2.01,0.31,0.56,0.11,0.11,0.22
293,1,41,5,26,2,71,7,40,2,0.56,0.05,0.12,0.00,0.00,0.00,41,16,16.65,17.15,0.58,0.82,3.44,4.87,0.87,14.37,0.65,0.70,4.90,1.57,0.17,0.62,0.23,0.12,0.35
294,1,18,5,9,3,19,5,9,3,0.47,0.33,0.28,0.00,0.00,0.00,18,18,18,18,0.95,0.95,2.92,4.13,0.98,69.64,1.00,1.00,4.00,1.41,0.44,1.00,0.33,0.00,0.33
295,1,45,7,25,5,60,8,30,5,0.50,0.17,0.16,0.00,0.00,0.00,45,18,17.80,17.45,0.75,0.90,4.11,5.81,0.93,25.31,0.83,0.86,5.14,1.60,0.20,0.77,0.10,0.20,0.30
297,1,36,6,22,4,52,7,30,4,0.58,0.13,0.17,0.00,0.00,0.00,36,19,17.19,17.66,0.69,0.93,3.53,4.99,0.91,18.44,0.73,0.75,4.50,1.50,0.20,0.80,0.17,0.10,0.27
299,1,55,9,34,6,80,13,47,7,0.59,0.15,0.16,0.00,0.00,0.00,55,19,17.86,18.56,0.69,0.95,4.35,6.15,0.91,22.26,0.72,0.85,9.31,2.16,0.23,0.60,0.17,0.13,0.30
300,1,31,4,21,3,44,7,27,4,0.61,0.15,0.13,0.00,0.00,0.00,31,17,16.48,17.60,0.70,0.88,3.30,4.67,0.91,17.76,0.78,1.00,8.00,2.00,0.30,0.62,0.26,0.04,0.30
301,1,39,6,23,5,60,7,32,5,0.53,0.16,0.15,0.00,0.00,0.00,39,18,17.19,17.13,0.65,0.88,3.56,5.03,0.89,16.90,0.72,0.64,4.45,1.49,0.22,0.50,0.25,0.16,0.41
303,1,37,7,18,4,47,11,22,6,0.47,0.27,0.19,0.00,0.00,0.00,37,17,18.15,18.11,0.79,0.90,3.82,5.40,0.94,26.91,0.82,0.83,4.17,1.44,0.23,0.67,0.23,0.18,0.41
305,1,52,7,33,5,70,8,41,5,0.59,0.12,0.13,0.00,0.00,0.00,52,20,18.26,17.85,0.74,0.95,4.39,6.22,0.93,26.37,0.80,0.82,7.36,1.92,0.22,0.78,0.20,0.22,0.41
306,1,48,6,28,4,80,10,44,5,0.55,0.11,0.12,0.00,0.00,0.00,48,19,17.22,16.85,0.60,0.89,3.79,5.37,0.88,16.33,0.64,0.50,2.50,1.12,0.11,0.53,0.18,0.16,0.34
307,1,36,3,22,2,46,3,25,2,0.54,0.08,0.08,0.00,0.00,0.00,36,19,17.95,18.41,0.78,0.93,3.75,5.31,0.94,25.97,0.88,0.86,5.14,1.60,0.24,0.83,0.12,0.12,0.24
308,1,32,6,19,4,42,7,21,5,0.50,0.24,0.19,0.17,0.17,0.29,32,16,16.91,16.35,0.76,0.82,3.49,4.94,0.93,22.31,0.90,1.00,6.00,1.73,0.29,0.75,0.24,0.10,0.33
309,1,30,8,15,5,34,9,15,5,0.44,0.33,0.27,0.17,0.17,0.29,30,19,18.64,18.93,0.88,0.95,3.64,5.14,0.96,43.15,1.00,1.00,6.00,1.73,0.40,1.00,0.20,0.07,0.27
310,1,43,7,26,5,57,10,29,5,0.51,0.17,0.16,0.00,0.00,0.00,43,16,17.74,17.64,0.75,0.85,4.03,5.70,0.93,25.19,0.90,0.88,6.12,1.75,0.24,0.75,0.28,0.17,0.45
314,1,31,10,18,7,43,17,21,9,0.49,0.43,0.32,0.25,0.25,0.35,31,14,16.59,17.38,0.72,0.80,3.34,4.73,0.91,18.78,0.86,1.00,4.00,1.41,0.19,0.80,0.19,0.10,0.29
315,1,62,11,39,9,108,17,59,11,0.55,0.19,0.18,0.06,0.06,0.17,62,15,17.43,18.30,0.57,0.88,4.22,5.97,0.88,17.15,0.66,0.67,8.00,2.00,0.20,0.62,0.14,0.10,0.24
316,1,45,9,29,8,69,14,35,11,0.51,0.31,0.20,0.10,0.10,0.22,45,18,17.38,18.57,0.65,0.90,3.83,5.42,0.90,18.21,0.83,0.90,8.10,2.01,0.26,0.86,0.11,0.14,0.26
317,1,24,8,12,3,40,16,16,4,0.40,0.25,0.33,0.00,0.00,0.00,24,17,15.32,15.67,0.60,0.77,2.68,3.79,0.86,11.57,0.75,0.75,2.25,1.06,0.19,0.57,0.31,0.00,0.31
318,1,30,6,17,3,33,6,17,3,0.52,0.18,0.20,0.17,0.17,0.29,30,19,18.76,19.36,0.91,0.95,3.69,5.22,0.97,55.71,1.00,1.00,6.00,1.73,0.35,1.00,0.24,0.06,0.29
320,1,36,7,22,6,47,14,27,8,0.57,0.30,0.19,0.12,0.12,0.25,36,17,17.39,17.45,0.77,0.90,3.71,5.25,0.93,24.15,0.81,0.88,6.12,1.75,0.26,0.60,0.15,0.19,0.33
321,1,42,7,25,5,57,8,30,5,0.53,0.17,0.17,0.00,0.00,0.00,42,17,17.76,18.70,0.74,0.90,3.93,5.56,0.92,23.25,0.83,0.70,4.90,1.57,0.23,0.90,0.20,0.10,0.30
322,1,17,2,10,2,23,2,14,2,0.61,0.14,0.12,0.00,0.00,0.00,17,16,15.38,15.00,0.74,0.80,2.51,3.54,0.90,14.12,0.71,0.75,2.25,1.06,0.21,0.60,0.14,0.14,0.29
323,1,34,5,20,3,43,6,22,3,0.51,0.14,0.15,0.00,0.00,0.00,34,18,17.87,17.52,0.79,0.93,3.67,5.18,0.94,26.16,0.91,0.86,5.14,1.60,0.27,0.75,0.23,0.27,0.50
324,1,32,7,22,5,42,11,25,6,0.60,0.24,0.22,0.14,0.14,0.27,32,15,17.15,17.38,0.76,0.80,3.49,4.94,0.93,22.31,0.88,1.00,7.00,1.87,0.28,0.80,0.12,0.16,0.28
325,1,33,7,20,5,43,9,25,5,0.58,0.20,0.21,0.00,0.00,0.00,33,18,17.65,19.25,0.77,0.93,3.56,5.03,0.93,23.21,0.80,0.62,3.12,1.25,0.20,1.00,0.12,0.20,0.32
326,1,41,3,25,1,53,5,30,1,0.57,0.03,0.07,0.00,0.00,0.00,41,18,18.24,18.70,0.77,0.93,3.98,5.63,0.94,26.67,0.83,1.00,6.00,1.73,0.20,0.67,0.23,0.13,0.37
327,1,48,9,32,7,62,12,37,7,0.60,0.19,0.19,0.13,0.27,0.37,48,16,17.86,18.29,0.77,0.90,4.31,6.10,0.94,28.90,0.86,0.73,8.07,2.01,0.30,1.00,0.14,0.14,0.27
328,1,18,3,11,3,18,3,11,3,0.61,0.27,0.17,0.50,1.00,0.71,18,18,18,18,1.00,1.00,3.00,4.24,1.00,NaN,1.00,1.00,4.00,1.41,0.36,1.00,0.27,0.18,0.45
330,1,37,5,22,3,51,5,30,3,0.59,0.10,0.14,0.00,0.00,0.00,37,18,17.52,17.99,0.73,0.88,3.66,5.18,0.92,20.92,0.73,0.78,5.44,1.65,0.23,0.71,0.20,0.13,0.33
332,1,43,8,28,7,64,11,35,8,0.55,0.23,0.19,0.08,0.08,0.20,43,17,17.30,17.16,0.67,0.88,3.80,5.38,0.90,18.89,0.80,0.83,8.33,2.04,0.29,0.64,0.11,0.20,0.31
336,1,26,7,16,6,31,9,19,6,0.61,0.32,0.27,0.40,0.80,0.63,26,19,17.80,18.41,0.84,0.95,3.30,4.67,0.95,29.12,0.84,1.00,5.00,1.58,0.26,0.86,0.16,0.11,0.26
337,1,49,14,29,12,61,18,31,13,0.51,0.42,0.29,0.20,0.20,0.32,49,18,18.13,17.91,0.80,0.90,4.44,6.27,0.95,33.50,0.94,0.80,3.20,1.26,0.13,0.93,0.16,0.19,0.35
339,1,39,4,22,3,51,4,27,3,0.53,0.11,0.10,0.00,0.00,0.00,39,20,18.12,18.85,0.76,0.95,3.86,5.46,0.93,25.03,0.81,0.78,5.44,1.65,0.26,1.00,0.19,0.15,0.33
340,1,35,5,19,4,46,6,20,4,0.43,0.20,0.14,0.00,0.00,0.00,35,19,17.55,17.49,0.76,0.90,3.65,5.16,0.93,23.29,0.95,1.00,5.00,1.58,0.25,0.88,0.20,0.15,0.35
342,1,40,5,23,3,52,5,31,3,0.60,0.10,0.12,0.00,0.00,0.00,40,17,17.93,18.07,0.77,0.90,3.92,5.55,0.93,25.84,0.74,0.67,4.00,1.41,0.19,0.78,0.16,0.16,0.32
344,1,31,9,14,5,45,11,21,5,0.47,0.24,0.29,0.00,0.00,0.00,31,16,16.31,17.07,0.69,0.85,3.27,4.62,0.90,16.89,0.67,0.50,2.00,1.00,0.19,0.67,0.10,0.10,0.19
345,0,0,0,0,0,0,0,0,0,0,0,0,0,0,0,0,0,0,0,0,0,0,0,0,0,0,0,0,0,0,0,0,0,0
346,1,44,10,25,7,73,20,35,8,0.48,0.23,0.23,0.00,0.00,0.00,44,13,16.96,17.00,0.60,0.82,3.64,5.15,0.88,15.79,0.71,0.67,5.33,1.63,0.23,0.67,0.20,0.06,0.26