subjectcode,sentences,wordtypes,swordtypes,lextypes,slextypes,wordtokens,swordtokens,lextokens,slextokens,ld,ls1,ls2,vs1,vs2,cvs1,ndw,ndwz,ndwerz,ndwesz,ttr,msttr,cttr,rttr,logttr,uber,lv,vv1,svv1,cvv1,vv2,nv,adjv,advv,modv
646,1,27,5,16,5,50,7,28,7,0.56,0.25,0.19,0.00,0.00,0.00,27,14,14.92,15.38,0.54,0.80,2.70,3.82,0.84,10.79,0.57,0.67,1.33,0.82,0.07,0.47,0.21,0.00,0.21
546,1,27,6,14,6,45,9,22,9,0.49,0.41,0.22,0.33,0.33,0.41,27,15,15.54,15.63,0.60,0.78,2.85,4.02,0.87,12.32,0.64,1.00,3.00,1.22,0.14,0.53,0.09,0.00,0.09
634,1,42,7,24,7,63,10,30,10,0.48,0.33,0.17,0.14,0.14,0.27,42,17,17.04,16.93,0.67,0.88,3.74,5.29,0.90,18.39,0.80,1.00,7.00,1.87,0.23,0.71,0.20,0.00,0.20
921,1,64,11,41,11,104,16,52,16,0.50,0.31,0.17,0.12,0.12,0.25,64,14,17.39,17.87,0.62,0.87,4.44,6.28,0.90,19.30,0.79,0.88,6.12,1.75,0.13,0.73,0.19,0.00,0.19
589,1,38,11,24,9,56,11,28,9,0.50,0.32,0.29,0.43,1.29,0.80,38,14,16.51,15.90,0.68,0.77,3.59,5.08,0.90,18.15,0.86,1.00,7.00,1.87,0.25,0.67,0.32,0.00,0.32
705,1,19,4,10,3,22,4,11,3,0.50,0.27,0.21,0.00,0.00,0.00,19,17,17.54,17.34,0.86,0.85,2.86,4.05,0.95,28.30,0.91,1.00,1.00,0.71,0.09,0.88,0.09,0.09,0.18
664,1,34,8,20,8,56,8,27,8,0.48,0.30,0.24,0.33,0.67,0.58,34,15,15.57,16.55,0.61,0.82,3.21,4.54,0.88,14.10,0.74,1.00,6.00,1.73,0.22,0.60,0.22,0.00,0.22
853,1,17,3,9,3,23,3,11,3,0.48,0.27,0.18,0.00,0.00,0.00,17,15,15.17,14.75,0.74,0.75,2.51,3.54,0.90,14.12,0.82,1.00,1.00,0.71,0.09,0.75,0.09,0.09,0.18
699,1,34,5,19,5,49,5,23,5,0.47,0.22,0.15,0.00,0.00,0.00,34,14,16.41,16.54,0.69,0.75,3.43,4.86,0.91,18.00,0.83,1.00,4.00,1.41,0.17,0.71,0.22,0.00,0.22
636,1,20,5,11,5,25,5,12,5,0.48,0.42,0.25,1.00,2.00,1.00,20,16,16.54,16.66,0.80,0.80,2.83,4.00,0.93,20.17,0.92,1.00,2.00,1.00,0.17,0.88,0.17,0.00,0.17
919,1,21,3,12,3,27,3,14,3,0.52,0.21,0.14,0,0,0,21,15,16.46,16.01,0.78,0.75,2.86,4.04,0.92,18.77,0.86,0,0,0,0.00,0.80,0.21,0.07,0.29
587,1,31,7,18,7,52,9,25,9,0.48,0.36,0.23,0.00,0.00,0.00,31,15,15.68,16.10,0.60,0.80,3.04,4.30,0.87,13.11,0.72,1.00,2.00,1.00,0.08,0.59,0.24,0.00,0.24
662,1,30,8,15,7,39,9,19,8,0.49,0.42,0.27,0.00,0.00,0.00,30,17,17.13,17.65,0.77,0.85,3.40,4.80,0.93,22.22,0.79,1.00,2.00,1.00,0.11,0.70,0.37,0.00,0.37
703,1,32,5,15,5,54,7,23,7,0.43,0.30,0.16,0.00,0.00,0.00,32,15,15.80,16.60,0.59,0.80,3.08,4.35,0.87,13.21,0.65,1.00,1.00,0.71,0.04,0.58,0.13,0.00,0.13
651,1,35,5,19,5,49,6,23,6,0.47,0.26,0.14,0.20,0.20,0.32,35,16,16.54,16.07,0.71,0.80,3.54,5.00,0.91,19.55,0.83,0.80,3.20,1.26,0.17,0.79,0.17,0.00,0.17
610,1,53,11,29,9,83,13,42,10,0.51,0.24,0.21,0.20,0.20,0.32,53,14,17.05,17.62,0.64,0.86,4.11,5.82,0.90,18.91,0.69,0.80,3.20,1.26,0.10,0.68,0.29,0.00,0.29
654,1,38,9,23,8,50,11,27,10,0.54,0.37,0.24,0.25,0.25,0.35,38,18,17.59,17.46,0.76,0.85,3.80,5.37,0.93,24.22,0.85,1.00,4.00,1.41,0.15,0.75,0.26,0.00,0.26
794,1,40,7,22,7,60,10,30,10,0.50,0.33,0.17,0.00,0.00,0.00,40,15,16.49,17.28,0.67,0.85,3.65,5.16,0.90,17.96,0.73,1.00,2.00,1.00,0.07,0.67,0.33,0.00,0.33
602,1,35,8,24,8,47,9,29,9,0.62,0.31,0.23,0.33,0.33,0.41,35,16,17.24,17.83,0.74,0.88,3.61,5.11,0.92,21.84,0.83,1.00,3.00,1.22,0.10,0.71,0.28,0.03,0.31
647,1,23,3,13,3,27,3,14,3,0.52,0.21,0.13,0.00,0.00,0.00,23,17,17.66,17.88,0.85,0.85,3.13,4.43,0.95,29.42,0.93,1.00,1.00,0.71,0.07,0.89,0.21,0.07,0.29
502,1,2,1,2,1,2,1,2,1,1.00,0.50,0.50,0,0,0,2,2,2,2,1.00,1.00,1.00,1.41,1.00,NaN,1.00,0,0,0,0.00,1.00,0.00,0.00,0.00
531,1,19,3,11,3,23,3,12,3,0.52,0.25,0.16,0,0,0,19,16,17.00,16.75,0.83,0.80,2.80,3.96,0.94,22.35,0.92,0,0,0,0.00,0.88,0.33,0.00,0.33
521,1,17,4,11,4,18,4,12,4,0.67,0.33,0.24,0.00,0.00,0.00,17,17,17,17,0.94,0.94,2.83,4.01,0.98,63.48,0.92,1.00,2.00,1.00,0.17,0.86,0.17,0.08,0.25
749,1,16,4,11,4,20,4,12,4,0.60,0.33,0.25,0.00,0.00,0.00,16,16,16.00,16.00,0.80,0.80,2.53,3.58,0.93,17.47,0.92,1.00,1.00,0.71,0.08,0.88,0.17,0.08,0.25
913,1,37,9,23,9,51,9,27,9,0.53,0.33,0.24,0.33,0.33,0.41,37,15,17.18,16.60,0.73,0.85,3.66,5.18,0.92,20.92,0.85,1.00,3.00,1.22,0.11,0.79,0.33,0.00,0.33
849,1,36,6,18,6,56,7,24,7,0.43,0.29,0.17,0.00,0.00,0.00,36,15,16.41,16.94,0.64,0.85,3.40,4.81,0.89,15.93,0.75,1.00,2.00,1.00,0.08,0.62,0.25,0.00,0.25
785,1,2,1,2,1,2,1,2,1,1.00,0.50,0.50,0,0,0,2,2,2,2,1.00,1.00,1.00,1.41,1.00,NaN,1.00,0,0,0,0.00,1.00,0.00,0.00,0.00
846,1,29,5,17,5,48,7,24,7,0.50,0.29,0.17,0.00,0.00,0.00,29,15,15.25,14.69,0.60,0.72,2.96,4.19,0.87,12.92,0.71,0.50,0.50,0.50,0.04,0.60,0.25,0.04,0.29
697,1,37,4,20,4,53,6,26,6,0.49,0.23,0.11,0.00,0.00,0.00,37,15,16.91,16.83,0.70,0.85,3.59,5.08,0.91,19.05,0.77,1.00,4.00,1.41,0.15,0.60,0.27,0.00,0.27
656,1,21,6,14,6,29,7,17,7,0.59,0.41,0.29,0,0,0,21,14,15.59,15.20,0.72,0.70,2.76,3.90,0.90,15.26,0.82,0,0,0,0.00,0.82,0.24,0.06,0.29
519,1,20,3,12,3,28,4,16,4,0.57,0.25,0.15,0.00,0.00,0.00,20,15,15.66,15.66,0.71,0.75,2.67,3.78,0.90,14.33,0.75,1.00,1.00,0.71,0.06,0.70,0.19,0.06,0.25
730,1,29,5,16,5,46,7,23,7,0.50,0.30,0.17,0.50,1.00,0.71,29,15,15.62,15.25,0.63,0.78,3.02,4.28,0.88,13.80,0.70,0.75,2.25,1.06,0.13,0.57,0.22,0.00,0.22
801,1,42,8,22,7,55,8,25,7,0.45,0.28,0.19,0.25,0.25,0.35,42,17,17.93,18.06,0.76,0.88,4.00,5.66,0.93,25.86,0.88,1.00,4.00,1.41,0.16,0.83,0.32,0.00,0.32
868,1,22,4,12,4,27,4,13,4,0.48,0.31,0.18,0,0,0,22,16,16.95,16.87,0.81,0.80,2.99,4.23,0.94,23.04,0.92,0,0,0,0.00,0.90,0.15,0.08,0.23
563,1,40,7,22,7,50,7,24,7,0.48,0.29,0.17,0.25,0.25,0.35,40,18,17.65,18.27,0.80,0.88,4.00,5.66,0.94,29.79,0.92,1.00,4.00,1.41,0.17,0.83,0.29,0.04,0.33
643,1,38,8,21,8,59,10,28,10,0.47,0.36,0.21,0.33,0.33,0.41,38,14,16.31,17.03,0.64,0.80,3.50,4.95,0.89,16.41,0.75,1.00,3.00,1.22,0.11,0.61,0.25,0.00,0.25
889,1,47,10,26,10,62,12,31,12,0.50,0.39,0.21,0.00,0.00,0.00,47,18,17.93,17.92,0.76,0.87,4.22,5.97,0.93,26.71,0.84,1.00,3.00,1.22,0.10,0.74,0.29,0.00,0.29
612,1,2,1,2,1,2,1,2,1,1.00,0.50,0.50,0,0,0,2,2,2,2,1.00,1.00,1.00,1.41,1.00,NaN,1.00,0,0,0,0.00,1.00,0.00,0.00,0.00
566,1,2,1,2,1,2,1,2,1,1.00,0.50,0.50,0,0,0,2,2,2,2,1.00,1.00,1.00,1.41,1.00,NaN,1.00,0,0,0,0.00,1.00,0.00,0.00,0.00
742,1,41,9,24,9,68,11,30,11,0.44,0.37,0.22,0.17,0.17,0.29,41,15,15.76,15.42,0.60,0.77,3.52,4.97,0.88,15.28,0.80,1.00,6.00,1.73,0.20,0.74,0.17,0.00,0.17
756,1,23,7,15,7,41,9,22,9,0.54,0.41,0.30,0.00,0.00,0.00,23,15,14.10,13.73,0.56,0.70,2.54,3.59,0.84,10.36,0.68,1.00,1.00,0.71,0.05,0.62,0.23,0.00,0.23
591,1,25,4,17,4,41,6,24,6,0.59,0.25,0.16,0.00,0.00,0.00,25,14,14.95,15.08,0.61,0.77,2.76,3.90,0.87,12.11,0.71,1.00,5.00,1.58,0.21,0.62,0.21,0.00,0.21
914,1,36,9,21,9,55,11,29,11,0.53,0.38,0.25,0.25,0.25,0.35,36,16,16.00,16.66,0.65,0.80,3.43,4.85,0.89,16.46,0.72,1.00,4.00,1.41,0.14,0.71,0.14,0.07,0.21
710,1,35,7,19,7,49,7,22,7,0.45,0.32,0.20,0.33,0.33,0.41,35,17,16.61,16.71,0.71,0.85,3.54,5.00,0.91,19.55,0.86,1.00,3.00,1.22,0.14,0.73,0.32,0.05,0.36
565,1,42,9,25,9,61,10,31,10,0.51,0.32,0.21,0.14,0.14,0.27,42,15,17.02,17.67,0.69,0.87,3.80,5.38,0.91,19.67,0.81,1.00,7.00,1.87,0.23,0.67,0.23,0.03,0.26
625,1,46,7,26,7,69,8,32,8,0.46,0.25,0.15,0.00,0.00,0.00,46,15,17.05,17.07,0.67,0.85,3.92,5.54,0.90,19.20,0.81,1.00,6.00,1.73,0.19,0.65,0.28,0.00,0.28
733,1,44,6,23,5,68,9,30,8,0.44,0.27,0.14,0.00,0.00,0.00,44,16,16.37,16.36,0.65,0.82,3.77,5.34,0.90,17.76,0.77,1.00,2.00,1.00,0.07,0.65,0.23,0.03,0.27
588,1,27,6,16,6,39,8,21,8,0.54,0.38,0.22,0.00,0.00,0.00,27,14,15.95,15.23,0.69,0.70,3.06,4.32,0.90,15.85,0.76,1.00,1.00,0.71,0.05,0.64,0.29,0.00,0.29
707,1,2,1,2,1,2,1,2,1,1.00,0.50,0.50,0,0,0,2,2,2,2,1.00,1.00,1.00,1.41,1.00,NaN,1.00,0,0,0,0.00,1.00,0.00,0.00,0.00
590,1,33,5,18,5,51,8,27,8,0.53,0.30,0.15,0.00,0.00,0.00,33,16,16.00,15.18,0.65,0.78,3.27,4.62,0.89,15.42,0.67,0.50,0.50,0.50,0.04,0.58,0.22,0.00,0.22
779,1,41,8,24,8,58,10,31,10,0.53,0.32,0.20,0.50,0.50,0.50,41,15,16.89,17.51,0.71,0.85,3.81,5.38,0.91,20.64,0.77,1.00,2.00,1.00,0.06,0.61,0.35,0.00,0.35
632,1,61,11,31,11,105,16,46,16,0.44,0.35,0.18,0.00,0.00,0.00,61,16,17.10,17.16,0.58,0.84,4.21,5.95,0.88,17.32,0.67,0.67,4.00,1.41,0.13,0.62,0.15,0.02,0.17
653,1,16,3,10,3,19,3,11,3,0.58,0.27,0.19,0.00,0.00,0.00,16,16,16,16,0.84,0.84,2.60,3.67,0.94,21.91,0.91,1.00,1.00,0.71,0.09,0.88,0.18,0.00,0.18
678,1,20,5,10,5,28,5,12,5,0.43,0.42,0.25,0,0,0,20,14,15.09,14.66,0.71,0.70,2.67,3.78,0.90,14.33,0.83,0,0,0,0.00,0.78,0.17,0.08,0.25
790,1,44,6,26,6,60,7,31,7,0.52,0.23,0.14,0.25,0.50,0.50,44,14,17.14,16.75,0.73,0.80,4.02,5.68,0.92,23.47,0.84,1.00,8.00,2.00,0.26,0.69,0.23,0.00,0.23
754,1,40,8,26,8,55,8,31,8,0.56,0.26,0.20,0.17,0.17,0.29,40,16,16.80,16.79,0.73,0.82,3.81,5.39,0.92,21.90,0.84,1.00,6.00,1.73,0.19,0.81,0.19,0.06,0.26
870,1,47,7,30,7,67,10,36,10,0.54,0.28,0.15,0.14,0.14,0.27,47,15,17.35,17.36,0.70,0.87,4.06,5.74,0.92,21.66,0.83,0.86,5.14,1.60,0.17,0.81,0.31,0.03,0.33
688,1,44,9,26,8,60,11,31,10,0.52,0.32,0.20,0.33,0.33,0.41,44,14,17.33,16.82,0.73,0.85,4.02,5.68,0.92,23.47,0.84,1.00,3.00,1.22,0.10,0.75,0.26,0.00,0.26
759,1,31,6,18,6,43,9,24,9,0.56,0.38,0.19,0.50,1.00,0.71,31,15,16.78,16.21,0.72,0.85,3.34,4.73,0.91,18.78,0.75,1.00,4.00,1.41,0.17,0.60,0.17,0.04,0.21
753,1,21,4,10,4,28,4,12,4,0.43,0.33,0.19,1.00,1.00,0.71,21,15,16.01,15.78,0.75,0.75,2.81,3.97,0.91,16.76,0.83,1.00,1.00,0.71,0.08,0.75,0.17,0.08,0.25
910,1,33,7,20,7,49,8,24,8,0.49,0.33,0.21,0.25,0.25,0.35,33,15,15.98,16.27,0.67,0.82,3.33,4.71,0.90,16.64,0.83,1.00,4.00,1.41,0.17,0.69,0.29,0.00,0.29
581,1,29,6,16,6,38,8,21,8,0.55,0.38,0.21,0.00,0.00,0.00,29,16,16.90,15.52,0.76,0.80,3.33,4.70,0.93,21.26,0.76,1.00,3.00,1.22,0.14,0.62,0.24,0.00,0.24
574,1,2,1,2,1,2,1,2,1,1.00,0.50,0.50,0,0,0,2,2,2,2,1.00,1.00,1.00,1.41,1.00,NaN,1.00,0,0,0,0.00,1.00,0.00,0.00,0.00
532,1,30,4,18,4,51,5,25,5,0.49,0.20,0.13,0.25,0.25,0.35,30,16,15.34,15.68,0.59,0.80,2.97,4.20,0.87,12.65,0.72,0.75,2.25,1.06,0.12,0.60,0.24,0.00,0.24
818,1,18,5,13,5,20,5,13,5,0.65,0.38,0.28,0.00,0.00,0.00,18,18,18.00,18.00,0.90,0.90,2.85,4.02,0.96,36.99,1.00,1.00,1.00,0.71,0.08,1.00,0.15,0.08,0.23
665,1,46,10,28,10,78,14,43,14,0.55,0.33,0.22,0.38,1.12,0.75,46,16,16.36,16.82,0.59,0.85,3.68,5.21,0.88,15.61,0.65,0.88,6.12,1.75,0.16,0.48,0.19,0.05,0.23
906,1,39,9,21,8,52,9,26,8,0.50,0.31,0.23,0.75,2.25,1.06,39,14,17.15,17.15,0.75,0.82,3.82,5.41,0.93,23.57,0.81,1.00,4.00,1.41,0.15,0.64,0.31,0.00,0.31
847,1,26,4,14,4,32,6,18,6,0.56,0.33,0.15,0.20,0.20,0.32,26,14,17.40,17.31,0.81,0.70,3.25,4.60,0.94,25.12,0.78,1.00,5.00,1.58,0.28,0.70,0.11,0.06,0.17
890,1,25,6,19,5,31,7,23,6,0.74,0.26,0.24,0.00,0.00,0.00,25,17,17.01,17.73,0.81,0.85,3.18,4.49,0.94,23.81,0.83,1.00,5.00,1.58,0.22,0.67,0.22,0.04,0.26
854,1,27,8,17,8,43,8,19,8,0.44,0.42,0.30,1.00,2.00,1.00,27,15,14.91,15.08,0.63,0.75,2.91,4.12,0.88,13.20,0.89,1.00,2.00,1.00,0.11,0.85,0.21,0.00,0.21
881,1,39,11,23,10,69,19,35,18,0.51,0.51,0.28,0.29,0.57,0.53,39,15,15.67,15.44,0.57,0.75,3.32,4.70,0.87,13.65,0.66,0.86,5.14,1.60,0.17,0.50,0.23,0.00,0.23
907,1,59,15,36,15,92,17,46,17,0.50,0.37,0.25,0.12,0.12,0.25,59,16,17.00,17.64,0.64,0.88,4.35,6.15,0.90,19.99,0.78,0.88,6.12,1.75,0.15,0.76,0.22,0.00,0.22
862,1,22,5,14,5,28,5,16,5,0.57,0.31,0.23,0.00,0.00,0.00,22,14,16.53,15.56,0.79,0.70,2.94,4.16,0.93,20.00,0.88,1.00,1.00,0.71,0.06,0.78,0.31,0.06,0.38
762,1,69,17,47,16,116,25,62,24,0.53,0.39,0.25,0.38,1.12,0.75,69,16,17.24,17.49,0.59,0.84,4.53,6.41,0.89,18.89,0.76,1.00,8.00,2.00,0.13,0.66,0.23,0.02,0.24
715,1,27,4,18,4,36,5,21,5,0.58,0.24,0.15,0.33,0.33,0.41,27,14,16.65,16.62,0.75,0.70,3.18,4.50,0.92,19.39,0.86,1.00,3.00,1.22,0.14,0.79,0.19,0.00,0.19
884,1,41,7,26,7,59,9,32,9,0.54,0.28,0.17,0.00,0.00,0.00,41,16,16.77,16.95,0.69,0.80,3.77,5.34,0.91,19.84,0.81,1.00,5.00,1.58,0.16,0.65,0.25,0.06,0.31
628,1,31,6,16,6,45,8,21,8,0.47,0.38,0.19,0.25,0.25,0.35,31,14,16.02,15.18,0.69,0.77,3.27,4.62,0.90,16.89,0.76,0.75,2.25,1.06,0.14,0.73,0.24,0.05,0.29
700,1,37,8,20,8,52,8,23,8,0.44,0.35,0.22,0.50,1.00,0.71,37,16,16.75,17.49,0.71,0.85,3.63,5.13,0.91,19.92,0.87,1.00,4.00,1.41,0.17,0.79,0.17,0.04,0.22
594,1,32,7,19,7,48,9,25,9,0.52,0.36,0.22,1.00,1.00,0.71,32,14,16.10,16.19,0.67,0.77,3.27,4.62,0.90,16.05,0.76,1.00,1.00,0.71,0.04,0.62,0.32,0.00,0.32
611,1,44,10,26,9,65,12,33,11,0.51,0.33,0.23,0.50,1.00,0.71,44,14,17.07,17.00,0.68,0.82,3.86,5.46,0.91,19.39,0.79,1.00,4.00,1.41,0.12,0.68,0.21,0.00,0.21
876,1,22,3,14,3,24,3,15,3,0.62,0.20,0.14,0.00,0.00,0.00,22,18,18.63,18.59,0.92,0.90,3.18,4.49,0.97,50.41,0.93,1.00,2.00,1.00,0.13,0.88,0.33,0.00,0.33
527,1,23,4,11,4,29,4,13,4,0.45,0.31,0.17,0.00,0.00,0.00,23,15,16.69,15.61,0.79,0.75,3.02,4.27,0.93,21.24,0.85,1.00,2.00,1.00,0.15,0.75,0.15,0.08,0.23
660,1,40,7,25,7,60,7,31,7,0.52,0.23,0.17,0.50,1.00,0.71,40,14,16.60,16.45,0.67,0.83,3.65,5.16,0.90,17.96,0.81,1.00,4.00,1.41,0.13,0.76,0.29,0.00,0.29
576,1,39,9,21,9,64,14,31,14,0.48,0.45,0.23,0.33,0.67,0.58,39,17,15.86,15.46,0.61,0.80,3.45,4.88,0.88,15.17,0.68,0.83,4.17,1.44,0.16,0.53,0.16,0.03,0.19
775,1,39,8,20,8,60,11,29,11,0.48,0.38,0.21,0.20,0.20,0.32,39,14,16.55,16.24,0.65,0.80,3.56,5.03,0.89,16.90,0.69,1.00,5.00,1.58,0.17,0.56,0.24,0.00,0.24
838,1,33,5,19,5,47,5,24,5,0.51,0.21,0.15,0.00,0.00,0.00,33,15,16.27,16.00,0.70,0.85,3.40,4.81,0.91,18.20,0.79,1.00,3.00,1.22,0.12,0.75,0.17,0.00,0.17
675,1,40,8,24,8,55,10,31,10,0.56,0.32,0.20,0.33,0.67,0.58,40,14,17.47,18.24,0.73,0.85,3.81,5.39,0.92,21.90,0.77,0.83,4.17,1.44,0.16,0.65,0.23,0.03,0.26
820,1,36,5,21,5,50,5,24,5,0.48,0.21,0.14,0.00,0.00,0.00,36,15,16.78,16.79,0.72,0.82,3.60,5.09,0.92,20.23,0.88,1.00,1.00,0.71,0.04,0.82,0.25,0.00,0.25
840,1,2,1,2,1,2,1,2,1,1.00,0.50,0.50,0,0,0,2,2,2,2,1.00,1.00,1.00,1.41,1.00,NaN,1.00,0,0,0,0.00,1.00,0.00,0.00,0.00
758,1,28,5,13,5,41,7,19,7,0.46,0.37,0.18,0.00,0.00,0.00,28,17,16.23,16.27,0.68,0.85,3.09,4.37,0.90,15.70,0.68,1.00,1.00,0.71,0.05,0.54,0.26,0.00,0.26
596,1,20,5,12,4,23,5,13,4,0.57,0.31,0.25,0.50,0.50,0.50,20,17,17.75,17.75,0.87,0.85,2.95,4.17,0.96,30.55,0.92,1.00,2.00,1.00,0.15,0.89,0.08,0.08,0.15
878,1,65,12,37,11,117,18,57,17,0.49,0.30,0.18,0.08,0.08,0.20,65,16,16.75,16.41,0.56,0.83,4.25,6.01,0.88,16.76,0.65,0.75,6.75,1.84,0.16,0.61,0.19,0.02,0.21
706,1,38,8,19,8,45,8,22,8,0.49,0.36,0.21,0.00,0.00,0.00,38,18,18.36,17.84,0.84,0.93,4.01,5.66,0.96,37.22,0.86,1.00,4.00,1.41,0.18,0.83,0.27,0.00,0.27
724,1,46,10,25,10,66,10,30,10,0.45,0.33,0.22,0.33,0.67,0.58,46,15,17.10,16.89,0.70,0.85,4.00,5.66,0.91,21.12,0.83,1.00,6.00,1.73,0.20,0.67,0.33,0.03,0.37
561,1,29,6,15,6,53,8,25,8,0.47,0.32,0.21,0.00,0.00,0.00,29,14,14.57,15.23,0.55,0.77,2.82,3.98,0.85,11.35,0.60,1.00,2.00,1.00,0.08,0.56,0.20,0.00,0.20
735,1,21,5,13,5,37,7,20,7,0.54,0.35,0.24,0.25,0.25,0.35,21,13,14.34,13.57,0.57,0.65,2.44,3.45,0.84,10.00,0.65,0.75,2.25,1.06,0.15,0.55,0.20,0.00,0.20
796,1,25,3,14,3,31,3,16,3,0.52,0.19,0.12,0.00,0.00,0.00,25,15,17.23,16.52,0.81,0.75,3.18,4.49,0.94,23.81,0.88,1.00,2.00,1.00,0.12,0.82,0.12,0.06,0.19
605,1,43,10,27,10,63,10,33,10,0.52,0.30,0.23,0.33,0.67,0.58,43,14,16.97,16.56,0.68,0.80,3.83,5.42,0.91,19.52,0.82,0.83,4.17,1.44,0.15,0.71,0.30,0.00,0.30
739,1,33,10,20,10,45,12,26,12,0.58,0.46,0.30,0.67,1.33,0.82,33,17,17.00,17.32,0.73,0.85,3.48,4.92,0.92,20.29,0.77,1.00,3.00,1.22,0.12,0.69,0.23,0.00,0.23
760,1,39,4,20,4,63,4,25,4,0.40,0.16,0.10,0.33,0.33,0.41,39,16,16.05,16.19,0.62,0.82,3.47,4.91,0.88,15.54,0.80,1.00,3.00,1.22,0.12,0.69,0.28,0.04,0.32
860,1,46,9,24,8,68,10,30,9,0.44,0.30,0.20,0.25,0.25,0.35,46,17,17.01,16.40,0.68,0.85,3.94,5.58,0.91,19.78,0.80,1.00,4.00,1.41,0.13,0.69,0.23,0.07,0.30
816,1,2,1,2,1,2,1,2,1,1.00,0.50,0.50,0,0,0,2,2,2,2,1.00,1.00,1.00,1.41,1.00,NaN,1.00,0,0,0,0.00,1.00,0.00,0.00,0.00
824,1,33,5,19,5,50,5,23,5,0.46,0.22,0.15,0.67,1.33,0.82,33,15,15.82,15.77,0.66,0.78,3.30,4.67,0.89,16.00,0.83,1.00,3.00,1.22,0.13,0.71,0.22,0.04,0.26
711,1,41,5,26,5,52,6,30,6,0.58,0.20,0.12,0.25,0.25,0.35,41,17,18.09,18.82,0.79,0.93,4.02,5.69,0.94,28.53,0.87,1.00,4.00,1.41,0.13,0.79,0.23,0.00,0.23
633,1,38,6,22,6,57,8,30,8,0.53,0.27,0.16,0.00,0.00,0.00,38,16,16.58,16.01,0.67,0.75,3.56,5.03,0.90,17.51,0.73,0.80,3.20,1.26,0.13,0.61,0.23,0.00,0.23
752,1,43,10,23,9,73,16,35,15,0.48,0.43,0.23,0.50,0.50,0.50,43,14,15.48,15.56,0.59,0.75,3.56,5.03,0.88,15.11,0.66,1.00,2.00,1.00,0.06,0.52,0.26,0.03,0.29
899,1,32,6,16,5,47,8,23,7,0.49,0.30,0.19,0.33,0.33,0.41,32,17,16.82,17.60,0.68,0.82,3.30,4.67,0.90,16.75,0.70,1.00,3.00,1.22,0.13,0.50,0.26,0.00,0.26
826,1,51,9,33,9,90,14,47,14,0.52,0.30,0.18,0.17,0.17,0.29,51,17,16.50,16.82,0.57,0.84,3.80,5.38,0.87,15.48,0.70,0.83,4.17,1.44,0.11,0.59,0.19,0.00,0.19
922,1,27,4,16,4,29,4,17,4,0.59,0.24,0.15,0.33,0.33,0.41,27,18,19.06,19.30,0.93,0.90,3.55,5.01,0.98,68.91,0.94,1.00,3.00,1.22,0.18,0.90,0.18,0.06,0.24
865,1,23,3,13,3,35,5,18,5,0.51,0.28,0.13,0.00,0.00,0.00,23,14,15.53,14.94,0.66,0.70,2.75,3.89,0.88,13.08,0.72,1.00,2.00,1.00,0.11,0.62,0.17,0.00,0.17
795,1,37,7,24,7,53,9,32,9,0.60,0.28,0.19,0.20,0.20,0.32,37,16,17.07,17.27,0.70,0.82,3.59,5.08,0.91,19.05,0.75,0.80,3.20,1.26,0.12,0.59,0.28,0.03,0.31
905,1,18,5,10,5,21,5,11,5,0.52,0.45,0.28,0,0,0,18,17,17.28,17.00,0.86,0.85,2.78,3.93,0.95,26.11,0.91,0,0,0,0.00,0.86,0.27,0.09,0.36
763,1,29,5,17,5,43,6,22,6,0.51,0.27,0.17,0.25,0.25,0.35,29,15,15.93,15.83,0.67,0.82,3.13,4.42,0.90,15.60,0.77,1.00,4.00,1.41,0.18,0.58,0.23,0.05,0.27
784,1,45,10,26,10,73,15,34,15,0.47,0.44,0.22,0.33,0.67,0.58,45,17,16.71,16.16,0.62,0.78,3.72,5.27,0.89,16.52,0.76,0.83,4.17,1.44,0.15,0.72,0.24,0.00,0.24
558,1,23,5,16,5,26,5,17,5,0.65,0.29,0.22,0.33,0.33,0.41,23,17,18.25,18.44,0.88,0.85,3.19,4.51,0.96,37.60,0.94,1.00,3.00,1.22,0.18,0.90,0.18,0.06,0.24
811,1,36,8,22,8,63,15,35,15,0.56,0.43,0.22,0.20,0.20,0.32,36,16,15.85,16.42,0.57,0.83,3.21,4.54,0.86,13.32,0.63,0.60,1.80,0.95,0.09,0.59,0.20,0.00,0.20
917,1,45,8,25,7,62,9,28,8,0.45,0.29,0.18,0.25,0.25,0.35,45,16,17.10,16.73,0.73,0.87,4.04,5.72,0.92,23.08,0.89,0.75,2.25,1.06,0.11,0.88,0.25,0.04,0.29
582,1,26,6,16,6,37,7,20,7,0.54,0.35,0.23,0.33,0.33,0.41,26,16,16.05,16.22,0.70,0.80,3.02,4.27,0.90,16.05,0.80,0.67,1.33,0.82,0.10,0.70,0.35,0.00,0.35
855,1,22,6,14,6,30,6,17,6,0.57,0.35,0.27,0.00,0.00,0.00,22,15,15.61,15.73,0.73,0.75,2.84,4.02,0.91,16.20,0.82,1.00,3.00,1.22,0.18,0.67,0.29,0.00,0.29
652,1,27,7,17,7,38,7,20,7,0.53,0.35,0.26,0.33,0.33,0.41,27,15,15.99,15.27,0.71,0.75,3.10,4.38,0.91,16.82,0.85,1.00,3.00,1.22,0.15,0.75,0.25,0.00,0.25
549,1,23,7,14,7,25,7,15,7,0.60,0.47,0.30,0.00,0.00,0.00,23,18,18.74,18.67,0.92,0.90,3.25,4.60,0.97,53.97,0.93,1.00,2.00,1.00,0.13,0.89,0.13,0.13,0.27
552,1,35,9,21,9,53,12,29,12,0.55,0.41,0.26,0.33,0.33,0.41,35,15,16.67,17.30,0.66,0.85,3.40,4.81,0.90,16.50,0.72,1.00,3.00,1.22,0.10,0.58,0.24,0.00,0.24
668,1,16,4,10,4,22,4,11,4,0.50,0.36,0.25,0.00,0.00,0.00,16,15,14.82,14.66,0.73,0.75,2.41,3.41,0.90,13.03,0.91,1.00,1.00,0.71,0.09,0.89,0.09,0.00,0.09
511,1,42,11,22,10,57,14,28,13,0.49,0.46,0.26,0.22,0.44,0.47,42,16,17.53,17.67,0.74,0.82,3.93,5.56,0.92,23.25,0.79,0.67,4.00,1.41,0.21,0.86,0.18,0.00,0.18
509,1,19,3,9,3,24,3,11,3,0.46,0.27,0.16,0,0,0,19,15,16.31,15.80,0.79,0.75,2.74,3.88,0.93,18.78,0.82,0,0,0,0.00,0.78,0.18,0.00,0.18
698,1,41,8,24,8,60,9,29,9,0.48,0.31,0.20,0.20,0.20,0.32,41,15,16.60,16.81,0.68,0.82,3.74,5.29,0.91,19.12,0.83,1.00,5.00,1.58,0.17,0.76,0.17,0.03,0.21
659,1,43,8,22,8,62,8,27,8,0.44,0.30,0.19,0.50,1.00,0.71,43,15,16.87,16.83,0.69,0.83,3.86,5.46,0.91,20.22,0.81,1.00,4.00,1.41,0.15,0.79,0.30,0.00,0.30
644,1,48,10,25,10,71,12,30,12,0.42,0.40,0.21,0.25,0.25,0.35,48,15,16.62,16.63,0.68,0.82,4.03,5.70,0.91,20.16,0.83,1.00,4.00,1.41,0.13,0.69,0.33,0.00,0.33
616,1,31,7,17,7,45,8,21,8,0.47,0.38,0.23,0.33,0.33,0.41,31,15,15.76,15.58,0.69,0.80,3.27,4.62,0.90,16.89,0.81,1.00,3.00,1.22,0.14,0.67,0.29,0.00,0.29
850,1,41,13,27,13,74,19,40,19,0.54,0.47,0.32,0.00,0.00,0.00,41,13,15.57,15.45,0.55,0.73,3.37,4.77,0.86,13.62,0.68,0.67,1.33,0.82,0.05,0.67,0.20,0.03,0.23
908,1,49,10,29,10,81,14,41,14,0.51,0.34,0.20,0.12,0.12,0.25,49,14,16.76,17.43,0.60,0.85,3.85,5.44,0.89,16.69,0.71,0.88,6.12,1.75,0.17,0.60,0.17,0.00,0.17
609,1,44,9,25,9,65,13,34,13,0.52,0.38,0.20,0.00,0.00,0.00,44,15,16.81,16.72,0.68,0.80,3.86,5.46,0.91,19.39,0.74,1.00,5.00,1.58,0.15,0.55,0.24,0.03,0.26
772,1,14,3,10,3,16,3,11,3,0.69,0.27,0.21,0.00,0.00,0.00,14,14,14,14,0.88,0.88,2.47,3.50,0.95,25.00,0.91,1.00,3.00,1.22,0.27,0.83,0.18,0.00,0.18
776,1,36,6,20,6,54,9,26,9,0.48,0.35,0.17,0.29,0.57,0.53,36,17,16.83,16.52,0.67,0.77,3.46,4.90,0.90,17.04,0.77,0.86,5.14,1.60,0.23,0.67,0.15,0.00,0.15
897,1,23,6,14,6,35,6,17,6,0.49,0.35,0.26,0.00,0.00,0.00,23,15,14.88,14.01,0.66,0.75,2.75,3.89,0.88,13.08,0.82,1.00,1.00,0.71,0.06,0.70,0.35,0.00,0.35
843,1,38,9,20,9,52,10,24,10,0.46,0.42,0.24,0.67,1.33,0.82,38,16,17.25,17.58,0.73,0.85,3.73,5.27,0.92,21.62,0.83,1.00,3.00,1.22,0.12,0.73,0.25,0.00,0.25
726,1,24,3,13,3,30,3,15,3,0.50,0.20,0.12,0.00,0.00,0.00,24,18,17.00,17.27,0.80,0.90,3.10,4.38,0.93,22.51,0.87,1.00,3.00,1.22,0.20,0.75,0.20,0.07,0.27
766,1,32,8,20,8,42,10,25,10,0.60,0.40,0.25,0.00,0.00,0.00,32,17,17.36,18.02,0.76,0.88,3.49,4.94,0.93,22.31,0.80,1.00,2.00,1.00,0.08,0.67,0.28,0.04,0.32
544,1,25,4,16,4,29,4,17,4,0.59,0.24,0.16,0.50,0.50,0.50,25,17,18.12,18.31,0.86,0.85,3.28,4.64,0.96,33.18,0.94,1.00,2.00,1.00,0.12,0.88,0.35,0.06,0.41
856,1,38,9,24,9,61,11,33,11,0.54,0.33,0.24,0.00,0.00,0.00,38,15,15.88,16.15,0.62,0.80,3.44,4.87,0.88,15.51,0.73,1.00,4.00,1.41,0.12,0.61,0.18,0.00,0.18
536,1,46,6,27,6,71,8,34,8,0.48,0.24,0.13,0.00,0.00,0.00,46,16,16.87,16.07,0.65,0.82,3.86,5.46,0.90,18.18,0.79,1.00,4.00,1.41,0.12,0.73,0.21,0.00,0.21
787,1,33,9,20,9,53,12,27,12,0.51,0.44,0.27,0.50,0.50,0.50,33,14,15.95,15.72,0.62,0.77,3.21,4.53,0.88,14.45,0.74,1.00,2.00,1.00,0.07,0.53,0.30,0.07,0.37
523,1,39,10,23,10,55,11,27,11,0.49,0.41,0.26,0.60,1.80,0.95,39,16,16.94,15.99,0.71,0.85,3.72,5.26,0.91,20.29,0.85,1.00,5.00,1.58,0.19,0.75,0.22,0.00,0.22
723,1,35,4,15,3,76,8,28,7,0.37,0.25,0.11,0.00,0.00,0.00,35,15,15.04,15.95,0.46,0.82,2.84,4.01,0.82,10.50,0.54,0.50,1.00,0.71,0.07,0.44,0.18,0.00,0.18
863,1,45,9,25,9,77,17,40,17,0.52,0.42,0.20,0.25,0.50,0.50,45,15,16.89,17.15,0.58,0.83,3.63,5.13,0.88,15.26,0.62,0.75,4.50,1.50,0.15,0.52,0.17,0.00,0.17
556,1,28,4,16,4,43,6,23,6,0.53,0.26,0.14,0.00,0.00,0.00,28,15,15.71,15.80,0.65,0.82,3.02,4.27,0.89,14.32,0.70,0.67,1.33,0.82,0.09,0.54,0.26,0.04,0.30
617,1,45,6,27,6,66,6,31,6,0.47,0.19,0.13,0.00,0.00,0.00,45,15,16.91,17.52,0.68,0.85,3.92,5.54,0.91,19.90,0.87,1.00,4.00,1.41,0.13,0.80,0.19,0.03,0.23
833,1,32,9,21,9,54,11,29,11,0.54,0.38,0.28,0.00,0.00,0.00,32,17,15.50,15.48,0.59,0.75,3.08,4.35,0.87,13.21,0.72,0.67,1.33,0.82,0.07,0.63,0.24,0.00,0.24
830,1,23,4,15,4,31,4,17,4,0.55,0.24,0.17,0.50,0.50,0.50,23,14,15.85,15.18,0.74,0.70,2.92,4.13,0.91,17.16,0.88,1.00,2.00,1.00,0.12,0.78,0.29,0.06,0.35
737,1,17,4,11,4,20,4,12,4,0.60,0.33,0.24,0.00,0.00,0.00,17,17,17.00,17.00,0.85,0.85,2.69,3.80,0.95,23.98,0.92,1.00,1.00,0.71,0.08,0.89,0.08,0.08,0.17
858,1,43,9,27,9,65,11,34,11,0.52,0.32,0.21,0.60,1.80,0.95,43,15,16.65,16.68,0.66,0.82,3.77,5.33,0.90,18.32,0.79,1.00,5.00,1.58,0.15,0.68,0.21,0.00,0.21
916,1,37,6,22,6,57,7,28,7,0.49,0.25,0.16,0.00,0.00,0.00,37,15,16.36,15.80,0.65,0.78,3.47,4.90,0.89,16.43,0.79,1.00,3.00,1.22,0.11,0.60,0.32,0.04,0.36
702,1,33,5,18,5,51,6,23,6,0.45,0.26,0.15,0.25,0.25,0.35,33,15,16.30,16.90,0.65,0.82,3.27,4.62,0.89,15.42,0.78,0.75,2.25,1.06,0.13,0.69,0.26,0.00,0.26
577,1,26,6,15,6,33,6,16,6,0.48,0.38,0.23,0,0,0,26,15,16.72,16.22,0.79,0.75,3.20,4.53,0.93,22.27,0.94,0,0,0,0.00,0.92,0.25,0.00,0.25
810,1,26,4,14,4,35,5,16,4,0.46,0.25,0.15,0.00,0.00,0.00,26,13,16.39,17.02,0.74,0.65,3.11,4.39,0.92,18.47,0.88,1.00,1.00,0.71,0.06,0.78,0.38,0.00,0.38
798,1,38,14,21,13,49,14,24,13,0.49,0.54,0.37,0.33,0.33,0.41,38,16,17.26,16.41,0.78,0.85,3.84,5.43,0.93,25.87,0.88,1.00,3.00,1.22,0.12,0.86,0.29,0.00,0.29
747,1,16,3,9,3,19,3,10,3,0.53,0.30,0.19,0.00,0.00,0.00,16,16,16,16,0.84,0.84,2.60,3.67,0.94,21.91,0.90,1.00,1.00,0.71,0.10,0.88,0.00,0.10,0.10
593,1,38,6,22,6,52,6,26,6,0.50,0.23,0.16,0.00,0.00,0.00,38,17,17.09,17.11,0.73,0.80,3.73,5.27,0.92,21.62,0.85,1.00,4.00,1.41,0.15,0.71,0.31,0.00,0.31
534,1,38,11,23,11,69,15,33,15,0.48,0.45,0.29,0.40,0.80,0.63,38,17,15.22,14.27,0.55,0.73,3.23,4.57,0.86,13.05,0.70,0.80,3.20,1.26,0.12,0.50,0.27,0.03,0.30
898,1,31,6,19,6,43,6,20,6,0.47,0.30,0.19,0.33,0.33,0.41,31,15,16.50,16.86,0.72,0.80,3.34,4.73,0.91,18.78,0.95,1.00,3.00,1.22,0.15,0.92,0.20,0.00,0.20
637,1,36,7,17,6,50,8,21,7,0.42,0.33,0.19,0.00,0.00,0.00,36,16,16.78,16.41,0.72,0.85,3.60,5.09,0.92,20.23,0.81,1.00,2.00,1.00,0.10,0.69,0.29,0.00,0.29
620,1,44,10,26,10,65,12,32,12,0.49,0.38,0.23,0.25,0.25,0.35,44,16,17.10,16.82,0.68,0.85,3.86,5.46,0.91,19.39,0.81,1.00,4.00,1.41,0.12,0.73,0.19,0.00,0.19
727,1,37,5,19,5,57,7,24,7,0.42,0.29,0.14,0.00,0.00,0.00,37,15,16.25,16.14,0.65,0.82,3.47,4.90,0.89,16.43,0.79,1.00,3.00,1.22,0.12,0.71,0.17,0.00,0.17
671,1,25,6,15,6,35,6,18,6,0.51,0.33,0.24,0.50,0.50,0.50,25,15,16.37,17.43,0.71,0.75,2.99,4.23,0.91,16.32,0.83,1.00,2.00,1.00,0.11,0.73,0.22,0.06,0.28
767,1,39,5,24,5,66,7,32,7,0.48,0.22,0.13,0.20,0.20,0.32,39,14,16.10,15.65,0.59,0.78,3.39,4.80,0.87,14.49,0.75,1.00,5.00,1.58,0.16,0.60,0.22,0.00,0.22
780,1,47,8,25,8,77,11,36,11,0.47,0.31,0.17,0.14,0.14,0.27,47,16,16.82,16.28,0.61,0.82,3.79,5.36,0.89,16.60,0.69,0.57,2.29,1.07,0.11,0.65,0.22,0.00,0.22
693,1,41,5,26,5,66,8,35,8,0.53,0.23,0.12,0.00,0.00,0.00,41,15,16.64,16.18,0.62,0.83,3.57,5.05,0.89,16.01,0.74,1.00,3.00,1.22,0.09,0.65,0.26,0.00,0.26
744,1,31,4,16,4,39,4,18,4,0.46,0.22,0.13,0.00,0.00,0.00,31,16,17.56,17.85,0.79,0.80,3.51,4.96,0.94,25.39,0.89,1.00,3.00,1.22,0.17,0.82,0.22,0.00,0.22
815,1,36,11,25,10,52,13,30,12,0.58,0.40,0.31,0.00,0.00,0.00,36,14,16.72,16.03,0.69,0.82,3.53,4.99,0.91,18.44,0.83,1.00,3.00,1.22,0.10,0.72,0.30,0.00,0.30
867,1,22,4,12,4,40,5,18,5,0.45,0.28,0.18,0.00,0.00,0.00,22,15,14.26,15.24,0.55,0.80,2.46,3.48,0.84,9.89,0.67,1.00,1.00,0.71,0.06,0.54,0.22,0.00,0.22
893,1,47,8,26,8,67,9,32,9,0.48,0.28,0.17,0.40,0.80,0.63,47,15,17.77,17.91,0.70,0.90,4.06,5.74,0.92,21.66,0.81,1.00,5.00,1.58,0.16,0.67,0.25,0.03,0.28
535,1,49,7,29,7,84,11,41,11,0.49,0.27,0.14,0.11,0.11,0.24,49,15,16.47,16.27,0.58,0.84,3.78,5.35,0.88,15.82,0.71,0.78,5.44,1.65,0.17,0.61,0.20,0.00,0.20
573,1,18,4,11,4,21,4,12,4,0.57,0.33,0.22,0.00,0.00,0.00,18,17,17.29,17.00,0.86,0.85,2.78,3.93,0.95,26.11,0.92,1.00,2.00,1.00,0.17,0.86,0.17,0.08,0.25
539,1,35,8,23,8,44,8,26,8,0.59,0.31,0.23,0.17,0.17,0.29,35,17,17.79,18.25,0.80,0.93,3.73,5.28,0.94,27.18,0.88,1.00,6.00,1.73,0.23,0.85,0.12,0.12,0.23
728,1,42,8,25,8,58,9,31,9,0.53,0.29,0.19,0.33,0.67,0.58,42,17,17.57,18.03,0.72,0.93,3.90,5.51,0.92,22.18,0.81,1.00,6.00,1.73,0.19,0.71,0.19,0.06,0.26
600,1,49,10,30,10,72,12,35,12,0.49,0.34,0.20,0.50,1.50,0.87,49,16,17.37,16.83,0.68,0.83,4.08,5.77,0.91,20.64,0.86,0.83,4.17,1.44,0.14,0.87,0.37,0.00,0.37
743,1,34,5,19,5,52,6,24,6,0.46,0.25,0.15,0.00,0.00,0.00,34,14,16.21,16.14,0.65,0.75,3.33,4.71,0.89,15.96,0.79,1.00,4.00,1.41,0.17,0.62,0.25,0.04,0.29
841,1,34,5,20,5,52,5,25,5,0.48,0.20,0.15,0.00,0.00,0.00,34,15,16.25,16.12,0.65,0.80,3.33,4.71,0.89,15.96,0.80,0.80,3.20,1.26,0.16,0.69,0.28,0.00,0.28
792,1,31,8,18,8,47,10,23,10,0.49,0.43,0.26,0.00,0.00,0.00,31,15,15.71,15.51,0.66,0.80,3.20,4.52,0.89,15.47,0.78,1.00,2.00,1.00,0.09,0.67,0.26,0.00,0.26
515,1,38,3,20,3,64,5,32,5,0.50,0.16,0.08,0.00,0.00,0.00,38,15,16.10,15.78,0.59,0.82,3.36,4.75,0.87,14.41,0.62,0.75,2.25,1.06,0.09,0.57,0.19,0.00,0.19
603,1,24,5,16,5,31,5,18,5,0.58,0.28,0.21,0.00,0.00,0.00,24,16,16.66,17.17,0.77,0.80,3.05,4.31,0.93,20.01,0.89,1.00,2.00,1.00,0.11,0.80,0.33,0.00,0.33
618,1,63,9,41,9,92,10,47,10,0.51,0.21,0.14,0.14,0.14,0.27,63,16,17.30,16.74,0.68,0.84,4.64,6.57,0.92,23.45,0.87,0.86,5.14,1.60,0.13,0.79,0.32,0.02,0.34
568,1,26,5,15,5,28,5,16,5,0.57,0.31,0.19,0,0,0,26,18,18.99,19.34,0.93,0.90,3.47,4.91,0.98,65.07,0.94,0,0,0,0.00,0.91,0.25,0.06,0.31
586,1,41,6,26,6,67,10,36,10,0.54,0.28,0.15,0.00,0.00,0.00,41,14,15.89,15.53,0.61,0.75,3.54,5.01,0.88,15.63,0.72,0.86,5.14,1.60,0.17,0.59,0.14,0.06,0.19
554,1,24,6,14,6,30,6,16,6,0.53,0.38,0.25,0,0,0,24,15,16.91,16.55,0.80,0.75,3.10,4.38,0.93,22.51,0.88,0,0,0,0.00,0.82,0.25,0.06,0.31
713,1,30,7,18,7,51,9,26,9,0.51,0.35,0.23,0.33,0.33,0.41,30,14,15.32,15.99,0.59,0.75,2.97,4.20,0.87,12.65,0.69,1.00,3.00,1.22,0.12,0.65,0.23,0.00,0.23
613,1,63,11,41,11,117,14,58,14,0.50,0.24,0.17,0.25,0.75,0.61,63,17,17.08,16.55,0.54,0.83,4.12,5.82,0.87,15.91,0.71,0.83,8.33,2.04,0.17,0.66,0.17,0.00,0.17
911,1,41,7,22,7,73,12,36,12,0.49,0.33,0.17,0.00,0.00,0.00,41,15,15.89,16.30,0.56,0.80,3.39,4.80,0.87,13.86,0.61,0.67,1.33,0.82,0.06,0.52,0.22,0.03,0.25
872,1,66,14,42,14,106,18,53,18,0.50,0.34,0.21,0.12,0.12,0.25,66,20,17.87,18.53,0.62,0.94,4.53,6.41,0.90,19.93,0.79,0.88,6.12,1.75,0.13,0.77,0.17,0.06,0.23
808,1,45,6,25,5,76,8,33,7,0.43,0.21,0.13,0.00,0.00,0.00,45,14,16.14,16.08,0.59,0.77,3.65,5.16,0.88,15.54,0.76,0.71,3.57,1.34,0.15,0.67,0.24,0.00,0.24
875,1,50,7,29,7,84,10,39,10,0.46,0.26,0.14,0.00,0.00,0.00,50,16,16.62,16.34,0.60,0.81,3.86,5.46,0.88,16.43,0.74,1.00,6.00,1.73,0.15,0.62,0.26,0.00,0.26
829,1,23,6,16,6,34,8,20,8,0.59,0.40,0.26,0.50,0.50,0.50,23,15,15.25,15.60,0.68,0.75,2.79,3.94,0.89,13.82,0.80,1.00,2.00,1.00,0.10,0.82,0.30,0.00,0.30
827,1,46,7,24,6,65,10,31,9,0.48,0.29,0.15,0.25,0.50,0.50,46,16,17.53,17.50,0.71,0.88,4.03,5.71,0.92,21.89,0.77,0.88,6.12,1.75,0.23,0.64,0.23,0.06,0.29
725,1,41,9,22,9,60,10,27,10,0.45,0.37,0.22,0.25,0.25,0.35,41,15,17.05,16.99,0.68,0.85,3.74,5.29,0.91,19.12,0.81,1.00,4.00,1.41,0.15,0.71,0.22,0.00,0.22
575,1,30,5,18,5,45,5,22,5,0.49,0.23,0.17,0.50,0.50,0.50,30,15,15.73,16.39,0.67,0.80,3.16,4.47,0.89,15.52,0.82,1.00,2.00,1.00,0.09,0.67,0.32,0.05,0.36
507,1,40,10,26,9,57,10,30,9,0.53,0.30,0.25,0.17,0.17,0.29,40,14,16.78,16.40,0.70,0.77,3.75,5.30,0.91,20.04,0.87,1.00,6.00,1.73,0.20,0.75,0.27,0.00,0.27
714,1,37,7,22,7,47,7,26,7,0.55,0.27,0.19,0.33,0.33,0.41,37,15,17.64,17.17,0.79,0.82,3.82,5.40,0.94,26.91,0.85,1.00,3.00,1.22,0.12,0.73,0.42,0.00,0.42
614,1,45,6,25,6,80,9,36,9,0.45,0.25,0.13,0.33,1.00,0.71,45,14,16.59,16.72,0.56,0.82,3.56,5.03,0.87,14.49,0.69,0.56,2.78,1.18,0.14,0.59,0.25,0.03,0.28
606,1,2,1,2,1,2,1,2,1,1.00,0.50,0.50,0,0,0,2,2,2,2,1.00,1.00,1.00,1.41,1.00,NaN,1.00,0,0,0,0.00,1.00,0.00,0.00,0.00
869,1,16,4,12,4,18,4,13,4,0.72,0.31,0.25,0.00,0.00,0.00,16,16,16,16,0.89,0.89,2.67,3.77,0.96,30.80,0.92,1.00,1.00,0.71,0.08,0.91,0.08,0.00,0.08
769,1,15,3,9,3,19,3,11,3,0.58,0.27,0.20,0.00,0.00,0.00,15,15,15,15,0.79,0.79,2.43,3.44,0.92,15.93,0.82,1.00,2.00,1.00,0.18,0.67,0.27,0.00,0.27
680,1,31,6,18,6,47,7,23,7,0.49,0.30,0.19,0.00,0.00,0.00,31,14,15.71,15.35,0.66,0.77,3.20,4.52,0.89,15.47,0.78,1.00,2.00,1.00,0.09,0.69,0.30,0.04,0.35
512,1,50,9,29,9,69,10,34,10,0.49,0.29,0.18,0.25,0.25,0.35,50,16,17.45,16.75,0.72,0.85,4.26,6.02,0.92,24.17,0.85,1.00,4.00,1.41,0.12,0.76,0.26,0.00,0.26
716,1,32,7,18,6,48,7,22,6,0.46,0.27,0.22,0.00,0.00,0.00,32,15,15.66,15.81,0.67,0.80,3.27,4.62,0.90,16.05,0.82,1.00,1.00,0.71,0.05,0.71,0.32,0.00,0.32
777,1,29,12,18,12,39,12,20,12,0.51,0.60,0.41,0.67,1.33,0.82,29,16,16.56,17.67,0.74,0.80,3.28,4.64,0.92,19.67,0.90,1.00,3.00,1.22,0.15,0.82,0.30,0.00,0.30
837,1,36,9,22,9,56,13,31,13,0.55,0.42,0.25,0.00,0.00,0.00,36,14,16.29,16.78,0.64,0.77,3.40,4.81,0.89,15.93,0.71,1.00,3.00,1.22,0.10,0.58,0.26,0.00,0.26
835,1,22,3,12,3,28,3,14,3,0.50,0.21,0.14,0.33,0.33,0.41,22,15,16.52,15.89,0.79,0.75,2.94,4.16,0.93,20.00,0.86,1.00,3.00,1.22,0.21,0.75,0.14,0.07,0.21
696,1,35,6,19,5,58,10,29,9,0.50,0.31,0.17,0.00,0.00,0.00,35,15,16.25,16.05,0.60,0.78,3.25,4.60,0.88,14.18,0.66,1.00,3.00,1.22,0.10,0.57,0.14,0.03,0.17
548,1,31,5,16,5,54,8,24,8,0.44,0.33,0.16,0.25,0.25,0.35,31,15,15.60,15.57,0.57,0.72,2.98,4.22,0.86,12.45,0.67,0.75,2.25,1.06,0.12,0.56,0.12,0.04,0.17
624,1,38,8,24,8,64,11,31,11,0.48,0.35,0.21,0.33,0.33,0.41,38,14,15.77,16.28,0.59,0.83,3.36,4.75,0.87,14.41,0.77,1.00,3.00,1.22,0.10,0.68,0.19,0.00,0.19
915,1,22,5,15,5,29,5,17,5,0.59,0.29,0.23,0.00,0.00,0.00,22,14,16.05,15.30,0.76,0.70,2.89,4.09,0.92,17.83,0.88,1.00,2.00,1.00,0.12,0.80,0.24,0.06,0.29
559,1,33,7,21,7,54,10,28,10,0.52,0.36,0.21,0.00,0.00,0.00,33,14,15.20,15.88,0.61,0.77,3.18,4.49,0.88,14.03,0.75,0.67,1.33,0.82,0.07,0.62,0.32,0.00,0.32
663,1,19,4,11,4,31,4,14,4,0.45,0.29,0.21,0,0,0,19,13,13.80,13.90,0.61,0.65,2.41,3.41,0.86,10.46,0.79,0,0,0,0.00,0.67,0.36,0.00,0.36
506,1,48,12,30,11,74,13,35,12,0.47,0.34,0.25,0.50,1.50,0.87,48,15,16.49,16.56,0.65,0.82,3.95,5.58,0.90,18.59,0.86,1.00,6.00,1.73,0.17,0.76,0.17,0.06,0.23
789,1,44,14,27,14,69,19,36,19,0.52,0.53,0.32,0.40,0.80,0.63,44,14,16.91,18.07,0.64,0.85,3.75,5.30,0.89,17.31,0.75,1.00,5.00,1.58,0.14,0.62,0.25,0.00,0.25
621,1,25,6,15,6,38,10,22,10,0.58,0.45,0.24,0.00,0.00,0.00,25,16,15.55,14.37,0.66,0.80,2.87,4.06,0.88,13.72,0.68,1.00,2.00,1.00,0.09,0.53,0.18,0.05,0.23
572,1,44,6,22,6,72,13,37,13,0.51,0.35,0.14,0.11,0.11,0.24,44,16,16.80,16.58,0.61,0.85,3.67,5.19,0.88,16.13,0.59,0.78,5.44,1.65,0.19,0.45,0.19,0.03,0.22