subjectcode,sentences,wordtypes,swordtypes,lextypes,slextypes,wordtokens,swordtokens,lextokens,slextokens,ld,ls1,ls2,vs1,vs2,cvs1,ndw,ndwz,ndwerz,ndwesz,ttr,msttr,cttr,rttr,logttr,uber,lv,vv1,svv1,cvv1,vv2,nv,adjv,advv,modv
646,1,53,7,31,7,80,8,37,8,0.46,0.22,0.13,0.00,0.00,0.00,53,17,16.80,17.44,0.66,0.88,4.19,5.93,0.91,20.25,0.84,0.80,3.20,1.26,0.11,0.80,0.24,0.05,0.30
546,1,29,4,15,4,43,6,23,6,0.53,0.26,0.14,0.20,0.20,0.32,29,18,16.20,15.59,0.67,0.85,3.13,4.42,0.90,15.60,0.65,0.80,3.20,1.26,0.17,0.62,0.17,0.04,0.22
634,1,49,7,29,6,89,10,41,9,0.46,0.22,0.14,0.10,0.10,0.22,49,18,16.77,17.48,0.55,0.86,3.67,5.19,0.87,14.66,0.71,0.90,8.10,2.01,0.22,0.60,0.20,0.02,0.22
921,1,52,8,31,7,73,8,39,7,0.53,0.18,0.15,0.08,0.08,0.20,52,17,17.90,18.54,0.71,0.92,4.30,6.09,0.92,23.57,0.79,0.83,8.33,2.04,0.26,0.82,0.13,0.05,0.18
589,1,55,3,31,3,85,3,46,3,0.54,0.07,0.05,0.10,0.10,0.22,55,17,16.88,17.32,0.65,0.88,4.22,5.97,0.90,19.69,0.67,0.90,8.10,2.01,0.20,0.56,0.20,0.09,0.28
705,1,39,4,21,4,60,8,26,8,0.43,0.31,0.10,0.00,0.00,0.00,39,15,16.29,16.52,0.65,0.82,3.56,5.03,0.89,16.90,0.81,1.00,5.00,1.58,0.19,0.71,0.23,0.04,0.27
664,1,30,4,18,3,36,4,18,3,0.50,0.17,0.13,0.00,0.00,0.00,30,17,17.60,18.06,0.83,0.85,3.54,5.00,0.95,30.59,1.00,1.00,6.00,1.73,0.33,1.00,0.22,0.00,0.22
853,1,27,3,16,2,28,4,17,3,0.61,0.18,0.11,0.00,0.00,0.00,27,20,19.50,19.77,0.96,1.00,3.61,5.10,0.99,132.60,0.94,1.00,4.00,1.41,0.24,0.89,0.24,0.00,0.24
699,1,43,5,27,5,59,8,32,8,0.54,0.25,0.12,0.25,0.50,0.50,43,15,17.82,17.69,0.73,0.82,3.96,5.60,0.92,22.83,0.84,1.00,8.00,2.00,0.25,0.92,0.25,0.03,0.28
636,1,17,0,8,0,24,0,13,0,0.54,0.00,0.00,0.00,0.00,0.00,17,14,14.79,14.60,0.71,0.70,2.45,3.47,0.89,12.72,0.62,1.00,1.00,0.71,0.08,0.40,0.38,0.00,0.38
919,1,38,2,25,2,51,2,27,2,0.53,0.07,0.05,0.00,0.00,0.00,38,16,16.96,16.71,0.75,0.82,3.76,5.32,0.93,22.82,0.93,1.00,5.00,1.58,0.19,0.92,0.30,0.00,0.30
587,1,50,4,27,3,75,5,34,3,0.45,0.09,0.08,0.18,0.36,0.43,50,18,17.81,17.34,0.67,0.85,4.08,5.77,0.91,19.97,0.79,0.91,9.09,2.13,0.29,0.77,0.21,0.00,0.21
662,1,22,5,10,5,24,5,11,5,0.46,0.45,0.23,0.25,0.25,0.35,22,18,18.62,18.00,0.92,0.90,3.18,4.49,0.97,50.41,0.91,0.75,2.25,1.06,0.27,1.00,0.00,0.09,0.09
703,1,41,3,21,3,67,5,32,5,0.48,0.16,0.07,0.00,0.00,0.00,41,17,16.65,16.94,0.61,0.82,3.54,5.01,0.88,15.63,0.66,1.00,3.00,1.22,0.09,0.67,0.19,0.03,0.22
651,1,39,5,22,5,56,5,29,5,0.52,0.17,0.13,0.30,0.90,0.67,39,14,16.99,16.51,0.70,0.77,3.69,5.21,0.91,19.45,0.76,1.00,10.00,2.24,0.34,0.55,0.21,0.00,0.21
610,1,40,4,20,4,57,5,29,5,0.51,0.17,0.10,0.09,0.09,0.21,40,19,17.39,18.90,0.70,0.97,3.75,5.30,0.91,20.04,0.69,0.73,5.82,1.71,0.28,0.62,0.14,0.10,0.24
654,1,32,6,19,5,40,6,20,5,0.50,0.25,0.19,0.25,0.25,0.35,32,17,17.50,17.13,0.80,0.88,3.58,5.06,0.94,26.48,0.95,1.00,4.00,1.41,0.20,0.86,0.35,0.10,0.45
794,1,59,8,35,6,94,8,50,6,0.53,0.12,0.14,0.00,0.00,0.00,59,17,17.00,17.56,0.63,0.88,4.30,6.09,0.90,19.25,0.70,0.75,6.75,1.84,0.18,0.50,0.24,0.08,0.32
602,1,15,5,11,4,16,5,12,4,0.75,0.33,0.33,0.00,0.00,0.00,15,15,15,15,0.94,0.94,2.65,3.75,0.98,51.73,0.92,1.00,2.00,1.00,0.17,0.86,0.25,0.00,0.25
647,1,42,8,28,8,62,8,35,8,0.56,0.23,0.19,0.29,0.57,0.53,42,17,16.60,17.17,0.68,0.83,3.77,5.33,0.91,18.99,0.80,0.86,5.14,1.60,0.17,0.76,0.26,0.00,0.26
502,0,0,0,0,0,0,0,0,0,0,0,0,0,0,0,0,0,0,0,0,0,0,0,0,0,0,0,0,0,0,0,0,0,0
531,1,36,4,25,4,50,6,27,6,0.54,0.22,0.11,0.00,0.00,0.00,36,15,16.71,16.81,0.72,0.82,3.60,5.09,0.92,20.23,0.93,1.00,5.00,1.58,0.19,0.92,0.26,0.04,0.30
521,1,43,8,25,8,63,9,34,9,0.54,0.26,0.19,0.14,0.14,0.27,43,20,17.44,18.22,0.68,0.97,3.83,5.42,0.91,19.52,0.74,0.71,3.57,1.34,0.15,0.64,0.29,0.03,0.32
749,1,25,5,17,5,34,6,20,6,0.59,0.30,0.20,0.20,0.20,0.32,25,13,16.19,15.74,0.74,0.65,3.03,4.29,0.91,17.56,0.85,1.00,5.00,1.58,0.25,0.82,0.15,0.05,0.20
913,1,50,6,29,6,62,7,31,7,0.50,0.23,0.12,0.00,0.00,0.00,50,19,18.53,19.50,0.81,0.98,4.49,6.35,0.95,34.39,0.94,0.91,9.09,2.13,0.32,0.92,0.23,0.03,0.26
849,0,0,0,0,0,0,0,0,0,0,0,0,0,0,0,0,0,0,0,0,0,0,0,0,0,0,0,0,0,0,0,0,0,0
785,1,34,7,20,7,42,7,22,7,0.52,0.32,0.21,0.60,1.80,0.95,34,19,18.13,18.65,0.81,0.95,3.71,5.25,0.94,28.71,0.91,1.00,5.00,1.58,0.23,0.83,0.09,0.14,0.23
846,1,44,3,26,3,72,4,39,4,0.54,0.10,0.07,0.00,0.00,0.00,44,18,16.62,17.76,0.61,0.90,3.67,5.19,0.88,16.13,0.67,0.71,3.57,1.34,0.13,0.72,0.21,0.03,0.23
697,1,41,2,21,2,63,2,32,2,0.51,0.06,0.05,0.00,0.00,0.00,41,18,17.34,17.25,0.65,0.88,3.65,5.17,0.90,17.35,0.66,0.62,3.12,1.25,0.16,0.73,0.12,0.03,0.16
656,1,19,3,9,3,27,4,11,4,0.41,0.36,0.16,0,0,0,19,15,15.33,15.75,0.70,0.75,2.59,3.66,0.89,13.43,0.82,0,0,0,0.00,0.80,0.36,0.09,0.45
519,1,35,7,18,5,60,7,26,5,0.43,0.19,0.20,0.25,0.25,0.35,35,14,15.23,16.45,0.58,0.80,3.20,4.52,0.87,13.51,0.69,1.00,4.00,1.41,0.15,0.67,0.19,0.00,0.19
730,0,0,0,0,0,0,0,0,0,0,0,0,0,0,0,0,0,0,0,0,0,0,0,0,0,0,0,0,0,0,0,0,0,0
801,1,37,4,19,4,54,8,29,8,0.54,0.28,0.11,0.00,0.00,0.00,37,18,17.15,16.95,0.69,0.90,3.56,5.04,0.91,18.28,0.66,0.80,3.20,1.26,0.14,0.59,0.17,0.03,0.21
868,1,42,7,23,6,56,8,29,7,0.52,0.24,0.17,0.00,0.00,0.00,42,18,17.98,18.43,0.75,0.93,3.97,5.61,0.93,24.46,0.79,0.83,4.17,1.44,0.17,0.77,0.31,0.03,0.34
563,1,42,4,26,4,74,6,39,6,0.53,0.15,0.10,0.09,0.09,0.21,42,16,16.29,15.27,0.57,0.75,3.45,4.88,0.87,14.20,0.67,0.82,7.36,1.92,0.23,0.65,0.15,0.03,0.18
643,1,22,4,13,4,24,5,15,5,0.62,0.33,0.18,0.33,0.33,0.41,22,19,18.62,19.41,0.92,0.95,3.18,4.49,0.97,50.41,0.87,1.00,3.00,1.22,0.20,0.75,0.27,0.00,0.27
889,1,44,3,22,3,70,3,33,3,0.47,0.09,0.07,0.00,0.00,0.00,44,17,17.08,17.86,0.63,0.88,3.72,5.26,0.89,16.88,0.67,0.70,4.90,1.57,0.21,0.71,0.18,0.00,0.18
612,0,0,0,0,0,0,0,0,0,0,0,0,0,0,0,0,0,0,0,0,0,0,0,0,0,0,0,0,0,0,0,0,0,0
566,1,35,0,19,0,44,0,20,0,0.45,0.00,0.00,0.00,0.00,0.00,35,16,17.98,19.19,0.80,0.90,3.73,5.28,0.94,27.18,0.95,0.89,7.11,1.89,0.40,1.00,0.20,0.05,0.25
742,1,54,7,33,6,84,7,38,6,0.45,0.16,0.13,0.00,0.00,0.00,54,17,17.23,18.12,0.64,0.90,4.17,5.89,0.90,19.30,0.87,0.80,6.40,1.79,0.21,0.86,0.32,0.03,0.34
756,1,33,3,19,2,46,5,24,4,0.52,0.17,0.09,0.00,0.00,0.00,33,16,17.02,18.15,0.72,0.88,3.44,4.87,0.91,19.17,0.79,1.00,6.00,1.73,0.25,0.69,0.12,0.04,0.17
591,1,59,7,33,6,81,7,43,6,0.53,0.14,0.12,0.12,0.12,0.25,59,19,18.27,18.87,0.73,0.94,4.64,6.56,0.93,26.46,0.77,0.88,6.12,1.75,0.16,0.76,0.23,0.07,0.30
914,1,47,11,24,9,59,13,29,11,0.49,0.38,0.23,0.00,0.00,0.00,47,16,18.51,19.04,0.80,0.90,4.33,6.12,0.94,31.75,0.83,1.00,6.00,1.73,0.21,0.75,0.21,0.00,0.21
710,1,25,6,13,5,27,7,15,6,0.56,0.40,0.24,0.60,1.80,0.95,25,19,18.91,19.13,0.93,0.95,3.40,4.81,0.98,61.30,0.87,1.00,5.00,1.58,0.33,0.75,0.13,0.00,0.13
565,1,11,1,8,1,13,1,9,1,0.69,0.11,0.09,0.00,0.00,0.00,11,11,11,11,0.85,0.85,2.16,3.05,0.93,17.10,0.89,1.00,1.00,0.71,0.11,0.80,0.33,0.00,0.33
625,1,53,7,33,7,83,9,44,9,0.53,0.20,0.13,0.29,0.57,0.53,53,17,17.53,17.96,0.64,0.88,4.11,5.82,0.90,18.91,0.75,1.00,7.00,1.87,0.16,0.68,0.23,0.07,0.30
733,1,43,3,24,3,62,5,31,5,0.50,0.16,0.07,0.00,0.00,0.00,43,17,17.24,18.21,0.69,0.88,3.86,5.46,0.91,20.22,0.77,1.00,6.00,1.73,0.19,0.73,0.23,0.00,0.23
588,1,42,4,26,4,67,4,33,4,0.49,0.12,0.10,0.12,0.12,0.25,42,14,16.07,16.14,0.63,0.77,3.63,5.13,0.89,16.44,0.79,1.00,8.00,2.00,0.24,0.69,0.15,0.09,0.24
707,0,0,0,0,0,0,0,0,0,0,0,0,0,0,0,0,0,0,0,0,0,0,0,0,0,0,0,0,0,0,0,0,0,0
590,1,26,5,16,5,29,5,18,5,0.62,0.28,0.19,0.33,0.33,0.41,26,20,18.45,19.20,0.90,1.00,3.41,4.83,0.97,45.09,0.89,1.00,3.00,1.22,0.17,0.75,0.33,0.06,0.39
779,1,52,11,32,10,90,11,46,10,0.51,0.22,0.21,0.27,0.82,0.64,52,17,17.11,17.68,0.58,0.86,3.88,5.48,0.88,16.03,0.70,0.82,7.36,1.92,0.20,0.57,0.22,0.00,0.22
632,1,67,6,36,6,121,8,59,8,0.49,0.14,0.09,0.00,0.00,0.00,67,17,17.30,17.93,0.55,0.88,4.31,6.09,0.88,16.90,0.61,0.43,4.35,1.47,0.17,0.72,0.15,0.07,0.22
653,1,36,4,20,3,49,4,23,3,0.47,0.13,0.11,0.14,0.14,0.27,36,17,17.17,18.22,0.73,0.90,3.64,5.14,0.92,21.34,0.87,0.86,5.14,1.60,0.26,0.80,0.22,0.04,0.26
678,1,44,7,27,7,77,11,37,11,0.48,0.30,0.16,0.00,0.00,0.00,44,17,16.57,17.53,0.57,0.85,3.55,5.01,0.87,14.64,0.73,0.75,4.50,1.50,0.16,0.78,0.16,0.08,0.24
790,1,49,4,27,3,69,4,32,3,0.46,0.09,0.08,0.00,0.00,0.00,49,18,17.81,18.86,0.71,0.92,4.17,5.90,0.92,22.75,0.84,0.75,4.50,1.50,0.19,0.92,0.25,0.09,0.34
754,1,44,6,23,6,63,9,33,9,0.52,0.27,0.14,0.20,0.40,0.45,44,18,17.83,17.67,0.70,0.93,3.92,5.54,0.91,20.77,0.70,0.90,8.10,2.01,0.27,0.77,0.18,0.03,0.21
870,1,59,7,31,7,103,9,48,9,0.47,0.19,0.12,0.00,0.00,0.00,59,16,17.38,18.50,0.57,0.90,4.11,5.81,0.88,16.74,0.65,0.62,4.92,1.57,0.17,0.77,0.15,0.02,0.17
688,1,36,6,21,5,48,6,25,5,0.52,0.20,0.17,0.00,0.00,0.00,36,17,17.32,18.42,0.75,0.90,3.67,5.20,0.93,22.62,0.84,1.00,4.00,1.41,0.16,0.64,0.32,0.08,0.40
759,1,26,4,19,4,36,4,23,4,0.64,0.17,0.15,0.00,0.00,0.00,26,16,16.50,16.17,0.72,0.80,3.06,4.33,0.91,17.14,0.83,1.00,3.00,1.22,0.13,0.70,0.39,0.00,0.39
753,1,41,5,21,5,56,6,25,6,0.45,0.24,0.12,0.25,0.25,0.35,41,20,17.50,18.78,0.73,0.97,3.87,5.48,0.92,22.57,0.84,1.00,4.00,1.41,0.16,0.64,0.36,0.04,0.40
910,1,51,6,24,6,72,7,33,7,0.46,0.21,0.12,0.00,0.00,0.00,51,17,17.43,17.75,0.71,0.88,4.25,6.01,0.92,23.03,0.73,1.00,6.00,1.73,0.18,0.69,0.21,0.06,0.27
581,1,42,5,23,5,59,5,31,5,0.53,0.16,0.12,0.00,0.00,0.00,42,18,17.47,18.47,0.71,0.93,3.87,5.47,0.92,21.25,0.74,0.83,4.17,1.44,0.16,0.62,0.29,0.03,0.32
574,0,0,0,0,0,0,0,0,0,0,0,0,0,0,0,0,0,0,0,0,0,0,0,0,0,0,0,0,0,0,0,0,0,0
532,0,0,0,0,0,0,0,0,0,0,0,0,0,0,0,0,0,0,0,0,0,0,0,0,0,0,0,0,0,0,0,0,0,0
818,1,27,4,16,4,34,5,20,5,0.59,0.25,0.15,0.33,0.67,0.58,27,17,16.92,17.34,0.79,0.85,3.27,4.63,0.93,23.43,0.80,1.00,6.00,1.73,0.30,0.62,0.30,0.00,0.30
665,1,38,6,23,5,59,6,28,5,0.47,0.18,0.16,0.00,0.00,0.00,38,17,16.64,17.31,0.64,0.85,3.50,4.95,0.89,16.41,0.82,0.75,2.25,1.06,0.11,0.87,0.14,0.11,0.25
906,1,48,6,28,6,71,9,35,9,0.49,0.26,0.12,0.00,0.00,0.00,48,16,17.32,17.68,0.68,0.90,4.03,5.70,0.91,20.16,0.80,0.89,7.11,1.89,0.23,0.79,0.17,0.00,0.17
847,1,35,3,19,3,59,4,28,4,0.47,0.14,0.09,0.00,0.00,0.00,35,18,16.42,16.96,0.59,0.85,3.22,4.56,0.87,13.83,0.68,0.67,4.00,1.41,0.21,0.70,0.18,0.07,0.25
890,1,53,7,32,7,75,7,37,7,0.49,0.19,0.13,0.12,0.12,0.25,53,15,17.24,18.06,0.71,0.87,4.33,6.12,0.92,23.32,0.86,1.00,8.00,2.00,0.22,0.81,0.24,0.05,0.30
854,1,40,5,22,5,57,6,26,6,0.46,0.23,0.12,0.33,0.67,0.58,40,18,17.16,17.82,0.70,0.93,3.75,5.30,0.91,20.04,0.85,0.83,4.17,1.44,0.19,0.79,0.23,0.00,0.23
881,1,30,5,18,4,36,5,20,4,0.56,0.20,0.17,0.20,0.20,0.32,30,19,17.83,18.35,0.83,0.95,3.54,5.00,0.95,30.59,0.90,1.00,5.00,1.58,0.25,0.80,0.20,0.05,0.25
907,1,59,7,35,7,90,8,44,8,0.49,0.18,0.12,0.09,0.09,0.21,59,16,17.80,18.33,0.66,0.88,4.40,6.22,0.91,20.82,0.80,0.73,5.82,1.71,0.18,0.86,0.14,0.07,0.20
862,1,28,5,16,4,31,5,17,4,0.55,0.24,0.18,0.00,0.00,0.00,28,19,18.61,18.75,0.90,0.95,3.56,5.03,0.97,50.32,0.94,1.00,3.00,1.22,0.18,1.00,0.18,0.12,0.29
762,1,66,10,41,10,96,10,51,10,0.53,0.20,0.15,0.08,0.08,0.20,66,19,17.96,18.90,0.69,0.94,4.76,6.74,0.92,24.15,0.80,0.92,10.08,2.25,0.22,0.75,0.20,0.10,0.29
715,1,61,11,38,11,81,13,45,13,0.56,0.29,0.18,0.19,0.56,0.53,61,19,18.39,18.41,0.75,0.90,4.79,6.78,0.94,29.58,0.84,0.94,14.06,2.65,0.33,0.84,0.13,0.04,0.18
884,1,52,7,25,7,81,7,36,7,0.44,0.19,0.13,0.12,0.12,0.25,52,17,17.22,17.88,0.64,0.89,4.09,5.78,0.90,18.92,0.69,0.62,3.12,1.25,0.14,0.67,0.19,0.08,0.28
628,0,0,0,0,0,0,0,0,0,0,0,0,0,0,0,0,0,0,0,0,0,0,0,0,0,0,0,0,0,0,0,0,0,0
700,1,29,9,20,7,35,11,23,9,0.66,0.39,0.31,0.40,0.80,0.63,29,20,17.93,18.51,0.83,1.00,3.47,4.90,0.95,29.19,0.87,1.00,5.00,1.58,0.22,0.90,0.26,0.00,0.26
594,1,56,6,34,6,93,6,45,6,0.48,0.13,0.11,0.00,0.00,0.00,56,19,17.21,18.08,0.60,0.90,4.11,5.81,0.89,17.59,0.76,0.83,8.33,2.04,0.22,0.81,0.13,0.02,0.16
611,1,33,4,21,4,44,4,26,4,0.59,0.15,0.12,0.00,0.00,0.00,33,17,17.68,18.80,0.75,0.90,3.52,4.97,0.92,21.62,0.81,0.75,4.50,1.50,0.23,0.83,0.12,0.08,0.19
876,1,29,5,17,5,40,7,21,7,0.53,0.33,0.17,0.00,0.00,0.00,29,15,16.64,16.30,0.72,0.85,3.24,4.59,0.91,18.38,0.81,1.00,1.00,0.71,0.05,0.86,0.24,0.00,0.24
527,1,28,2,15,1,37,2,20,1,0.54,0.05,0.07,0.00,0.00,0.00,28,16,17.11,16.82,0.76,0.80,3.25,4.60,0.92,20.32,0.75,0.80,3.20,1.26,0.20,0.75,0.15,0.10,0.25
660,1,52,6,28,6,88,6,42,6,0.48,0.14,0.12,0.00,0.00,0.00,52,19,17.57,16.19,0.59,0.81,3.92,5.54,0.88,16.55,0.67,0.46,2.77,1.18,0.14,0.79,0.19,0.07,0.26
576,1,39,7,26,7,66,12,38,12,0.58,0.32,0.18,0.00,0.00,0.00,39,19,16.59,17.15,0.59,0.88,3.39,4.80,0.87,14.49,0.68,0.88,6.12,1.75,0.18,0.63,0.13,0.05,0.18
775,1,32,6,21,6,41,6,24,6,0.59,0.25,0.19,0.14,0.14,0.27,32,19,17.64,17.38,0.78,0.93,3.53,5.00,0.93,24.17,0.88,0.71,3.57,1.34,0.21,0.89,0.29,0.04,0.33
838,1,19,2,10,2,20,2,11,2,0.55,0.18,0.11,0.00,0.00,0.00,19,19,19.00,19.00,0.95,0.95,3.00,4.25,0.98,75.99,0.91,1.00,2.00,1.00,0.18,0.86,0.18,0.00,0.18
675,1,53,7,30,6,91,8,45,7,0.49,0.16,0.13,0.17,0.33,0.41,53,16,16.63,17.33,0.58,0.86,3.93,5.56,0.88,16.35,0.67,0.75,6.75,1.84,0.20,0.70,0.16,0.02,0.18
820,1,62,12,40,12,105,13,58,13,0.55,0.22,0.19,0.10,0.10,0.22,62,17,17.53,17.98,0.59,0.87,4.28,6.05,0.89,17.86,0.69,0.90,8.10,2.01,0.16,0.66,0.22,0.00,0.22
840,0,0,0,0,0,0,0,0,0,0,0,0,0,0,0,0,0,0,0,0,0,0,0,0,0,0,0,0,0,0,0,0,0,0
758,1,35,4,21,4,49,5,29,5,0.59,0.17,0.11,0.00,0.00,0.00,35,18,17.26,16.46,0.71,0.82,3.54,5.00,0.91,19.55,0.72,0.86,5.14,1.60,0.21,0.70,0.24,0.03,0.28
596,1,55,8,34,8,79,9,43,9,0.54,0.21,0.15,0.25,0.25,0.35,55,15,17.43,18.25,0.70,0.87,4.38,6.19,0.92,22.90,0.79,1.00,4.00,1.41,0.09,0.76,0.30,0.02,0.33
878,1,45,5,28,4,78,6,42,5,0.54,0.12,0.11,0.08,0.08,0.20,45,17,16.68,16.31,0.58,0.82,3.60,5.10,0.87,14.99,0.67,0.50,3.00,1.22,0.14,0.65,0.21,0.07,0.29
706,1,51,4,26,4,88,9,42,9,0.48,0.21,0.08,0.08,0.08,0.20,51,18,16.86,17.63,0.58,0.88,3.84,5.44,0.88,15.96,0.62,0.75,6.75,1.84,0.21,0.55,0.12,0.05,0.17
724,1,43,7,23,6,64,7,36,6,0.56,0.17,0.16,0.12,0.12,0.25,43,17,17.45,18.58,0.67,0.93,3.80,5.38,0.90,18.89,0.64,0.75,4.50,1.50,0.17,0.55,0.11,0.03,0.14
561,1,48,2,22,2,77,2,32,2,0.42,0.06,0.04,0.00,0.00,0.00,48,17,16.73,17.35,0.62,0.85,3.87,5.47,0.89,17.34,0.69,1.00,9.00,2.12,0.28,0.50,0.22,0.03,0.25
735,1,43,1,22,1,69,1,29,1,0.42,0.03,0.02,0.00,0.00,0.00,43,17,16.58,17.19,0.62,0.87,3.66,5.18,0.89,16.46,0.76,0.73,5.82,1.71,0.28,0.91,0.14,0.00,0.14
796,1,48,5,23,5,69,5,34,5,0.49,0.15,0.10,0.00,0.00,0.00,48,15,17.09,17.03,0.70,0.83,4.09,5.78,0.91,21.45,0.68,0.83,4.17,1.44,0.15,0.58,0.18,0.03,0.21
605,1,44,6,24,5,66,6,29,5,0.44,0.17,0.14,0.22,0.44,0.47,44,18,17.14,17.71,0.67,0.87,3.83,5.42,0.90,18.80,0.83,1.00,9.00,2.12,0.31,0.67,0.17,0.07,0.24
739,1,35,4,22,4,49,7,28,7,0.57,0.25,0.11,0.00,0.00,0.00,35,16,17.43,17.53,0.71,0.88,3.54,5.00,0.91,19.55,0.79,0.86,5.14,1.60,0.21,0.77,0.25,0.00,0.25
760,1,45,6,23,5,72,6,34,5,0.47,0.15,0.13,0.00,0.00,0.00,45,16,16.93,16.03,0.62,0.80,3.75,5.30,0.89,16.90,0.68,0.50,2.50,1.12,0.15,0.83,0.21,0.06,0.26
860,1,45,6,28,6,67,10,38,10,0.57,0.26,0.13,0.15,0.31,0.39,45,17,17.00,16.42,0.67,0.82,3.89,5.50,0.91,19.29,0.74,0.92,11.08,2.35,0.32,0.69,0.21,0.03,0.24
816,1,31,4,16,4,39,5,20,5,0.51,0.25,0.13,0.17,0.17,0.29,31,19,17.64,17.69,0.79,0.95,3.51,4.96,0.94,25.39,0.80,0.67,2.67,1.15,0.20,0.80,0.15,0.05,0.20
824,1,27,3,15,3,34,3,19,3,0.56,0.16,0.11,0.00,0.00,0.00,27,18,17.34,17.60,0.79,0.90,3.27,4.63,0.93,23.43,0.79,0.83,4.17,1.44,0.26,0.62,0.21,0.05,0.26
711,1,38,2,22,2,51,2,27,2,0.53,0.07,0.05,0.00,0.00,0.00,38,17,17.30,17.87,0.75,0.90,3.76,5.32,0.93,22.82,0.81,1.00,8.00,2.00,0.30,0.70,0.26,0.00,0.26
633,1,41,6,27,6,63,6,38,6,0.60,0.16,0.15,0.00,0.00,0.00,41,17,16.66,16.89,0.65,0.83,3.65,5.17,0.90,17.35,0.71,0.75,4.50,1.50,0.16,0.57,0.34,0.00,0.34
752,1,52,6,33,6,81,7,40,7,0.49,0.17,0.12,0.29,0.57,0.53,52,16,16.81,17.09,0.64,0.86,4.09,5.78,0.90,18.92,0.82,1.00,7.00,1.87,0.17,0.85,0.23,0.03,0.25
899,1,32,5,16,5,43,7,19,7,0.44,0.37,0.16,0.17,0.17,0.29,32,17,16.87,16.49,0.74,0.85,3.45,4.88,0.92,20.79,0.84,0.83,4.17,1.44,0.26,1.00,0.21,0.00,0.21
826,1,48,10,27,8,107,16,53,13,0.50,0.25,0.21,0.11,0.11,0.24,48,16,15.88,17.39,0.45,0.86,3.28,4.64,0.83,11.83,0.51,0.67,4.00,1.41,0.11,0.42,0.17,0.04,0.21
922,1,47,6,27,6,62,6,30,6,0.48,0.20,0.13,0.22,0.44,0.47,47,17,17.73,17.71,0.76,0.87,4.22,5.97,0.93,26.71,0.90,1.00,9.00,2.12,0.30,0.93,0.10,0.07,0.17
865,0,0,0,0,0,0,0,0,0,0,0,0,0,0,0,0,0,0,0,0,0,0,0,0,0,0,0,0,0,0,0,0,0,0
795,1,52,7,32,7,70,8,38,8,0.54,0.21,0.13,0.12,0.12,0.25,52,19,18.14,18.53,0.74,0.95,4.39,6.22,0.93,26.37,0.84,0.88,6.12,1.75,0.18,0.84,0.16,0.08,0.24
905,1,49,4,24,4,77,8,31,7,0.40,0.23,0.08,0.00,0.00,0.00,49,17,17.34,17.39,0.64,0.90,3.95,5.58,0.90,18.13,0.77,0.86,5.14,1.60,0.19,0.82,0.16,0.06,0.23
763,1,37,6,22,6,47,7,25,7,0.53,0.28,0.16,0.14,0.14,0.27,37,20,17.96,18.81,0.79,0.95,3.82,5.40,0.94,26.91,0.88,0.86,5.14,1.60,0.24,0.90,0.20,0.08,0.28
784,1,45,3,24,3,64,4,29,4,0.45,0.14,0.07,0.12,0.12,0.25,45,16,17.14,16.94,0.70,0.85,3.98,5.62,0.92,21.33,0.83,1.00,8.00,2.00,0.28,0.80,0.14,0.03,0.17
558,1,49,6,26,6,68,7,34,7,0.50,0.21,0.12,0.11,0.11,0.24,49,18,17.27,17.77,0.72,0.90,4.20,5.94,0.92,23.60,0.76,0.89,7.11,1.89,0.24,0.67,0.24,0.03,0.26
811,0,0,0,0,0,0,0,0,0,0,0,0,0,0,0,0,0,0,0,0,0,0,0,0,0,0,0,0,0,0,0,0,0,0
917,1,39,4,19,3,56,5,25,4,0.45,0.16,0.10,0.00,0.00,0.00,39,18,17.49,17.20,0.70,0.93,3.69,5.21,0.91,19.45,0.76,0.86,5.14,1.60,0.24,0.73,0.16,0.04,0.20
582,1,41,6,25,6,79,9,42,8,0.53,0.19,0.15,0.11,0.11,0.24,41,13,16.42,15.70,0.52,0.73,3.26,4.61,0.85,12.64,0.60,0.78,5.44,1.65,0.17,0.56,0.07,0.05,0.12
855,1,17,1,8,1,22,1,10,1,0.45,0.10,0.06,0.00,0.00,0.00,17,16,15.80,15.66,0.77,0.80,2.56,3.62,0.92,16.09,0.80,0.67,1.33,0.82,0.20,0.75,0.20,0.10,0.30
652,1,36,8,20,8,56,9,25,9,0.45,0.36,0.22,0.20,0.20,0.32,36,18,16.56,16.62,0.64,0.88,3.40,4.81,0.89,15.93,0.80,0.80,3.20,1.26,0.16,0.75,0.28,0.04,0.32
549,1,42,7,20,7,65,9,28,9,0.43,0.32,0.17,0.22,0.44,0.47,42,17,17.27,18.25,0.65,0.92,3.68,5.21,0.90,17.33,0.71,0.78,5.44,1.65,0.25,0.57,0.18,0.00,0.18
552,1,34,5,23,5,49,5,25,5,0.51,0.20,0.15,0.29,0.57,0.53,34,17,16.57,16.87,0.69,0.85,3.43,4.86,0.91,18.00,0.92,1.00,7.00,1.87,0.28,0.92,0.20,0.00,0.20
668,0,0,0,0,0,0,0,0,0,0,0,0,0,0,0,0,0,0,0,0,0,0,0,0,0,0,0,0,0,0,0,0,0,0
511,1,38,2,20,2,50,2,27,2,0.54,0.07,0.05,0.00,0.00,0.00,38,19,17.93,18.29,0.76,0.90,3.80,5.37,0.93,24.22,0.74,0.67,4.00,1.41,0.22,0.88,0.22,0.07,0.30
509,1,34,3,20,3,61,4,29,4,0.48,0.14,0.09,0.00,0.00,0.00,34,15,15.38,16.36,0.56,0.80,3.08,4.35,0.86,12.56,0.69,0.50,1.00,0.71,0.07,0.69,0.17,0.07,0.24
698,1,44,4,27,4,75,7,39,5,0.52,0.13,0.09,0.00,0.00,0.00,44,15,16.66,16.78,0.59,0.82,3.59,5.08,0.88,15.18,0.69,0.78,5.44,1.65,0.18,0.74,0.23,0.00,0.23
659,1,48,7,27,7,82,11,45,11,0.55,0.24,0.15,0.08,0.08,0.20,48,19,17.17,17.45,0.59,0.89,3.75,5.30,0.88,15.75,0.60,0.67,5.33,1.63,0.18,0.61,0.20,0.04,0.24
644,1,41,2,20,2,63,2,28,2,0.44,0.07,0.05,0.00,0.00,0.00,41,19,17.34,17.38,0.65,0.87,3.65,5.17,0.90,17.35,0.71,0.78,5.44,1.65,0.25,0.78,0.14,0.07,0.21
616,1,41,5,24,4,60,7,35,6,0.58,0.17,0.12,0.14,0.14,0.27,41,19,17.68,18.64,0.68,0.93,3.74,5.29,0.91,19.12,0.69,0.71,3.57,1.34,0.14,0.68,0.11,0.06,0.17
850,1,47,5,28,5,56,6,32,6,0.57,0.19,0.11,0.14,0.14,0.27,47,19,18.71,19.27,0.84,0.95,4.44,6.28,0.96,40.16,0.88,1.00,7.00,1.87,0.22,0.76,0.22,0.03,0.25
908,1,46,7,27,7,87,9,39,9,0.45,0.23,0.15,0.14,0.14,0.27,46,12,15.65,16.36,0.53,0.80,3.49,4.93,0.86,13.59,0.69,1.00,7.00,1.87,0.18,0.68,0.15,0.00,0.15
609,1,41,4,25,4,67,4,34,4,0.51,0.12,0.10,0.00,0.00,0.00,41,15,15.83,16.56,0.61,0.80,3.54,5.01,0.88,15.63,0.74,0.80,3.20,1.26,0.12,0.69,0.24,0.06,0.29
772,1,20,4,12,4,27,4,12,4,0.44,0.33,0.20,0.00,0.00,0.00,20,16,15.73,16.50,0.74,0.80,2.72,3.85,0.91,15.72,1.00,1.00,1.00,0.71,0.08,1.00,0.25,0.00,0.25
776,1,50,6,29,5,66,6,31,5,0.47,0.16,0.12,0.00,0.00,0.00,50,16,17.62,17.98,0.76,0.88,4.35,6.15,0.93,27.46,0.94,1.00,8.00,2.00,0.26,1.00,0.23,0.03,0.26
897,1,30,1,17,1,41,1,23,1,0.56,0.04,0.03,0.00,0.00,0.00,30,15,16.52,16.89,0.73,0.82,3.31,4.69,0.92,19.17,0.74,1.00,6.00,1.73,0.26,0.62,0.17,0.09,0.26
843,0,0,0,0,0,0,0,0,0,0,0,0,0,0,0,0,0,0,0,0,0,0,0,0,0,0,0,0,0,0,0,0,0,0
726,1,12,3,7,3,14,3,8,3,0.57,0.38,0.25,0.50,0.50,0.50,12,12,12,12,0.86,0.86,2.27,3.21,0.94,19.62,0.88,1.00,2.00,1.00,0.25,1.00,0.25,0.00,0.25
766,1,14,1,8,1,17,1,10,1,0.59,0.10,0.07,0.00,0.00,0.00,14,14,14,14,0.82,0.82,2.40,3.40,0.93,17.96,0.80,1.00,2.00,1.00,0.20,0.60,0.30,0.00,0.30
544,1,46,5,25,5,66,6,31,6,0.47,0.19,0.11,0.20,0.20,0.32,46,16,17.08,17.33,0.70,0.83,4.00,5.66,0.91,21.12,0.81,1.00,5.00,1.58,0.16,0.79,0.19,0.00,0.19
856,1,49,9,28,9,69,11,36,11,0.52,0.31,0.18,0.33,0.67,0.58,49,18,17.79,18.79,0.71,0.95,4.17,5.90,0.92,22.75,0.78,1.00,6.00,1.73,0.17,0.71,0.28,0.03,0.31
536,1,67,10,42,10,108,13,55,13,0.51,0.24,0.15,0.14,0.29,0.38,67,18,17.79,18.47,0.62,0.94,4.56,6.45,0.90,19.94,0.76,0.86,10.29,2.27,0.22,0.74,0.20,0.02,0.22
787,1,38,3,19,3,59,5,25,5,0.42,0.20,0.08,0.00,0.00,0.00,38,17,16.26,17.64,0.64,0.90,3.50,4.95,0.89,16.41,0.76,0.88,6.12,1.75,0.28,0.75,0.08,0.08,0.16
523,1,27,2,14,2,36,2,19,2,0.53,0.11,0.07,0.00,0.00,0.00,27,19,16.86,18.00,0.75,0.95,3.18,4.50,0.92,19.39,0.74,0.71,3.57,1.34,0.26,0.67,0.26,0.00,0.26
723,1,54,5,29,5,83,6,35,6,0.42,0.17,0.09,0.11,0.11,0.24,54,17,17.52,17.97,0.65,0.90,4.19,5.93,0.90,19.73,0.83,1.00,9.00,2.12,0.26,0.80,0.26,0.03,0.29
863,1,47,5,31,5,65,8,36,8,0.55,0.22,0.11,0.22,0.44,0.47,47,16,17.74,17.59,0.72,0.87,4.12,5.83,0.92,23.34,0.86,1.00,9.00,2.12,0.25,0.93,0.22,0.06,0.28
556,1,42,2,22,2,75,2,36,2,0.48,0.06,0.05,0.00,0.00,0.00,42,17,16.78,16.29,0.56,0.77,3.43,4.85,0.87,13.96,0.61,0.71,3.57,1.34,0.14,0.60,0.17,0.06,0.22
617,1,51,5,32,5,80,5,39,5,0.49,0.13,0.10,0.00,0.00,0.00,51,16,16.66,17.00,0.64,0.86,4.03,5.70,0.90,18.52,0.82,0.88,6.12,1.75,0.18,0.78,0.26,0.03,0.28
833,1,50,5,23,5,81,5,32,5,0.40,0.16,0.10,0.11,0.11,0.24,50,17,16.97,17.13,0.62,0.86,3.93,5.56,0.89,17.38,0.72,0.78,5.44,1.65,0.22,0.67,0.25,0.00,0.25
830,1,42,3,25,3,60,3,28,3,0.47,0.11,0.07,0.00,0.00,0.00,42,16,17.15,18.18,0.70,0.92,3.83,5.42,0.91,20.41,0.89,1.00,5.00,1.58,0.18,0.91,0.36,0.04,0.39
737,1,25,4,16,4,29,4,18,4,0.62,0.22,0.16,0.00,0.00,0.00,25,20,18.12,18.28,0.86,1.00,3.28,4.64,0.96,33.18,0.89,0.80,3.20,1.26,0.22,0.88,0.17,0.11,0.28
858,1,44,7,29,7,72,12,39,12,0.54,0.31,0.16,0.11,0.11,0.24,44,17,16.43,16.88,0.61,0.85,3.67,5.19,0.88,16.13,0.74,0.78,5.44,1.65,0.18,0.72,0.21,0.03,0.23
916,1,37,4,22,4,57,4,32,4,0.56,0.12,0.11,0.25,0.50,0.50,37,16,16.75,16.51,0.65,0.85,3.47,4.90,0.89,16.43,0.69,0.88,6.12,1.75,0.22,0.67,0.16,0.00,0.16
702,1,27,2,15,1,38,2,18,1,0.47,0.06,0.07,0.00,0.00,0.00,27,18,16.47,16.43,0.71,0.90,3.10,4.38,0.91,16.82,0.83,0.80,3.20,1.26,0.22,0.89,0.11,0.06,0.17
577,1,48,4,26,3,74,7,39,6,0.53,0.15,0.08,0.00,0.00,0.00,48,16,16.86,17.97,0.65,0.88,3.95,5.58,0.90,18.59,0.67,1.00,7.00,1.87,0.18,0.55,0.26,0.00,0.26
810,1,18,1,9,1,19,1,10,1,0.53,0.10,0.06,0.00,0.00,0.00,18,18,18,18,0.95,0.95,2.92,4.13,0.98,69.64,0.90,0.75,2.25,1.06,0.30,1.00,0.30,0.00,0.30
798,1,46,7,25,5,62,9,29,7,0.47,0.24,0.15,0.11,0.11,0.24,46,19,17.92,18.17,0.74,0.92,4.13,5.84,0.93,24.78,0.86,0.78,5.44,1.65,0.24,0.92,0.21,0.00,0.21
747,1,16,2,7,2,19,2,8,2,0.42,0.25,0.12,0.00,0.00,0.00,16,16,16,16,0.84,0.84,2.60,3.67,0.94,21.91,0.88,0.67,1.33,0.82,0.25,1.00,0.12,0.12,0.25
593,1,46,4,24,4,61,5,29,5,0.48,0.17,0.09,0.17,0.17,0.29,46,19,17.93,17.15,0.75,0.88,4.16,5.89,0.93,26.00,0.83,0.67,2.67,1.15,0.14,0.83,0.31,0.07,0.38
534,1,53,5,29,4,92,8,48,7,0.52,0.15,0.09,0.08,0.08,0.20,53,20,17.29,16.82,0.58,0.85,3.91,5.53,0.88,16.10,0.60,0.92,10.08,2.25,0.23,0.56,0.12,0.00,0.12
898,1,38,3,22,3,51,3,25,3,0.49,0.12,0.08,0.33,0.33,0.41,38,18,17.51,17.55,0.75,0.88,3.76,5.32,0.93,22.82,0.88,1.00,3.00,1.22,0.12,0.92,0.24,0.04,0.28
637,1,34,3,17,3,54,4,23,4,0.43,0.17,0.09,0.11,0.11,0.24,34,19,16.68,17.14,0.63,0.88,3.27,4.63,0.88,14.94,0.74,0.78,5.44,1.65,0.30,0.78,0.13,0.00,0.13
620,1,53,10,32,9,77,14,40,13,0.52,0.33,0.19,0.17,0.17,0.29,53,16,17.60,18.33,0.69,0.88,4.27,6.04,0.91,21.94,0.80,1.00,6.00,1.73,0.15,0.84,0.25,0.03,0.28
727,1,25,7,17,7,34,7,17,7,0.50,0.41,0.28,0.00,0.00,0.00,25,15,15.97,16.00,0.74,0.75,3.03,4.29,0.91,17.56,1.00,1.00,3.00,1.22,0.18,1.00,0.29,0.06,0.35
671,1,30,2,20,2,36,2,22,2,0.61,0.09,0.07,0.00,0.00,0.00,30,16,17.48,17.72,0.83,0.80,3.54,5.00,0.95,30.59,0.91,1.00,7.00,1.87,0.32,0.78,0.23,0.05,0.27
767,1,47,3,24,3,80,4,35,4,0.44,0.11,0.06,0.33,0.67,0.58,47,16,16.81,17.77,0.59,0.86,3.72,5.25,0.88,15.68,0.69,0.83,4.17,1.44,0.14,0.67,0.20,0.09,0.29
780,1,39,6,26,6,62,6,34,6,0.55,0.18,0.15,0.00,0.00,0.00,39,17,17.06,17.47,0.63,0.88,3.50,4.95,0.89,15.96,0.76,0.75,4.50,1.50,0.18,0.75,0.21,0.12,0.32
693,1,44,4,29,4,67,5,35,5,0.52,0.14,0.09,0.17,0.17,0.29,44,16,16.85,17.97,0.66,0.88,3.80,5.38,0.90,18.26,0.83,1.00,6.00,1.73,0.17,0.71,0.26,0.06,0.31
744,1,49,5,28,5,84,6,41,6,0.49,0.15,0.10,0.20,0.40,0.45,49,16,16.00,16.47,0.58,0.81,3.78,5.35,0.88,15.82,0.68,0.80,6.40,1.79,0.20,0.67,0.20,0.02,0.22
815,1,31,2,18,2,43,2,21,2,0.49,0.10,0.06,0.00,0.00,0.00,31,16,16.53,16.67,0.72,0.85,3.34,4.73,0.91,18.78,0.86,1.00,3.00,1.22,0.14,0.67,0.29,0.14,0.43
867,1,49,7,30,7,72,8,38,8,0.53,0.21,0.14,0.12,0.12,0.25,49,17,17.62,18.45,0.68,0.90,4.08,5.77,0.91,20.64,0.79,1.00,8.00,2.00,0.21,0.72,0.18,0.08,0.26
893,1,36,2,17,2,58,2,27,2,0.47,0.07,0.06,0.00,0.00,0.00,36,18,16.56,16.86,0.62,0.82,3.34,4.73,0.88,15.01,0.63,0.50,2.00,1.00,0.15,0.56,0.22,0.07,0.30
535,1,54,4,31,4,80,4,39,4,0.49,0.10,0.07,0.15,0.31,0.39,54,17,17.75,18.28,0.68,0.91,4.27,6.04,0.91,21.22,0.79,0.77,7.69,1.96,0.26,0.81,0.15,0.05,0.21
573,1,44,1,23,1,63,1,29,1,0.46,0.03,0.02,0.00,0.00,0.00,44,18,17.37,17.39,0.70,0.85,3.92,5.54,0.91,20.77,0.79,0.64,4.45,1.49,0.24,0.75,0.28,0.07,0.34
539,1,41,6,21,6,65,8,27,8,0.42,0.30,0.15,0.00,0.00,0.00,41,18,16.95,17.13,0.63,0.87,3.60,5.09,0.89,16.42,0.78,1.00,5.00,1.58,0.19,0.75,0.26,0.00,0.26
728,1,37,2,19,2,56,3,23,3,0.41,0.13,0.05,0.14,0.14,0.27,37,16,16.79,16.07,0.66,0.82,3.50,4.94,0.90,16.98,0.83,0.71,3.57,1.34,0.22,1.00,0.13,0.09,0.22
600,1,12,3,9,3,14,3,9,3,0.64,0.33,0.25,0.00,0.00,0.00,12,12,12,12,0.86,0.86,2.27,3.21,0.94,19.62,1.00,1.00,2.00,1.00,0.22,1.00,0.11,0.00,0.11
743,1,44,2,23,2,60,2,31,2,0.52,0.06,0.05,0.00,0.00,0.00,44,17,17.32,17.32,0.73,0.85,4.02,5.68,0.92,23.47,0.74,0.67,4.00,1.41,0.19,0.77,0.19,0.03,0.23
841,1,21,3,12,3,31,3,17,3,0.55,0.18,0.14,0.40,0.80,0.63,21,17,14.94,15.66,0.68,0.85,2.67,3.77,0.89,13.15,0.71,1.00,5.00,1.58,0.29,0.57,0.18,0.00,0.18
792,1,55,4,37,4,80,4,44,4,0.55,0.09,0.07,0.00,0.00,0.00,55,16,17.83,18.70,0.69,0.90,4.35,6.15,0.91,22.26,0.84,1.00,12.00,2.45,0.27,0.80,0.30,0.02,0.32
515,1,39,1,23,1,48,1,25,1,0.52,0.04,0.03,0.00,0.00,0.00,39,18,18.39,18.83,0.81,0.90,3.98,5.63,0.95,31.34,0.92,1.00,6.00,1.73,0.24,0.82,0.20,0.12,0.32
603,1,34,3,22,3,49,4,23,4,0.47,0.17,0.09,0.00,0.00,0.00,34,16,15.91,16.06,0.69,0.80,3.43,4.86,0.91,18.00,0.96,1.00,5.00,1.58,0.22,0.91,0.26,0.04,0.30
618,1,44,7,23,7,59,7,27,7,0.46,0.26,0.16,0.29,0.57,0.53,44,15,17.14,18.02,0.75,0.82,4.05,5.73,0.93,24.61,0.85,0.86,5.14,1.60,0.22,0.80,0.26,0.07,0.33
568,1,47,7,28,7,61,7,32,7,0.52,0.22,0.15,0.00,0.00,0.00,47,16,17.68,18.42,0.77,0.90,4.26,6.02,0.94,28.15,0.88,1.00,7.00,1.87,0.22,0.81,0.25,0.00,0.25
586,1,44,8,28,8,69,11,40,11,0.58,0.28,0.18,0.29,0.57,0.53,44,15,16.80,17.55,0.64,0.83,3.75,5.30,0.89,17.31,0.70,0.86,5.14,1.60,0.15,0.70,0.17,0.03,0.20
554,1,54,4,26,3,75,5,33,4,0.44,0.12,0.07,0.00,0.00,0.00,54,17,17.94,17.86,0.72,0.85,4.41,6.24,0.92,24.64,0.79,0.88,6.12,1.75,0.21,0.71,0.27,0.00,0.27
713,1,55,3,27,3,95,6,40,6,0.42,0.15,0.05,0.11,0.11,0.24,55,18,16.69,17.24,0.58,0.86,3.99,5.64,0.88,16.48,0.68,0.67,4.00,1.41,0.15,0.67,0.20,0.00,0.20
613,1,48,4,25,4,68,5,34,5,0.50,0.15,0.08,0.12,0.12,0.25,48,17,17.70,18.54,0.71,0.90,4.12,5.82,0.92,22.20,0.74,0.75,4.50,1.50,0.18,0.86,0.21,0.06,0.26
911,1,37,9,22,7,55,11,34,9,0.62,0.26,0.24,0.25,0.50,0.50,37,19,17.04,17.06,0.67,0.90,3.53,4.99,0.90,17.59,0.65,1.00,8.00,2.00,0.24,0.53,0.15,0.03,0.18
872,1,38,4,21,3,53,5,27,4,0.51,0.15,0.11,0.00,0.00,0.00,38,16,16.94,16.92,0.72,0.82,3.69,5.22,0.92,20.58,0.78,1.00,2.00,1.00,0.07,0.85,0.30,0.00,0.30
808,1,48,8,26,8,81,8,37,8,0.46,0.22,0.17,0.25,0.25,0.35,48,18,17.09,17.24,0.59,0.88,3.77,5.33,0.88,16.03,0.70,0.75,2.25,1.06,0.08,0.63,0.27,0.05,0.32
875,1,48,4,25,4,87,5,40,5,0.46,0.12,0.08,0.09,0.09,0.21,48,18,16.89,17.56,0.55,0.89,3.64,5.15,0.87,14.56,0.62,0.73,5.82,1.71,0.20,0.58,0.12,0.03,0.15
829,1,50,7,33,7,74,8,39,8,0.53,0.21,0.14,0.00,0.00,0.00,50,17,17.40,18.42,0.68,0.90,4.11,5.81,0.91,20.52,0.85,1.00,7.00,1.87,0.18,0.80,0.28,0.00,0.28
827,1,43,4,24,3,59,6,29,4,0.49,0.14,0.09,0.00,0.00,0.00,43,16,17.67,17.44,0.73,0.85,3.96,5.60,0.92,22.83,0.83,0.75,4.50,1.50,0.21,0.77,0.24,0.03,0.28
725,1,31,2,17,1,38,2,19,1,0.50,0.05,0.06,0.00,0.00,0.00,31,19,17.97,18.63,0.82,0.95,3.56,5.03,0.94,28.23,0.89,1.00,6.00,1.73,0.32,0.71,0.26,0.05,0.32
575,1,34,3,20,3,46,3,22,3,0.48,0.14,0.09,0.14,0.14,0.27,34,17,16.92,15.68,0.74,0.82,3.54,5.01,0.92,21.06,0.91,0.86,5.14,1.60,0.27,0.91,0.18,0.00,0.18
507,1,46,3,23,2,77,3,31,2,0.40,0.06,0.07,0.08,0.08,0.20,46,18,16.84,16.16,0.60,0.88,3.71,5.24,0.88,15.91,0.74,0.75,6.75,1.84,0.29,0.80,0.06,0.03,0.10
714,1,42,3,26,3,61,3,32,3,0.52,0.09,0.07,0.00,0.00,0.00,42,17,17.15,15.79,0.69,0.88,3.80,5.38,0.91,19.67,0.81,0.64,4.45,1.49,0.22,0.83,0.25,0.03,0.28
614,1,40,3,23,3,62,3,29,3,0.47,0.10,0.07,0.12,0.12,0.25,40,16,17.00,17.21,0.65,0.85,3.59,5.08,0.89,16.88,0.79,0.88,6.12,1.75,0.24,0.67,0.21,0.07,0.28
606,1,26,2,15,2,29,2,16,2,0.55,0.12,0.08,0.25,0.25,0.35,26,19,18.60,18.50,0.90,0.95,3.41,4.83,0.97,45.09,0.94,1.00,4.00,1.41,0.25,0.86,0.31,0.00,0.31
869,0,0,0,0,0,0,0,0,0,0,0,0,0,0,0,0,0,0,0,0,0,0,0,0,0,0,0,0,0,0,0,0,0,0
769,1,31,8,19,7,45,8,23,7,0.51,0.30,0.26,0.14,0.14,0.27,31,18,15.69,15.60,0.69,0.80,3.27,4.62,0.90,16.89,0.83,1.00,7.00,1.87,0.30,0.73,0.17,0.00,0.17
680,1,17,3,10,3,21,3,11,3,0.52,0.27,0.18,0.00,0.00,0.00,17,16,16.34,16.50,0.81,0.80,2.62,3.71,0.93,19.05,0.91,1.00,1.00,0.71,0.09,0.88,0.09,0.09,0.18
512,1,29,2,17,2,43,2,20,2,0.47,0.10,0.07,0.00,0.00,0.00,29,16,15.64,16.25,0.67,0.80,3.13,4.42,0.90,15.60,0.85,1.00,4.00,1.41,0.20,0.73,0.25,0.00,0.25
716,1,37,5,23,5,50,6,28,6,0.56,0.21,0.14,0.00,0.00,0.00,37,14,17.15,17.24,0.74,0.82,3.70,5.23,0.92,22.07,0.82,0.62,3.12,1.25,0.18,0.90,0.29,0.07,0.36
777,1,34,3,17,3,42,3,18,3,0.43,0.17,0.09,0.00,0.00,0.00,34,18,17.70,18.34,0.81,0.88,3.71,5.25,0.94,28.71,0.94,1.00,5.00,1.58,0.28,0.88,0.22,0.06,0.28
837,1,47,7,28,6,75,7,38,6,0.51,0.16,0.15,0.10,0.10,0.22,47,19,17.09,18.11,0.63,0.93,3.84,5.43,0.89,17.32,0.74,0.80,6.40,1.79,0.21,0.75,0.18,0.03,0.21
835,1,45,5,25,4,75,12,42,10,0.56,0.24,0.11,0.00,0.00,0.00,45,17,16.99,18.04,0.60,0.83,3.67,5.20,0.88,15.85,0.60,0.78,5.44,1.65,0.17,0.67,0.12,0.05,0.17
696,1,49,2,24,2,71,2,32,2,0.45,0.06,0.04,0.00,0.00,0.00,49,16,17.43,17.53,0.69,0.87,4.11,5.82,0.91,21.28,0.75,0.58,4.08,1.43,0.22,1.00,0.16,0.03,0.19
548,1,54,7,35,7,89,7,45,7,0.51,0.16,0.13,0.00,0.00,0.00,54,15,16.91,17.24,0.61,0.85,4.05,5.72,0.89,17.51,0.78,0.86,5.14,1.60,0.13,0.86,0.20,0.07,0.27
624,1,32,4,16,2,44,4,18,2,0.41,0.11,0.12,0.00,0.00,0.00,32,19,17.09,18.33,0.73,0.95,3.41,4.82,0.92,19.53,0.89,0.75,2.25,1.06,0.17,0.89,0.28,0.00,0.28
915,1,3,1,2,1,3,1,2,1,0.67,0.50,0.33,0,0,0,3,3,3,3,1.00,1.00,1.22,1.73,1.00,NaN,1.00,0,0,0,0.00,1.00,0.00,0.00,0.00
559,1,44,5,25,5,61,6,32,6,0.52,0.19,0.11,0.20,0.20,0.32,44,19,17.73,18.59,0.72,0.92,3.98,5.63,0.92,22.47,0.78,1.00,5.00,1.58,0.16,0.76,0.22,0.00,0.22
663,1,51,5,32,5,76,5,39,5,0.51,0.13,0.10,0.00,0.00,0.00,51,17,17.41,18.44,0.67,0.88,4.14,5.85,0.91,20.42,0.82,0.80,6.40,1.79,0.21,0.83,0.23,0.00,0.23
506,1,57,10,28,7,102,11,45,8,0.44,0.18,0.18,0.07,0.07,0.19,57,19,17.12,17.78,0.56,0.90,3.99,5.64,0.87,15.96,0.62,0.64,5.79,1.70,0.20,0.53,0.24,0.00,0.24
789,1,49,6,31,6,77,8,41,7,0.53,0.17,0.12,0.12,0.12,0.25,49,18,17.29,16.79,0.64,0.85,3.95,5.58,0.90,18.13,0.76,0.88,6.12,1.75,0.17,0.80,0.27,0.07,0.34
621,1,26,0,18,0,40,0,26,0,0.65,0.00,0.00,0.00,0.00,0.00,26,16,16.15,17.57,0.65,0.85,2.91,4.11,0.88,13.72,0.69,0.86,5.14,1.60,0.23,0.60,0.15,0.12,0.27
572,1,52,8,31,8,75,10,38,10,0.51,0.26,0.15,0.11,0.11,0.24,52,14,17.77,18.09,0.69,0.87,4.25,6.00,0.92,22.10,0.82,0.89,7.11,1.89,0.21,0.82,0.21,0.03,0.24