filename,sentences,wordtypes,swordtypes,lextypes,slextypes,wordtokens,swordtokens,lextokens,slextokens,ld,ls1,ls2,vs1,vs2,cvs1,ndw,ndwz,ndwerz,ndwesz,ttr,msttr,cttr,rttr,logttr,uber,lv,vv1,svv1,cvv1,vv2,nv,adjv,advv,modv
U:\GitHub\StudyLanguage\src\..\data\indiv_files_truncated\AIP_A_EN_corrected\741.txt,1,35,3,21,3,50,4,26,4,0.52,0.15,0.09,0.00,0.00,0.00,35,35,35.00,35.00,0.70,0.70,3.50,4.95,0.91,18.63,0.81,1.00,6.00,1.73,0.23,0.82,0.19,0.08,0.27
U:\GitHub\StudyLanguage\src\..\data\indiv_files_truncated\AIP_A_EN_corrected\646.txt,1,35,7,22,7,50,7,27,7,0.54,0.26,0.20,0.22,0.44,0.47,35,35,35.00,35.00,0.70,0.70,3.50,4.95,0.91,18.63,0.81,0.89,7.11,1.89,0.30,0.67,0.11,0.11,0.22
U:\GitHub\StudyLanguage\src\..\data\indiv_files_truncated\AIP_A_EN_corrected\546.txt,1,35,3,20,3,50,4,29,4,0.58,0.14,0.09,0.00,0.00,0.00,35,35,35.00,35.00,0.70,0.70,3.50,4.95,0.91,18.63,0.69,0.80,3.20,1.26,0.14,0.58,0.28,0.07,0.34
U:\GitHub\StudyLanguage\src\..\data\indiv_files_truncated\AIP_A_EN_corrected\580.txt,1,35,3,20,3,50,3,27,3,0.54,0.11,0.09,0.00,0.00,0.00,35,35,35.00,35.00,0.70,0.70,3.50,4.95,0.91,18.63,0.74,1.00,3.00,1.22,0.11,0.67,0.11,0.07,0.19
U:\GitHub\StudyLanguage\src\..\data\indiv_files_truncated\AIP_A_EN_corrected\634.txt,1,38,7,22,6,50,9,29,8,0.58,0.28,0.18,0.12,0.12,0.25,38,38,38.00,38.00,0.76,0.76,3.80,5.37,0.93,24.22,0.76,0.75,4.50,1.50,0.21,0.77,0.14,0.10,0.24
U:\GitHub\StudyLanguage\src\..\data\indiv_files_truncated\AIP_A_EN_corrected\630.txt,1,31,6,19,5,50,11,32,10,0.64,0.31,0.19,0.00,0.00,0.00,31,31,31.00,31.00,0.62,0.62,3.10,4.38,0.88,13.90,0.59,0.83,4.17,1.44,0.16,0.50,0.19,0.03,0.22
U:\GitHub\StudyLanguage\src\..\data\indiv_files_truncated\AIP_A_EN_corrected\648.txt,1,34,5,20,5,50,5,27,5,0.54,0.19,0.15,0.20,0.20,0.32,34,34,34.00,34.00,0.68,0.68,3.40,4.81,0.90,17.23,0.74,0.80,3.20,1.26,0.15,0.75,0.15,0.11,0.26
U:\GitHub\StudyLanguage\src\..\data\indiv_files_truncated\AIP_A_EN_corrected\921.txt,1,40,4,25,4,50,4,31,4,0.62,0.13,0.10,0.00,0.00,0.00,40,40,40.00,40.00,0.80,0.80,4.00,5.66,0.94,29.79,0.81,1.00,4.00,1.41,0.13,0.75,0.26,0.03,0.29
U:\GitHub\StudyLanguage\src\..\data\indiv_files_truncated\AIP_A_EN_corrected\589.txt,1,33,4,18,3,50,5,22,3,0.44,0.14,0.12,0.00,0.00,0.00,33,33,33.00,33.00,0.66,0.66,3.30,4.67,0.89,16.00,0.82,0.83,4.17,1.44,0.23,0.77,0.09,0.05,0.14
U:\GitHub\StudyLanguage\src\..\data\indiv_files_truncated\AIP_A_EN_corrected\564.txt,1,33,5,21,4,50,5,27,4,0.54,0.15,0.15,0.33,0.33,0.41,33,33,33.00,33.00,0.66,0.66,3.30,4.67,0.89,16.00,0.78,0.67,1.33,0.82,0.07,0.67,0.19,0.15,0.33
U:\GitHub\StudyLanguage\src\..\data\indiv_files_truncated\AIP_A_EN_corrected\904.txt,1,41,3,27,3,50,3,32,3,0.64,0.09,0.07,0.00,0.00,0.00,41,41,41.00,41.00,0.82,0.82,4.10,5.80,0.95,33.49,0.84,0.78,5.44,1.65,0.22,0.82,0.12,0.06,0.19
U:\GitHub\StudyLanguage\src\..\data\indiv_files_truncated\AIP_A_EN_corrected\664.txt,1,32,4,19,4,50,4,29,4,0.58,0.14,0.12,0.12,0.12,0.25,32,32,32.00,32.00,0.64,0.64,3.20,4.53,0.89,14.89,0.66,0.88,6.12,1.75,0.24,0.40,0.14,0.07,0.21
U:\GitHub\StudyLanguage\src\..\data\indiv_files_truncated\AIP_A_EN_corrected\750.txt,1,30,2,18,2,50,3,27,3,0.54,0.11,0.07,0.00,0.00,0.00,30,30,30.00,30.00,0.60,0.60,3.00,4.24,0.87,13.01,0.67,0.75,2.25,1.06,0.11,0.58,0.26,0.07,0.33
U:\GitHub\StudyLanguage\src\..\data\indiv_files_truncated\AIP_A_EN_corrected\694.txt,1,40,6,26,6,50,6,28,6,0.56,0.21,0.15,0.25,0.25,0.35,40,40,40.00,40.00,0.80,0.80,4.00,5.66,0.94,29.79,0.93,1.00,4.00,1.41,0.14,0.93,0.21,0.07,0.29
U:\GitHub\StudyLanguage\src\..\data\indiv_files_truncated\AIP_A_EN_corrected\839.txt,1,39,5,21,4,50,5,23,4,0.46,0.17,0.13,0.25,0.50,0.50,39,39,39.00,39.00,0.78,0.78,3.90,5.52,0.94,26.75,0.91,0.88,6.12,1.75,0.30,1.00,0.09,0.13,0.22
U:\GitHub\StudyLanguage\src\..\data\indiv_files_truncated\AIP_A_EN_corrected\883.txt,1,42,6,24,5,50,6,24,5,0.48,0.21,0.14,0.00,0.00,0.00,42,42,42.00,42.00,0.84,0.84,4.20,5.94,0.96,38.12,1.00,1.00,5.00,1.58,0.21,1.00,0.21,0.12,0.33
U:\GitHub\StudyLanguage\src\..\data\indiv_files_truncated\AIP_A_EN_corrected\640.txt,1,35,6,21,6,50,8,25,8,0.50,0.32,0.17,0.20,0.20,0.32,35,35,35.00,35.00,0.70,0.70,3.50,4.95,0.91,18.63,0.84,1.00,5.00,1.58,0.20,0.75,0.16,0.12,0.28
U:\GitHub\StudyLanguage\src\..\data\indiv_files_truncated\AIP_A_EN_corrected\853.txt,1,28,5,18,5,50,5,28,5,0.56,0.18,0.18,0.40,0.80,0.63,28,28,28.00,28.00,0.56,0.56,2.80,3.96,0.85,11.46,0.64,1.00,5.00,1.58,0.18,0.53,0.14,0.04,0.18
U:\GitHub\StudyLanguage\src\..\data\indiv_files_truncated\AIP_A_EN_corrected\526.txt,1,38,4,24,4,50,4,30,4,0.60,0.13,0.11,0.00,0.00,0.00,38,38,38.00,38.00,0.76,0.76,3.80,5.37,0.93,24.22,0.80,0.86,5.14,1.60,0.20,0.77,0.27,0.00,0.27
U:\GitHub\StudyLanguage\src\..\data\indiv_files_truncated\AIP_A_EN_corrected\699.txt,1,37,7,26,6,50,7,30,6,0.60,0.20,0.19,0.22,0.44,0.47,37,37,37.00,37.00,0.74,0.74,3.70,5.23,0.92,22.07,0.87,0.89,7.11,1.89,0.27,0.79,0.17,0.07,0.23
U:\GitHub\StudyLanguage\src\..\data\indiv_files_truncated\AIP_A_EN_corrected\636.txt,1,41,8,29,8,50,8,33,8,0.66,0.24,0.20,0.20,0.20,0.32,41,41,41.00,41.00,0.82,0.82,4.10,5.80,0.95,33.49,0.88,0.80,3.20,1.26,0.12,0.84,0.24,0.03,0.27
U:\GitHub\StudyLanguage\src\..\data\indiv_files_truncated\AIP_A_EN_corrected\738.txt,1,35,5,21,5,50,5,25,5,0.50,0.20,0.14,0.12,0.12,0.25,35,35,35.00,35.00,0.70,0.70,3.50,4.95,0.91,18.63,0.84,0.75,4.50,1.50,0.24,1.00,0.12,0.04,0.16
U:\GitHub\StudyLanguage\src\..\data\indiv_files_truncated\AIP_A_EN_corrected\919.txt,1,29,4,17,4,50,4,26,4,0.52,0.15,0.14,0.00,0.00,0.00,29,29,29.00,29.00,0.58,0.58,2.90,4.10,0.86,12.20,0.65,0.50,1.50,0.87,0.12,0.55,0.19,0.12,0.31
U:\GitHub\StudyLanguage\src\..\data\indiv_files_truncated\AIP_A_EN_corrected\562.txt,1,30,5,17,5,50,6,30,6,0.60,0.20,0.17,0.00,0.00,0.00,30,30,30.00,30.00,0.60,0.60,3.00,4.24,0.87,13.01,0.57,0.50,0.50,0.50,0.03,0.56,0.27,0.03,0.30
U:\GitHub\StudyLanguage\src\..\data\indiv_files_truncated\AIP_A_EN_corrected\587.txt,1,33,6,21,5,50,7,27,6,0.54,0.22,0.18,0.00,0.00,0.00,33,33,33.00,33.00,0.66,0.66,3.30,4.67,0.89,16.00,0.78,0.80,3.20,1.26,0.15,0.71,0.15,0.04,0.19
U:\GitHub\StudyLanguage\src\..\data\indiv_files_truncated\AIP_A_EN_corrected\662.txt,1,38,8,27,8,50,9,34,9,0.68,0.26,0.21,0.00,0.00,0.00,38,38,38.00,38.00,0.76,0.76,3.80,5.37,0.93,24.22,0.79,0.88,6.12,1.75,0.21,0.75,0.21,0.15,0.35
U:\GitHub\StudyLanguage\src\..\data\indiv_files_truncated\AIP_A_EN_corrected\703.txt,1,29,4,19,4,50,9,32,9,0.64,0.28,0.14,0.00,0.00,0.00,29,29,29.00,29.00,0.58,0.58,2.90,4.10,0.86,12.20,0.59,1.00,4.00,1.41,0.12,0.56,0.16,0.09,0.25
U:\GitHub\StudyLanguage\src\..\data\indiv_files_truncated\AIP_A_EN_corrected\517.txt,1,31,5,20,5,50,8,28,8,0.56,0.29,0.16,0.20,0.40,0.45,31,31,31.00,31.00,0.62,0.62,3.10,4.38,0.88,13.90,0.71,0.90,8.10,2.01,0.32,0.50,0.07,0.07,0.14
U:\GitHub\StudyLanguage\src\..\data\indiv_files_truncated\AIP_A_EN_corrected\592.txt,1,37,7,22,6,50,8,26,7,0.52,0.27,0.19,0.29,0.57,0.53,37,37,37.00,37.00,0.74,0.74,3.70,5.23,0.92,22.07,0.85,1.00,7.00,1.87,0.27,0.75,0.19,0.08,0.27
U:\GitHub\StudyLanguage\src\..\data\indiv_files_truncated\AIP_A_EN_corrected\651.txt,1,35,5,22,5,50,5,28,5,0.56,0.18,0.14,0.00,0.00,0.00,35,35,35.00,35.00,0.70,0.70,3.50,4.95,0.91,18.63,0.79,0.80,3.20,1.26,0.14,0.71,0.25,0.04,0.29
U:\GitHub\StudyLanguage\src\..\data\indiv_files_truncated\AIP_A_EN_corrected\661.txt,1,35,7,23,6,50,10,30,9,0.60,0.30,0.20,0.00,0.00,0.00,35,35,35.00,35.00,0.70,0.70,3.50,4.95,0.91,18.63,0.77,1.00,3.00,1.22,0.10,0.67,0.23,0.10,0.33
U:\GitHub\StudyLanguage\src\..\data\indiv_files_truncated\AIP_A_EN_corrected\610.txt,1,29,3,18,3,50,4,25,4,0.50,0.16,0.10,0.00,0.00,0.00,29,29,29.00,29.00,0.58,0.58,2.90,4.10,0.86,12.20,0.72,1.00,5.00,1.58,0.20,0.64,0.20,0.08,0.28
U:\GitHub\StudyLanguage\src\..\data\indiv_files_truncated\AIP_A_EN_corrected\654.txt,1,33,8,24,7,50,9,29,8,0.58,0.28,0.24,0.00,0.00,0.00,33,33,33.00,33.00,0.66,0.66,3.30,4.67,0.89,16.00,0.83,1.00,6.00,1.73,0.21,0.64,0.17,0.14,0.31
U:\GitHub\StudyLanguage\src\..\data\indiv_files_truncated\AIP_A_EN_corrected\794.txt,1,38,6,19,5,50,7,25,6,0.50,0.24,0.16,0.00,0.00,0.00,38,38,38.00,38.00,0.76,0.76,3.80,5.37,0.93,24.22,0.76,1.00,4.00,1.41,0.16,0.68,0.08,0.00,0.08
U:\GitHub\StudyLanguage\src\..\data\indiv_files_truncated\AIP_A_EN_corrected\602.txt,1,34,8,20,7,50,11,24,10,0.48,0.42,0.24,0.17,0.17,0.29,34,34,34.00,34.00,0.68,0.68,3.40,4.81,0.90,17.23,0.83,1.00,6.00,1.73,0.25,0.85,0.12,0.00,0.12
U:\GitHub\StudyLanguage\src\..\data\indiv_files_truncated\AIP_A_EN_corrected\647.txt,1,35,6,18,6,50,9,25,9,0.50,0.36,0.17,0.00,0.00,0.00,35,35,35.00,35.00,0.70,0.70,3.50,4.95,0.91,18.63,0.72,0.83,4.17,1.44,0.20,0.64,0.16,0.00,0.16
U:\GitHub\StudyLanguage\src\..\data\indiv_files_truncated\AIP_A_EN_corrected\531.txt,1,40,5,25,5,50,6,28,6,0.56,0.21,0.12,0.29,0.57,0.53,40,40,40.00,40.00,0.80,0.80,4.00,5.66,0.94,29.79,0.89,1.00,7.00,1.87,0.25,0.85,0.21,0.04,0.25
U:\GitHub\StudyLanguage\src\..\data\indiv_files_truncated\AIP_A_EN_corrected\521.txt,1,33,6,23,6,50,6,29,6,0.58,0.21,0.18,0.30,0.90,0.67,33,33,33.00,33.00,0.66,0.66,3.30,4.67,0.89,16.00,0.79,0.90,8.10,2.01,0.31,0.67,0.21,0.03,0.24
U:\GitHub\StudyLanguage\src\..\data\indiv_files_truncated\AIP_A_EN_corrected\749.txt,1,33,6,23,6,50,8,32,8,0.64,0.25,0.18,0.20,0.40,0.45,33,33,33.00,33.00,0.66,0.66,3.30,4.67,0.89,16.00,0.72,0.90,8.10,2.01,0.28,0.64,0.16,0.03,0.19
U:\GitHub\StudyLanguage\src\..\data\indiv_files_truncated\AIP_A_EN_corrected\913.txt,1,36,5,21,5,50,6,28,6,0.56,0.21,0.14,0.00,0.00,0.00,36,36,36.00,36.00,0.72,0.72,3.60,5.09,0.92,20.23,0.75,0.71,3.57,1.34,0.18,0.77,0.18,0.07,0.25
U:\GitHub\StudyLanguage\src\..\data\indiv_files_truncated\AIP_A_EN_corrected\773.txt,1,36,3,20,3,50,4,25,4,0.50,0.16,0.08,0.00,0.00,0.00,36,36,36.00,36.00,0.72,0.72,3.60,5.09,0.92,20.23,0.80,0.71,3.57,1.34,0.20,0.82,0.20,0.04,0.24
U:\GitHub\StudyLanguage\src\..\data\indiv_files_truncated\AIP_A_EN_corrected\849.txt,1,34,2,22,2,50,2,28,2,0.56,0.07,0.06,0.14,0.14,0.27,34,34,34.00,34.00,0.68,0.68,3.40,4.81,0.90,17.23,0.79,0.86,5.14,1.60,0.21,0.75,0.21,0.07,0.29
U:\GitHub\StudyLanguage\src\..\data\indiv_files_truncated\AIP_A_EN_corrected\885.txt,1,36,3,22,3,50,3,28,3,0.56,0.11,0.08,0.29,0.57,0.53,36,36,36.00,36.00,0.72,0.72,3.60,5.09,0.92,20.23,0.79,0.86,5.14,1.60,0.21,0.75,0.21,0.04,0.25
U:\GitHub\StudyLanguage\src\..\data\indiv_files_truncated\AIP_A_EN_corrected\785.txt,1,36,6,19,6,50,8,24,8,0.48,0.33,0.17,0.00,0.00,0.00,36,36,36.00,36.00,0.72,0.72,3.60,5.09,0.92,20.23,0.79,1.00,5.00,1.58,0.21,0.58,0.25,0.04,0.29
U:\GitHub\StudyLanguage\src\..\data\indiv_files_truncated\AIP_A_EN_corrected\525.txt,1,33,7,21,7,50,8,33,8,0.66,0.24,0.21,0.14,0.14,0.27,33,33,33.00,33.00,0.66,0.66,3.30,4.67,0.89,16.00,0.64,0.86,5.14,1.60,0.18,0.53,0.15,0.03,0.18
U:\GitHub\StudyLanguage\src\..\data\indiv_files_truncated\AIP_A_EN_corrected\520.txt,1,32,6,20,6,50,7,28,7,0.56,0.25,0.19,0.25,0.50,0.50,32,32,32.00,32.00,0.64,0.64,3.20,4.53,0.89,14.89,0.71,0.75,4.50,1.50,0.21,0.64,0.21,0.07,0.29
U:\GitHub\StudyLanguage\src\..\data\indiv_files_truncated\AIP_A_EN_corrected\846.txt,1,34,6,24,6,50,6,27,6,0.54,0.22,0.18,0.00,0.00,0.00,34,34,34.00,34.00,0.68,0.68,3.40,4.81,0.90,17.23,0.89,0.86,5.14,1.60,0.22,0.85,0.19,0.07,0.26
U:\GitHub\StudyLanguage\src\..\data\indiv_files_truncated\AIP_A_EN_corrected\697.txt,1,35,4,23,4,50,4,32,4,0.64,0.12,0.11,0.00,0.00,0.00,35,35,35.00,35.00,0.70,0.70,3.50,4.95,0.91,18.63,0.72,0.70,4.90,1.57,0.22,0.69,0.16,0.09,0.25
U:\GitHub\StudyLanguage\src\..\data\indiv_files_truncated\AIP_A_EN_corrected\656.txt,1,34,5,20,5,50,6,26,6,0.52,0.23,0.15,0.00,0.00,0.00,34,34,34.00,34.00,0.68,0.68,3.40,4.81,0.90,17.23,0.77,1.00,6.00,1.73,0.23,0.64,0.15,0.04,0.19
U:\GitHub\StudyLanguage\src\..\data\indiv_files_truncated\AIP_A_EN_corrected\689.txt,1,35,3,19,2,50,5,28,4,0.56,0.14,0.09,0.00,0.00,0.00,35,35,35.00,35.00,0.70,0.70,3.50,4.95,0.91,18.63,0.68,1.00,7.00,1.87,0.25,0.63,0.07,0.00,0.07
U:\GitHub\StudyLanguage\src\..\data\indiv_files_truncated\AIP_A_EN_corrected\519.txt,1,37,2,25,2,50,2,30,2,0.60,0.07,0.05,0.00,0.00,0.00,37,37,37.00,37.00,0.74,0.74,3.70,5.23,0.92,22.07,0.83,0.89,7.11,1.89,0.27,0.71,0.10,0.13,0.23
U:\GitHub\StudyLanguage\src\..\data\indiv_files_truncated\AIP_A_EN_corrected\730.txt,1,34,7,22,7,50,7,26,7,0.52,0.27,0.21,0.25,0.25,0.35,34,34,34.00,34.00,0.68,0.68,3.40,4.81,0.90,17.23,0.85,1.00,4.00,1.41,0.15,0.83,0.27,0.04,0.31
U:\GitHub\StudyLanguage\src\..\data\indiv_files_truncated\AIP_A_EN_corrected\801.txt,1,34,7,21,7,50,7,29,7,0.58,0.24,0.21,0.25,0.50,0.50,34,34,34.00,34.00,0.68,0.68,3.40,4.81,0.90,17.23,0.72,0.75,4.50,1.50,0.21,0.64,0.17,0.07,0.24
U:\GitHub\StudyLanguage\src\..\data\indiv_files_truncated\AIP_A_EN_corrected\868.txt,1,39,3,22,3,50,4,26,4,0.52,0.15,0.08,0.00,0.00,0.00,39,39,39.00,39.00,0.78,0.78,3.90,5.52,0.94,26.75,0.85,1.00,6.00,1.73,0.23,0.73,0.12,0.19,0.31
U:\GitHub\StudyLanguage\src\..\data\indiv_files_truncated\AIP_A_EN_corrected\819.txt,1,38,6,27,5,50,7,33,6,0.66,0.18,0.16,0.25,0.50,0.50,38,38,38.00,38.00,0.76,0.76,3.80,5.37,0.93,24.22,0.82,0.75,4.50,1.50,0.18,0.77,0.21,0.12,0.33
U:\GitHub\StudyLanguage\src\..\data\indiv_files_truncated\AIP_A_EN_corrected\563.txt,1,27,3,16,3,50,4,27,4,0.54,0.15,0.11,0.00,0.00,0.00,27,27,27.00,27.00,0.54,0.54,2.70,3.82,0.84,10.79,0.59,0.67,2.67,1.15,0.15,0.43,0.19,0.04,0.22
U:\GitHub\StudyLanguage\src\..\data\indiv_files_truncated\AIP_A_EN_corrected\516.txt,1,35,2,20,2,50,2,29,2,0.58,0.07,0.06,0.14,0.14,0.27,35,35,35.00,35.00,0.70,0.70,3.50,4.95,0.91,18.63,0.69,0.86,5.14,1.60,0.21,0.54,0.17,0.10,0.28
U:\GitHub\StudyLanguage\src\..\data\indiv_files_truncated\AIP_A_EN_corrected\882.txt,1,26,4,16,4,50,6,29,6,0.58,0.21,0.15,0.17,0.17,0.29,26,26,26.00,26.00,0.52,0.52,2.60,3.68,0.83,10.16,0.55,1.00,6.00,1.73,0.21,0.36,0.10,0.07,0.17
U:\GitHub\StudyLanguage\src\..\data\indiv_files_truncated\AIP_A_EN_corrected\643.txt,1,33,4,20,4,50,5,29,5,0.58,0.17,0.12,0.00,0.00,0.00,33,33,33.00,33.00,0.66,0.66,3.30,4.67,0.89,16.00,0.69,0.86,5.14,1.60,0.21,0.60,0.17,0.03,0.21
U:\GitHub\StudyLanguage\src\..\data\indiv_files_truncated\AIP_A_EN_corrected\889.txt,1,36,7,23,7,50,7,32,7,0.64,0.22,0.19,0.00,0.00,0.00,36,36,36.00,36.00,0.72,0.72,3.60,5.09,0.92,20.23,0.72,0.71,3.57,1.34,0.16,0.64,0.28,0.03,0.31
U:\GitHub\StudyLanguage\src\..\data\indiv_files_truncated\AIP_A_EN_corrected\612.txt,1,34,8,22,8,50,9,29,9,0.58,0.31,0.24,0.50,2.00,1.00,34,34,34.00,34.00,0.68,0.68,3.40,4.81,0.90,17.23,0.76,0.88,6.12,1.75,0.24,0.83,0.14,0.07,0.21
U:\GitHub\StudyLanguage\src\..\data\indiv_files_truncated\AIP_A_EN_corrected\622.txt,1,34,5,22,5,50,5,24,5,0.48,0.21,0.15,0.17,0.17,0.29,34,34,34.00,34.00,0.68,0.68,3.40,4.81,0.90,17.23,0.92,1.00,6.00,1.73,0.25,0.85,0.17,0.04,0.21
U:\GitHub\StudyLanguage\src\..\data\indiv_files_truncated\AIP_A_EN_corrected\566.txt,1,35,6,24,6,50,6,30,6,0.60,0.20,0.17,0.00,0.00,0.00,35,35,35.00,35.00,0.70,0.70,3.50,4.95,0.91,18.63,0.80,0.75,4.50,1.50,0.20,0.75,0.13,0.07,0.20
U:\GitHub\StudyLanguage\src\..\data\indiv_files_truncated\AIP_A_EN_corrected\831.txt,1,35,9,22,8,50,10,27,9,0.54,0.33,0.26,0.20,0.20,0.32,35,35,35.00,35.00,0.70,0.70,3.50,4.95,0.91,18.63,0.81,1.00,5.00,1.58,0.19,0.75,0.26,0.07,0.33
U:\GitHub\StudyLanguage\src\..\data\indiv_files_truncated\AIP_A_EN_corrected\570.txt,1,31,2,17,2,50,3,28,3,0.56,0.11,0.06,0.00,0.00,0.00,31,31,31.00,31.00,0.62,0.62,3.10,4.38,0.88,13.90,0.61,0.75,2.25,1.06,0.11,0.62,0.18,0.04,0.21
U:\GitHub\StudyLanguage\src\..\data\indiv_files_truncated\AIP_A_EN_corrected\791.txt,1,28,4,17,4,50,7,27,7,0.54,0.26,0.14,0.17,0.17,0.29,28,28,28.00,28.00,0.56,0.56,2.80,3.96,0.85,11.46,0.63,0.67,2.67,1.15,0.15,0.56,0.19,0.00,0.19
U:\GitHub\StudyLanguage\src\..\data\indiv_files_truncated\AIP_A_EN_corrected\677.txt,1,31,6,18,6,50,7,23,7,0.46,0.30,0.19,0.00,0.00,0.00,31,31,31.00,31.00,0.62,0.62,3.10,4.38,0.88,13.90,0.78,1.00,3.00,1.22,0.13,0.80,0.26,0.04,0.30
U:\GitHub\StudyLanguage\src\..\data\indiv_files_truncated\AIP_A_EN_corrected\742.txt,1,32,3,18,3,50,6,29,6,0.58,0.21,0.09,0.33,0.33,0.41,32,32,32.00,32.00,0.64,0.64,3.20,4.53,0.89,14.89,0.62,1.00,3.00,1.22,0.10,0.62,0.17,0.03,0.21
U:\GitHub\StudyLanguage\src\..\data\indiv_files_truncated\AIP_A_EN_corrected\734.txt,1,27,3,19,3,50,4,29,4,0.58,0.14,0.11,0.14,0.14,0.27,27,27,27.00,27.00,0.54,0.54,2.70,3.82,0.84,10.79,0.66,0.57,2.29,1.07,0.14,0.50,0.28,0.07,0.34
U:\GitHub\StudyLanguage\src\..\data\indiv_files_truncated\AIP_A_EN_corrected\756.txt,1,37,7,25,7,50,7,29,7,0.58,0.24,0.19,0.17,0.17,0.29,37,37,37.00,37.00,0.74,0.74,3.70,5.23,0.92,22.07,0.86,1.00,6.00,1.73,0.21,0.75,0.31,0.07,0.38
U:\GitHub\StudyLanguage\src\..\data\indiv_files_truncated\AIP_A_EN_corrected\896.txt,1,33,5,20,5,50,7,27,7,0.54,0.26,0.15,0.00,0.00,0.00,33,33,33.00,33.00,0.66,0.66,3.30,4.67,0.89,16.00,0.74,0.83,4.17,1.44,0.19,0.67,0.19,0.07,0.26
U:\GitHub\StudyLanguage\src\..\data\indiv_files_truncated\AIP_A_EN_corrected\591.txt,1,34,5,19,5,50,6,24,6,0.48,0.25,0.15,0.00,0.00,0.00,34,34,34.00,34.00,0.68,0.68,3.40,4.81,0.90,17.23,0.79,0.80,3.20,1.26,0.17,0.64,0.29,0.04,0.33
U:\GitHub\StudyLanguage\src\..\data\indiv_files_truncated\AIP_A_EN_corrected\848.txt,1,34,6,20,4,50,6,27,4,0.54,0.15,0.18,0.00,0.00,0.00,34,34,34.00,34.00,0.68,0.68,3.40,4.81,0.90,17.23,0.74,0.83,4.17,1.44,0.19,0.64,0.19,0.07,0.26
U:\GitHub\StudyLanguage\src\..\data\indiv_files_truncated\AIP_A_EN_corrected\745.txt,1,35,3,19,3,50,3,23,3,0.46,0.13,0.09,0.00,0.00,0.00,35,35,35.00,35.00,0.70,0.70,3.50,4.95,0.91,18.63,0.83,1.00,3.00,1.22,0.13,0.77,0.26,0.00,0.26
U:\GitHub\StudyLanguage\src\..\data\indiv_files_truncated\AIP_A_EN_corrected\914.txt,1,37,7,22,7,50,7,25,7,0.50,0.28,0.19,0.25,0.25,0.35,37,37,37.00,37.00,0.74,0.74,3.70,5.23,0.92,22.07,0.88,1.00,4.00,1.41,0.16,0.88,0.12,0.04,0.16
U:\GitHub\StudyLanguage\src\..\data\indiv_files_truncated\AIP_A_EN_corrected\845.txt,1,32,6,19,6,50,7,27,7,0.54,0.26,0.19,0.00,0.00,0.00,32,32,32.00,32.00,0.64,0.64,3.20,4.53,0.89,14.89,0.70,0.75,2.25,1.06,0.11,0.62,0.22,0.00,0.22
U:\GitHub\StudyLanguage\src\..\data\indiv_files_truncated\AIP_A_EN_corrected\804.txt,1,35,9,22,8,50,9,25,8,0.50,0.32,0.26,0.50,1.00,0.71,35,35,35.00,35.00,0.70,0.70,3.50,4.95,0.91,18.63,0.88,1.00,4.00,1.41,0.16,0.83,0.28,0.04,0.32
U:\GitHub\StudyLanguage\src\..\data\indiv_files_truncated\AIP_A_EN_corrected\736.txt,1,30,6,20,6,50,8,30,8,0.60,0.27,0.20,0.00,0.00,0.00,30,30,30.00,30.00,0.60,0.60,3.00,4.24,0.87,13.01,0.67,0.80,3.20,1.26,0.13,0.62,0.13,0.07,0.20
U:\GitHub\StudyLanguage\src\..\data\indiv_files_truncated\AIP_A_EN_corrected\712.txt,1,40,6,22,6,50,7,26,7,0.52,0.27,0.15,0.00,0.00,0.00,40,40,40.00,40.00,0.80,0.80,4.00,5.66,0.94,29.79,0.85,1.00,3.00,1.22,0.12,0.76,0.23,0.00,0.23
U:\GitHub\StudyLanguage\src\..\data\indiv_files_truncated\AIP_A_EN_corrected\565.txt,1,35,3,20,3,50,3,24,3,0.48,0.12,0.09,0.25,0.25,0.35,35,35,35.00,35.00,0.70,0.70,3.50,4.95,0.91,18.63,0.83,1.00,4.00,1.41,0.17,0.73,0.12,0.08,0.21
U:\GitHub\StudyLanguage\src\..\data\indiv_files_truncated\AIP_A_EN_corrected\625.txt,1,37,7,24,7,50,7,28,7,0.56,0.25,0.19,0.00,0.00,0.00,37,37,37.00,37.00,0.74,0.74,3.70,5.23,0.92,22.07,0.86,1.00,4.00,1.41,0.14,0.77,0.32,0.07,0.39
U:\GitHub\StudyLanguage\src\..\data\indiv_files_truncated\AIP_A_EN_corrected\901.txt,1,28,6,17,6,50,8,26,8,0.52,0.31,0.21,0.50,1.00,0.71,28,28,28.00,28.00,0.56,0.56,2.80,3.96,0.85,11.46,0.65,1.00,4.00,1.41,0.15,0.56,0.15,0.00,0.15
U:\GitHub\StudyLanguage\src\..\data\indiv_files_truncated\AIP_A_EN_corrected\733.txt,1,40,7,24,7,50,7,26,7,0.52,0.27,0.17,0.14,0.14,0.27,40,40,40.00,40.00,0.80,0.80,4.00,5.66,0.94,29.79,0.92,1.00,7.00,1.87,0.27,0.80,0.27,0.08,0.35
U:\GitHub\StudyLanguage\src\..\data\indiv_files_truncated\AIP_A_EN_corrected\522.txt,1,30,5,20,4,50,6,27,5,0.54,0.19,0.17,0.00,0.00,0.00,30,30,30.00,30.00,0.60,0.60,3.00,4.24,0.87,13.01,0.74,0.86,5.14,1.60,0.22,0.64,0.15,0.04,0.19
U:\GitHub\StudyLanguage\src\..\data\indiv_files_truncated\AIP_A_EN_corrected\590.txt,1,28,4,16,4,50,6,26,6,0.52,0.23,0.14,0.00,0.00,0.00,28,28,28.00,28.00,0.56,0.56,2.80,3.96,0.85,11.46,0.62,0.83,4.17,1.44,0.19,0.47,0.15,0.00,0.15
U:\GitHub\StudyLanguage\src\..\data\indiv_files_truncated\AIP_A_EN_corrected\779.txt,1,30,4,17,4,50,7,29,7,0.58,0.24,0.13,0.20,0.20,0.32,30,30,30.00,30.00,0.60,0.60,3.00,4.24,0.87,13.01,0.59,1.00,5.00,1.58,0.17,0.47,0.14,0.00,0.14
U:\GitHub\StudyLanguage\src\..\data\indiv_files_truncated\AIP_A_EN_corrected\632.txt,1,34,6,23,6,50,7,29,7,0.58,0.24,0.18,0.11,0.11,0.24,34,34,34.00,34.00,0.68,0.68,3.40,4.81,0.90,17.23,0.79,0.89,7.11,1.89,0.28,0.82,0.14,0.10,0.24
U:\GitHub\StudyLanguage\src\..\data\indiv_files_truncated\AIP_A_EN_corrected\653.txt,1,34,3,22,3,50,3,26,3,0.52,0.12,0.09,0.00,0.00,0.00,34,34,34.00,34.00,0.68,0.68,3.40,4.81,0.90,17.23,0.85,1.00,4.00,1.41,0.15,0.73,0.27,0.12,0.38
U:\GitHub\StudyLanguage\src\..\data\indiv_files_truncated\AIP_A_EN_corrected\678.txt,1,31,4,20,3,50,4,29,3,0.58,0.10,0.13,0.00,0.00,0.00,31,31,31.00,31.00,0.62,0.62,3.10,4.38,0.88,13.90,0.69,0.70,4.90,1.57,0.24,0.55,0.14,0.10,0.24
U:\GitHub\StudyLanguage\src\..\data\indiv_files_truncated\AIP_A_EN_corrected\790.txt,1,34,7,21,7,50,8,29,8,0.58,0.28,0.21,0.22,0.44,0.47,34,34,34.00,34.00,0.68,0.68,3.40,4.81,0.90,17.23,0.72,0.67,4.00,1.41,0.21,0.67,0.10,0.07,0.17
U:\GitHub\StudyLanguage\src\..\data\indiv_files_truncated\AIP_A_EN_corrected\754.txt,1,41,8,22,6,50,8,23,6,0.46,0.26,0.20,0.00,0.00,0.00,41,41,41.00,41.00,0.82,0.82,4.10,5.80,0.95,33.49,0.96,0.83,4.17,1.44,0.22,1.00,0.26,0.04,0.30
U:\GitHub\StudyLanguage\src\..\data\indiv_files_truncated\AIP_A_EN_corrected\688.txt,1,37,5,23,5,50,5,29,5,0.58,0.17,0.14,0.00,0.00,0.00,37,37,37.00,37.00,0.74,0.74,3.70,5.23,0.92,22.07,0.79,0.67,2.67,1.15,0.14,0.73,0.24,0.03,0.28
U:\GitHub\StudyLanguage\src\..\data\indiv_files_truncated\AIP_A_EN_corrected\615.txt,1,28,4,17,3,50,5,26,4,0.52,0.15,0.14,0.00,0.00,0.00,28,28,28.00,28.00,0.56,0.56,2.80,3.96,0.85,11.46,0.65,0.60,1.80,0.95,0.12,0.56,0.15,0.04,0.19
U:\GitHub\StudyLanguage\src\..\data\indiv_files_truncated\AIP_A_EN_corrected\759.txt,1,38,5,21,5,50,5,26,5,0.52,0.19,0.13,0.00,0.00,0.00,38,38,38.00,38.00,0.76,0.76,3.80,5.37,0.93,24.22,0.81,0.83,4.17,1.44,0.19,0.69,0.15,0.12,0.27
U:\GitHub\StudyLanguage\src\..\data\indiv_files_truncated\AIP_A_EN_corrected\753.txt,1,38,2,19,1,50,2,23,1,0.46,0.04,0.05,0.00,0.00,0.00,38,38,38.00,38.00,0.76,0.76,3.80,5.37,0.93,24.22,0.83,0.86,5.14,1.60,0.26,0.70,0.13,0.13,0.26
U:\GitHub\StudyLanguage\src\..\data\indiv_files_truncated\AIP_A_EN_corrected\910.txt,1,32,5,21,5,50,7,29,7,0.58,0.24,0.16,0.11,0.11,0.24,32,32,32.00,32.00,0.64,0.64,3.20,4.53,0.89,14.89,0.72,0.78,5.44,1.65,0.24,0.57,0.17,0.03,0.21
U:\GitHub\StudyLanguage\src\..\data\indiv_files_truncated\AIP_A_EN_corrected\814.txt,1,34,4,20,4,50,4,28,4,0.56,0.14,0.12,0.14,0.14,0.27,34,34,34.00,34.00,0.68,0.68,3.40,4.81,0.90,17.23,0.71,0.71,3.57,1.34,0.18,0.64,0.18,0.11,0.29
U:\GitHub\StudyLanguage\src\..\data\indiv_files_truncated\AIP_A_EN_corrected\673.txt,1,30,4,18,4,50,4,29,4,0.58,0.14,0.13,0.00,0.00,0.00,30,30,30.00,30.00,0.60,0.60,3.00,4.24,0.87,13.01,0.62,0.43,1.29,0.80,0.10,0.69,0.17,0.14,0.31
U:\GitHub\StudyLanguage\src\..\data\indiv_files_truncated\AIP_A_EN_corrected\581.txt,1,32,7,18,7,50,8,26,8,0.52,0.31,0.22,0.00,0.00,0.00,32,32,32.00,32.00,0.64,0.64,3.20,4.53,0.89,14.89,0.69,0.80,3.20,1.26,0.15,0.60,0.15,0.08,0.23
U:\GitHub\StudyLanguage\src\..\data\indiv_files_truncated\AIP_A_EN_corrected\720.txt,1,31,2,18,2,50,2,26,2,0.52,0.08,0.06,0.00,0.00,0.00,31,31,31.00,31.00,0.62,0.62,3.10,4.38,0.88,13.90,0.69,0.71,3.57,1.34,0.19,0.58,0.15,0.12,0.27
U:\GitHub\StudyLanguage\src\..\data\indiv_files_truncated\AIP_A_EN_corrected\574.txt,1,34,5,20,5,50,6,27,6,0.54,0.22,0.15,0.50,0.50,0.50,34,34,34.00,34.00,0.68,0.68,3.40,4.81,0.90,17.23,0.74,1.00,2.00,1.00,0.07,0.71,0.33,0.04,0.37
U:\GitHub\StudyLanguage\src\..\data\indiv_files_truncated\AIP_A_EN_corrected\532.txt,1,30,3,20,3,50,3,32,3,0.64,0.09,0.10,0.20,0.40,0.45,30,30,30.00,30.00,0.60,0.60,3.00,4.24,0.87,13.01,0.62,0.70,4.90,1.57,0.22,0.64,0.12,0.09,0.22
U:\GitHub\StudyLanguage\src\..\data\indiv_files_truncated\AIP_A_EN_corrected\818.txt,1,29,4,17,4,50,4,26,4,0.52,0.15,0.14,0.00,0.00,0.00,29,29,29.00,29.00,0.58,0.58,2.90,4.10,0.86,12.20,0.65,0.57,2.29,1.07,0.15,0.62,0.08,0.04,0.12
U:\GitHub\StudyLanguage\src\..\data\indiv_files_truncated\AIP_A_EN_corrected\786.txt,1,43,12,28,12,50,12,30,12,0.60,0.40,0.28,0.00,0.00,0.00,43,43,43.00,43.00,0.86,0.86,4.30,6.08,0.96,44.07,0.93,1.00,4.00,1.41,0.13,0.89,0.23,0.03,0.27
U:\GitHub\StudyLanguage\src\..\data\indiv_files_truncated\AIP_A_EN_corrected\842.txt,1,33,4,20,4,50,5,29,5,0.58,0.17,0.12,0.00,0.00,0.00,33,33,33.00,33.00,0.66,0.66,3.30,4.67,0.89,16.00,0.69,0.80,3.20,1.26,0.14,0.56,0.17,0.07,0.24
U:\GitHub\StudyLanguage\src\..\data\indiv_files_truncated\AIP_A_EN_corrected\740.txt,1,32,4,17,4,50,5,24,5,0.48,0.21,0.12,0.00,0.00,0.00,32,32,32.00,32.00,0.64,0.64,3.20,4.53,0.89,14.89,0.71,0.83,4.17,1.44,0.21,0.55,0.21,0.04,0.25
U:\GitHub\StudyLanguage\src\..\data\indiv_files_truncated\AIP_A_EN_corrected\571.txt,1,34,6,19,6,50,6,24,6,0.48,0.25,0.18,0.00,0.00,0.00,34,34,34.00,34.00,0.68,0.68,3.40,4.81,0.90,17.23,0.79,0.71,3.57,1.34,0.21,0.77,0.17,0.00,0.17
U:\GitHub\StudyLanguage\src\..\data\indiv_files_truncated\AIP_A_EN_corrected\886.txt,1,34,7,20,6,50,7,28,6,0.56,0.21,0.21,0.14,0.14,0.27,34,34,34.00,34.00,0.68,0.68,3.40,4.81,0.90,17.23,0.71,0.71,3.57,1.34,0.18,0.69,0.21,0.04,0.25
U:\GitHub\StudyLanguage\src\..\data\indiv_files_truncated\AIP_A_EN_corrected\665.txt,1,32,5,21,5,50,7,27,7,0.54,0.26,0.16,0.33,0.67,0.58,32,32,32.00,32.00,0.64,0.64,3.20,4.53,0.89,14.89,0.78,0.83,4.17,1.44,0.19,0.78,0.22,0.11,0.33
U:\GitHub\StudyLanguage\src\..\data\indiv_files_truncated\AIP_A_EN_corrected\674.txt,1,30,3,21,3,50,3,28,3,0.56,0.11,0.10,0.00,0.00,0.00,30,30,30.00,30.00,0.60,0.60,3.00,4.24,0.87,13.01,0.75,0.86,5.14,1.60,0.21,0.72,0.04,0.07,0.11
U:\GitHub\StudyLanguage\src\..\data\indiv_files_truncated\AIP_A_EN_corrected\906.txt,1,25,4,13,3,50,4,24,3,0.48,0.12,0.16,0.00,0.00,0.00,25,25,25.00,25.00,0.50,0.50,2.50,3.54,0.82,9.59,0.54,0.50,1.50,0.87,0.12,0.43,0.12,0.04,0.17
U:\GitHub\StudyLanguage\src\..\data\indiv_files_truncated\AIP_A_EN_corrected\847.txt,1,34,4,21,4,50,4,27,4,0.54,0.15,0.12,0.00,0.00,0.00,34,34,34.00,34.00,0.68,0.68,3.40,4.81,0.90,17.23,0.78,1.00,6.00,1.73,0.22,0.67,0.19,0.00,0.19
U:\GitHub\StudyLanguage\src\..\data\indiv_files_truncated\AIP_A_EN_corrected\890.txt,1,36,2,21,2,50,2,28,2,0.56,0.07,0.06,0.00,0.00,0.00,36,36,36.00,36.00,0.72,0.72,3.60,5.09,0.92,20.23,0.75,0.71,3.57,1.34,0.18,0.75,0.14,0.14,0.29
U:\GitHub\StudyLanguage\src\..\data\indiv_files_truncated\AIP_A_EN_corrected\854.txt,1,28,3,16,3,50,4,28,4,0.56,0.14,0.11,0.00,0.00,0.00,28,28,28.00,28.00,0.56,0.56,2.80,3.96,0.85,11.46,0.57,0.38,1.12,0.75,0.11,0.50,0.18,0.11,0.29
U:\GitHub\StudyLanguage\src\..\data\indiv_files_truncated\AIP_A_EN_corrected\881.txt,1,37,5,23,5,50,5,25,5,0.50,0.20,0.14,0.29,0.57,0.53,37,37,37.00,37.00,0.74,0.74,3.70,5.23,0.92,22.07,0.92,0.86,5.14,1.60,0.24,0.92,0.24,0.00,0.24
U:\GitHub\StudyLanguage\src\..\data\indiv_files_truncated\AIP_A_EN_corrected\732.txt,1,34,3,18,3,50,6,23,6,0.46,0.26,0.09,0.00,0.00,0.00,34,34,34.00,34.00,0.68,0.68,3.40,4.81,0.90,17.23,0.78,1.00,4.00,1.41,0.17,0.73,0.22,0.04,0.26
U:\GitHub\StudyLanguage\src\..\data\indiv_files_truncated\AIP_A_EN_corrected\902.txt,1,30,4,19,4,50,4,26,4,0.52,0.15,0.13,0.00,0.00,0.00,30,30,30.00,30.00,0.60,0.60,3.00,4.24,0.87,13.01,0.73,0.83,4.17,1.44,0.19,0.62,0.23,0.00,0.23
U:\GitHub\StudyLanguage\src\..\data\indiv_files_truncated\AIP_A_EN_corrected\907.txt,1,35,5,21,5,50,5,26,5,0.52,0.19,0.14,0.00,0.00,0.00,35,35,35.00,35.00,0.70,0.70,3.50,4.95,0.91,18.63,0.81,0.75,2.25,1.06,0.12,0.73,0.19,0.08,0.27
U:\GitHub\StudyLanguage\src\..\data\indiv_files_truncated\AIP_A_EN_corrected\862.txt,1,40,6,25,6,50,6,30,6,0.60,0.20,0.15,0.00,0.00,0.00,40,40,40.00,40.00,0.80,0.80,4.00,5.66,0.94,29.79,0.83,1.00,6.00,1.73,0.20,0.62,0.23,0.13,0.37
U:\GitHub\StudyLanguage\src\..\data\indiv_files_truncated\AIP_A_EN_corrected\762.txt,1,40,3,27,3,50,3,29,3,0.58,0.10,0.07,0.00,0.00,0.00,40,40,40.00,40.00,0.80,0.80,4.00,5.66,0.94,29.79,0.93,1.00,10.00,2.24,0.34,0.80,0.14,0.17,0.31
U:\GitHub\StudyLanguage\src\..\data\indiv_files_truncated\AIP_A_EN_corrected\909.txt,1,31,5,18,5,50,6,27,6,0.54,0.22,0.16,0.10,0.10,0.22,31,31,31.00,31.00,0.62,0.62,3.10,4.38,0.88,13.90,0.67,0.60,3.60,1.34,0.22,0.70,0.11,0.07,0.19
U:\GitHub\StudyLanguage\src\..\data\indiv_files_truncated\AIP_A_EN_corrected\715.txt,1,39,9,24,9,50,10,26,10,0.52,0.38,0.23,0.38,1.12,0.75,39,39,39.00,39.00,0.78,0.78,3.90,5.52,0.94,26.75,0.92,1.00,8.00,2.00,0.31,0.92,0.12,0.08,0.19
U:\GitHub\StudyLanguage\src\..\data\indiv_files_truncated\AIP_A_EN_corrected\884.txt,1,36,8,23,8,50,8,27,8,0.54,0.30,0.22,0.40,0.80,0.63,36,36,36.00,36.00,0.72,0.72,3.60,5.09,0.92,20.23,0.85,0.80,3.20,1.26,0.15,0.79,0.19,0.11,0.30
U:\GitHub\StudyLanguage\src\..\data\indiv_files_truncated\AIP_A_EN_corrected\709.txt,1,39,3,24,3,50,4,30,4,0.60,0.13,0.08,0.12,0.12,0.25,39,39,39.00,39.00,0.78,0.78,3.90,5.52,0.94,26.75,0.80,1.00,8.00,2.00,0.27,0.75,0.17,0.00,0.17
U:\GitHub\StudyLanguage\src\..\data\indiv_files_truncated\AIP_A_EN_corrected\800.txt,1,32,7,18,6,50,7,25,6,0.50,0.24,0.22,0.22,0.44,0.47,32,32,32.00,32.00,0.64,0.64,3.20,4.53,0.89,14.89,0.72,0.78,5.44,1.65,0.28,0.64,0.12,0.04,0.16
U:\GitHub\StudyLanguage\src\..\data\indiv_files_truncated\AIP_A_EN_corrected\628.txt,1,35,7,19,7,50,8,25,8,0.50,0.32,0.20,0.20,0.20,0.32,35,35,35.00,35.00,0.70,0.70,3.50,4.95,0.91,18.63,0.76,0.60,1.80,0.95,0.12,0.71,0.20,0.04,0.24
U:\GitHub\StudyLanguage\src\..\data\indiv_files_truncated\AIP_A_EN_corrected\871.txt,1,36,5,22,5,50,5,24,5,0.48,0.21,0.14,0.17,0.17,0.29,36,36,36.00,36.00,0.72,0.72,3.60,5.09,0.92,20.23,0.92,1.00,6.00,1.73,0.25,0.80,0.21,0.12,0.33
U:\GitHub\StudyLanguage\src\..\data\indiv_files_truncated\AIP_A_EN_corrected\700.txt,1,38,3,26,3,50,3,31,3,0.62,0.10,0.08,0.14,0.14,0.27,38,38,38.00,38.00,0.76,0.76,3.80,5.37,0.93,24.22,0.84,0.86,5.14,1.60,0.19,0.76,0.16,0.06,0.23
U:\GitHub\StudyLanguage\src\..\data\indiv_files_truncated\AIP_A_EN_corrected\594.txt,1,34,4,20,4,50,4,26,4,0.52,0.15,0.12,0.00,0.00,0.00,34,34,34.00,34.00,0.68,0.68,3.40,4.81,0.90,17.23,0.77,0.71,3.57,1.34,0.19,0.75,0.15,0.08,0.23
U:\GitHub\StudyLanguage\src\..\data\indiv_files_truncated\AIP_A_EN_corrected\510.txt,1,34,4,22,4,50,4,28,4,0.56,0.14,0.12,0.00,0.00,0.00,34,34,34.00,34.00,0.68,0.68,3.40,4.81,0.90,17.23,0.79,1.00,3.00,1.22,0.11,0.76,0.14,0.07,0.21
U:\GitHub\StudyLanguage\src\..\data\indiv_files_truncated\AIP_A_EN_corrected\611.txt,1,40,11,22,10,50,11,26,10,0.52,0.38,0.28,0.50,1.00,0.71,40,40,40.00,40.00,0.80,0.80,4.00,5.66,0.94,29.79,0.85,0.75,2.25,1.06,0.12,0.80,0.23,0.04,0.27
U:\GitHub\StudyLanguage\src\..\data\indiv_files_truncated\AIP_A_EN_corrected\687.txt,1,35,8,21,8,50,8,27,8,0.54,0.30,0.23,0.29,0.57,0.53,35,35,35.00,35.00,0.70,0.70,3.50,4.95,0.91,18.63,0.78,0.71,3.57,1.34,0.19,0.67,0.26,0.04,0.30
U:\GitHub\StudyLanguage\src\..\data\indiv_files_truncated\AIP_A_EN_corrected\527.txt,1,33,4,21,4,50,5,27,5,0.54,0.19,0.12,0.11,0.11,0.24,33,33,33.00,33.00,0.66,0.66,3.30,4.67,0.89,16.00,0.78,0.78,5.44,1.65,0.26,0.75,0.22,0.11,0.33
U:\GitHub\StudyLanguage\src\..\data\indiv_files_truncated\AIP_A_EN_corrected\660.txt,1,40,6,23,6,50,8,29,8,0.58,0.28,0.15,0.14,0.14,0.27,40,40,40.00,40.00,0.80,0.80,4.00,5.66,0.94,29.79,0.79,0.86,5.14,1.60,0.21,0.86,0.17,0.03,0.21
U:\GitHub\StudyLanguage\src\..\data\indiv_files_truncated\AIP_A_EN_corrected\576.txt,1,31,2,18,2,50,3,28,3,0.56,0.11,0.06,0.00,0.00,0.00,31,31,31.00,31.00,0.62,0.62,3.10,4.38,0.88,13.90,0.64,1.00,4.00,1.41,0.14,0.47,0.18,0.07,0.25
U:\GitHub\StudyLanguage\src\..\data\indiv_files_truncated\AIP_A_EN_corrected\775.txt,1,27,6,16,6,50,8,27,8,0.54,0.30,0.22,0.11,0.11,0.24,27,27,27.00,27.00,0.54,0.54,2.70,3.82,0.84,10.79,0.59,0.67,4.00,1.41,0.22,0.50,0.11,0.04,0.15
U:\GitHub\StudyLanguage\src\..\data\indiv_files_truncated\AIP_A_EN_corrected\838.txt,1,37,5,23,5,50,5,28,5,0.56,0.18,0.14,0.00,0.00,0.00,37,37,37.00,37.00,0.74,0.74,3.70,5.23,0.92,22.07,0.82,0.86,5.14,1.60,0.21,0.70,0.29,0.07,0.36
U:\GitHub\StudyLanguage\src\..\data\indiv_files_truncated\AIP_A_EN_corrected\675.txt,1,33,3,17,3,50,4,25,4,0.50,0.16,0.09,0.00,0.00,0.00,33,33,33.00,33.00,0.66,0.66,3.30,4.67,0.89,16.00,0.68,0.75,4.50,1.50,0.24,0.64,0.08,0.00,0.08
U:\GitHub\StudyLanguage\src\..\data\indiv_files_truncated\AIP_A_EN_corrected\551.txt,1,37,10,26,10,50,10,29,10,0.58,0.34,0.27,0.25,0.50,0.50,37,37,37.00,37.00,0.74,0.74,3.70,5.23,0.92,22.07,0.90,0.88,6.12,1.75,0.24,0.92,0.17,0.10,0.28
U:\GitHub\StudyLanguage\src\..\data\indiv_files_truncated\AIP_A_EN_corrected\820.txt,1,36,3,19,3,50,3,27,3,0.54,0.11,0.08,0.00,0.00,0.00,36,36,36.00,36.00,0.72,0.72,3.60,5.09,0.92,20.23,0.70,0.67,1.33,0.82,0.07,0.65,0.19,0.04,0.22
U:\GitHub\StudyLanguage\src\..\data\indiv_files_truncated\AIP_A_EN_corrected\797.txt,1,33,11,22,11,50,13,31,13,0.62,0.42,0.33,0.20,0.40,0.45,33,33,33.00,33.00,0.66,0.66,3.30,4.67,0.89,16.00,0.71,0.70,4.90,1.57,0.23,0.75,0.06,0.06,0.13
U:\GitHub\StudyLanguage\src\..\data\indiv_files_truncated\AIP_A_EN_corrected\596.txt,1,36,6,23,6,50,6,27,6,0.54,0.22,0.17,0.00,0.00,0.00,36,36,36.00,36.00,0.72,0.72,3.60,5.09,0.92,20.23,0.85,0.80,3.20,1.26,0.15,0.79,0.26,0.04,0.30
U:\GitHub\StudyLanguage\src\..\data\indiv_files_truncated\AIP_A_EN_corrected\878.txt,1,37,5,23,5,50,5,26,5,0.52,0.19,0.14,0.00,0.00,0.00,37,37,37.00,37.00,0.74,0.74,3.70,5.23,0.92,22.07,0.88,1.00,4.00,1.41,0.15,0.77,0.27,0.08,0.35
U:\GitHub\StudyLanguage\src\..\data\indiv_files_truncated\AIP_A_EN_corrected\706.txt,1,31,4,19,4,50,4,27,4,0.54,0.15,0.13,0.00,0.00,0.00,31,31,31.00,31.00,0.62,0.62,3.10,4.38,0.88,13.90,0.70,0.67,2.67,1.15,0.15,0.67,0.11,0.07,0.19
U:\GitHub\StudyLanguage\src\..\data\indiv_files_truncated\AIP_A_EN_corrected\809.txt,1,34,4,21,4,50,4,25,4,0.50,0.16,0.12,0.17,0.17,0.29,34,34,34.00,34.00,0.68,0.68,3.40,4.81,0.90,17.23,0.84,1.00,6.00,1.73,0.24,0.73,0.16,0.00,0.16
U:\GitHub\StudyLanguage\src\..\data\indiv_files_truncated\AIP_A_EN_corrected\724.txt,1,35,4,21,4,50,5,25,5,0.50,0.20,0.11,0.17,0.17,0.29,35,35,35.00,35.00,0.70,0.70,3.50,4.95,0.91,18.63,0.84,1.00,6.00,1.73,0.24,0.79,0.16,0.04,0.20
U:\GitHub\StudyLanguage\src\..\data\indiv_files_truncated\AIP_A_EN_corrected\874.txt,1,39,8,23,7,50,9,28,8,0.56,0.29,0.21,0.00,0.00,0.00,39,39,39.00,39.00,0.78,0.78,3.90,5.52,0.94,26.75,0.82,0.78,5.44,1.65,0.25,0.82,0.21,0.04,0.25
U:\GitHub\StudyLanguage\src\..\data\indiv_files_truncated\AIP_A_EN_corrected\561.txt,1,31,4,22,4,50,5,32,5,0.64,0.16,0.13,0.00,0.00,0.00,31,31,31.00,31.00,0.62,0.62,3.10,4.38,0.88,13.90,0.69,0.56,2.78,1.18,0.16,0.88,0.22,0.12,0.34
U:\GitHub\StudyLanguage\src\..\data\indiv_files_truncated\AIP_A_EN_corrected\735.txt,1,37,4,21,4,50,4,27,4,0.54,0.15,0.11,0.25,0.25,0.35,37,37,37.00,37.00,0.74,0.74,3.70,5.23,0.92,22.07,0.78,1.00,4.00,1.41,0.15,0.69,0.15,0.11,0.26
U:\GitHub\StudyLanguage\src\..\data\indiv_files_truncated\AIP_A_EN_corrected\796.txt,1,28,5,18,5,50,8,28,8,0.56,0.29,0.18,0.20,0.20,0.32,28,28,28.00,28.00,0.56,0.56,2.80,3.96,0.85,11.46,0.64,0.60,1.80,0.95,0.11,0.67,0.18,0.07,0.25
U:\GitHub\StudyLanguage\src\..\data\indiv_files_truncated\AIP_A_EN_corrected\605.txt,1,25,4,16,4,50,8,26,8,0.52,0.31,0.16,0.00,0.00,0.00,25,25,25.00,25.00,0.50,0.50,2.50,3.54,0.82,9.59,0.62,0.71,3.57,1.34,0.19,0.50,0.12,0.08,0.19
U:\GitHub\StudyLanguage\src\..\data\indiv_files_truncated\AIP_A_EN_corrected\739.txt,1,39,7,22,7,50,10,27,10,0.54,0.37,0.18,0.33,0.33,0.41,39,39,39.00,39.00,0.78,0.78,3.90,5.52,0.94,26.75,0.81,1.00,3.00,1.22,0.11,0.77,0.22,0.11,0.33
U:\GitHub\StudyLanguage\src\..\data\indiv_files_truncated\AIP_A_EN_corrected\760.txt,1,34,5,18,5,50,6,26,6,0.52,0.23,0.15,0.29,0.57,0.53,34,34,34.00,34.00,0.68,0.68,3.40,4.81,0.90,17.23,0.69,0.57,2.29,1.07,0.15,0.64,0.15,0.04,0.19
U:\GitHub\StudyLanguage\src\..\data\indiv_files_truncated\AIP_A_EN_corrected\860.txt,1,23,2,13,2,50,3,23,3,0.46,0.13,0.09,0.00,0.00,0.00,23,23,23.00,23.00,0.46,0.46,2.30,3.25,0.80,8.56,0.57,0.50,2.00,1.00,0.17,0.56,0.17,0.00,0.17
U:\GitHub\StudyLanguage\src\..\data\indiv_files_truncated\AIP_A_EN_corrected\816.txt,1,37,5,20,5,50,6,25,6,0.50,0.24,0.14,0.00,0.00,0.00,37,37,37.00,37.00,0.74,0.74,3.70,5.23,0.92,22.07,0.80,0.71,3.57,1.34,0.20,0.77,0.20,0.00,0.20
U:\GitHub\StudyLanguage\src\..\data\indiv_files_truncated\AIP_A_EN_corrected\824.txt,1,35,9,23,9,50,10,29,10,0.58,0.34,0.26,0.33,0.67,0.58,35,35,35.00,35.00,0.70,0.70,3.50,4.95,0.91,18.63,0.79,1.00,6.00,1.73,0.21,0.71,0.28,0.00,0.28
U:\GitHub\StudyLanguage\src\..\data\indiv_files_truncated\AIP_A_EN_corrected\578.txt,1,33,5,18,5,50,7,26,7,0.52,0.27,0.15,0.00,0.00,0.00,33,33,33.00,33.00,0.66,0.66,3.30,4.67,0.89,16.00,0.69,1.00,3.00,1.22,0.12,0.58,0.15,0.15,0.31
U:\GitHub\StudyLanguage\src\..\data\indiv_files_truncated\AIP_A_EN_corrected\711.txt,1,45,7,28,7,50,7,29,7,0.58,0.24,0.16,0.00,0.00,0.00,45,45,45.00,45.00,0.90,0.90,4.50,6.36,0.97,63.08,0.97,1.00,9.00,2.12,0.31,0.92,0.17,0.07,0.24
U:\GitHub\StudyLanguage\src\..\data\indiv_files_truncated\AIP_A_EN_corrected\633.txt,1,42,6,24,6,50,6,27,6,0.54,0.22,0.14,0.14,0.14,0.27,42,42,42.00,42.00,0.84,0.84,4.20,5.94,0.96,38.12,0.89,1.00,7.00,1.87,0.26,0.86,0.11,0.07,0.19
U:\GitHub\StudyLanguage\src\..\data\indiv_files_truncated\AIP_A_EN_corrected\757.txt,1,36,8,23,7,50,8,28,7,0.56,0.25,0.22,0.25,0.25,0.35,36,36,36.00,36.00,0.72,0.72,3.60,5.09,0.92,20.23,0.82,1.00,4.00,1.41,0.14,0.81,0.14,0.11,0.25
U:\GitHub\StudyLanguage\src\..\data\indiv_files_truncated\AIP_A_EN_corrected\752.txt,1,33,4,21,4,50,4,30,4,0.60,0.13,0.12,0.00,0.00,0.00,33,33,33.00,33.00,0.66,0.66,3.30,4.67,0.89,16.00,0.70,0.67,2.67,1.15,0.13,0.63,0.13,0.03,0.17
U:\GitHub\StudyLanguage\src\..\data\indiv_files_truncated\AIP_A_EN_corrected\899.txt,1,37,5,20,4,50,6,24,4,0.48,0.17,0.14,0.00,0.00,0.00,37,37,37.00,37.00,0.74,0.74,3.70,5.23,0.92,22.07,0.83,0.86,5.14,1.60,0.25,0.75,0.08,0.12,0.21
U:\GitHub\StudyLanguage\src\..\data\indiv_files_truncated\AIP_A_EN_corrected\513.txt,1,30,1,14,1,50,2,22,2,0.44,0.09,0.03,0.12,0.12,0.25,30,30,30.00,30.00,0.60,0.60,3.00,4.24,0.87,13.01,0.64,0.75,4.50,1.50,0.27,0.50,0.05,0.05,0.09
U:\GitHub\StudyLanguage\src\..\data\indiv_files_truncated\AIP_A_EN_corrected\639.txt,1,36,8,22,8,50,9,25,9,0.50,0.36,0.22,0.00,0.00,0.00,36,36,36.00,36.00,0.72,0.72,3.60,5.09,0.92,20.23,0.88,0.80,3.20,1.26,0.16,0.83,0.24,0.08,0.32
U:\GitHub\StudyLanguage\src\..\data\indiv_files_truncated\AIP_A_EN_corrected\826.txt,1,34,4,21,4,50,5,29,5,0.58,0.17,0.12,0.25,0.25,0.35,34,34,34.00,34.00,0.68,0.68,3.40,4.81,0.90,17.23,0.72,1.00,4.00,1.41,0.14,0.63,0.14,0.03,0.17
U:\GitHub\StudyLanguage\src\..\data\indiv_files_truncated\AIP_A_EN_corrected\922.txt,1,30,6,20,6,50,8,29,8,0.58,0.28,0.20,0.00,0.00,0.00,30,30,30.00,30.00,0.60,0.60,3.00,4.24,0.87,13.01,0.69,1.00,2.00,1.00,0.07,0.62,0.24,0.14,0.38
U:\GitHub\StudyLanguage\src\..\data\indiv_files_truncated\AIP_A_EN_corrected\595.txt,1,34,5,19,5,50,6,27,6,0.54,0.22,0.15,0.29,0.57,0.53,34,34,34.00,34.00,0.68,0.68,3.40,4.81,0.90,17.23,0.70,0.71,3.57,1.34,0.19,0.50,0.22,0.11,0.33
U:\GitHub\StudyLanguage\src\..\data\indiv_files_truncated\AIP_A_EN_corrected\795.txt,1,35,7,21,7,50,8,27,8,0.54,0.30,0.20,0.00,0.00,0.00,35,35,35.00,35.00,0.70,0.70,3.50,4.95,0.91,18.63,0.78,0.75,2.25,1.06,0.11,0.71,0.22,0.07,0.30
U:\GitHub\StudyLanguage\src\..\data\indiv_files_truncated\AIP_A_EN_corrected\599.txt,1,27,2,16,2,50,3,26,3,0.52,0.12,0.07,0.00,0.00,0.00,27,27,27.00,27.00,0.54,0.54,2.70,3.82,0.84,10.79,0.62,0.60,1.80,0.95,0.12,0.62,0.19,0.04,0.23
U:\GitHub\StudyLanguage\src\..\data\indiv_files_truncated\AIP_A_EN_corrected\905.txt,1,36,1,19,1,50,1,22,1,0.44,0.05,0.03,0.00,0.00,0.00,36,36,36.00,36.00,0.72,0.72,3.60,5.09,0.92,20.23,0.86,1.00,5.00,1.58,0.23,0.80,0.23,0.05,0.27
U:\GitHub\StudyLanguage\src\..\data\indiv_files_truncated\AIP_A_EN_corrected\763.txt,1,43,6,28,6,50,7,31,7,0.62,0.23,0.14,0.12,0.12,0.25,43,43,43.00,43.00,0.86,0.86,4.30,6.08,0.96,44.07,0.90,1.00,8.00,2.00,0.26,0.85,0.13,0.16,0.29
U:\GitHub\StudyLanguage\src\..\data\indiv_files_truncated\AIP_A_EN_corrected\505.txt,1,32,4,20,4,50,4,24,4,0.48,0.17,0.12,0.00,0.00,0.00,32,32,32.00,32.00,0.64,0.64,3.20,4.53,0.89,14.89,0.83,1.00,3.00,1.22,0.12,0.71,0.29,0.00,0.29
U:\GitHub\StudyLanguage\src\..\data\indiv_files_truncated\AIP_A_EN_corrected\821.txt,1,31,5,18,4,50,5,25,4,0.50,0.16,0.16,0.22,0.44,0.47,31,31,31.00,31.00,0.62,0.62,3.10,4.38,0.88,13.90,0.72,0.78,5.44,1.65,0.28,0.50,0.20,0.04,0.24
U:\GitHub\StudyLanguage\src\..\data\indiv_files_truncated\AIP_A_EN_corrected\784.txt,1,34,4,17,4,50,4,24,4,0.48,0.17,0.12,0.00,0.00,0.00,34,34,34.00,34.00,0.68,0.68,3.40,4.81,0.90,17.23,0.71,0.62,3.12,1.25,0.21,0.73,0.12,0.04,0.17
U:\GitHub\StudyLanguage\src\..\data\indiv_files_truncated\AIP_A_EN_corrected\558.txt,1,31,4,15,3,50,7,21,5,0.42,0.24,0.13,0.00,0.00,0.00,31,31,31.00,31.00,0.62,0.62,3.10,4.38,0.88,13.90,0.71,0.86,5.14,1.60,0.29,0.56,0.14,0.05,0.19
U:\GitHub\StudyLanguage\src\..\data\indiv_files_truncated\AIP_A_EN_corrected\533.txt,1,38,5,21,5,50,5,24,5,0.48,0.21,0.13,0.00,0.00,0.00,38,38,38.00,38.00,0.76,0.76,3.80,5.37,0.93,24.22,0.88,0.75,4.50,1.50,0.25,0.83,0.25,0.17,0.42
U:\GitHub\StudyLanguage\src\..\data\indiv_files_truncated\AIP_A_EN_corrected\583.txt,1,32,6,22,6,50,9,28,9,0.56,0.32,0.19,0.00,0.00,0.00,32,32,32.00,32.00,0.64,0.64,3.20,4.53,0.89,14.89,0.79,1.00,4.00,1.41,0.14,0.73,0.14,0.11,0.25
U:\GitHub\StudyLanguage\src\..\data\indiv_files_truncated\AIP_A_EN_corrected\692.txt,1,36,3,22,3,50,3,29,3,0.58,0.10,0.08,0.11,0.11,0.24,36,36,36.00,36.00,0.72,0.72,3.60,5.09,0.92,20.23,0.76,0.89,7.11,1.89,0.28,0.57,0.21,0.00,0.21
U:\GitHub\StudyLanguage\src\..\data\indiv_files_truncated\AIP_A_EN_corrected\811.txt,1,28,6,17,5,50,6,25,5,0.50,0.20,0.21,0.17,0.17,0.29,28,28,28.00,28.00,0.56,0.56,2.80,3.96,0.85,11.46,0.68,0.67,2.67,1.15,0.16,0.60,0.12,0.04,0.16
U:\GitHub\StudyLanguage\src\..\data\indiv_files_truncated\AIP_A_EN_corrected\917.txt,1,32,4,16,4,50,7,22,7,0.44,0.32,0.12,0.00,0.00,0.00,32,32,32.00,32.00,0.64,0.64,3.20,4.53,0.89,14.89,0.73,1.00,3.00,1.22,0.14,0.67,0.09,0.05,0.14
U:\GitHub\StudyLanguage\src\..\data\indiv_files_truncated\AIP_A_EN_corrected\582.txt,1,33,6,18,5,50,11,22,8,0.44,0.36,0.18,0.00,0.00,0.00,33,33,33.00,33.00,0.66,0.66,3.30,4.67,0.89,16.00,0.82,0.75,2.25,1.06,0.14,0.90,0.23,0.05,0.27
U:\GitHub\StudyLanguage\src\..\data\indiv_files_truncated\AIP_A_EN_corrected\683.txt,1,34,6,23,6,50,7,29,7,0.58,0.24,0.18,0.12,0.12,0.25,34,34,34.00,34.00,0.68,0.68,3.40,4.81,0.90,17.23,0.79,0.75,4.50,1.50,0.21,0.70,0.14,0.21,0.34
U:\GitHub\StudyLanguage\src\..\data\indiv_files_truncated\AIP_A_EN_corrected\555.txt,1,40,6,22,6,50,6,27,6,0.54,0.22,0.15,0.00,0.00,0.00,40,40,40.00,40.00,0.80,0.80,4.00,5.66,0.94,29.79,0.81,0.80,3.20,1.26,0.15,0.67,0.26,0.11,0.37
U:\GitHub\StudyLanguage\src\..\data\indiv_files_truncated\AIP_A_EN_corrected\652.txt,1,38,2,21,2,50,2,27,2,0.54,0.07,0.05,0.00,0.00,0.00,38,38,38.00,38.00,0.76,0.76,3.80,5.37,0.93,24.22,0.78,0.86,5.14,1.60,0.22,0.75,0.15,0.07,0.22
U:\GitHub\StudyLanguage\src\..\data\indiv_files_truncated\AIP_A_EN_corrected\748.txt,1,36,7,22,7,50,7,26,7,0.52,0.27,0.19,0.14,0.14,0.27,36,36,36.00,36.00,0.72,0.72,3.60,5.09,0.92,20.23,0.85,0.86,5.14,1.60,0.23,0.75,0.19,0.08,0.27
U:\GitHub\StudyLanguage\src\..\data\indiv_files_truncated\AIP_A_EN_corrected\549.txt,1,36,4,24,4,50,4,28,4,0.56,0.14,0.11,0.12,0.12,0.25,36,36,36.00,36.00,0.72,0.72,3.60,5.09,0.92,20.23,0.86,0.88,6.12,1.75,0.25,0.91,0.18,0.07,0.25
U:\GitHub\StudyLanguage\src\..\data\indiv_files_truncated\AIP_A_EN_corrected\552.txt,1,36,4,24,4,50,6,29,6,0.58,0.21,0.11,0.00,0.00,0.00,36,36,36.00,36.00,0.72,0.72,3.60,5.09,0.92,20.23,0.83,1.00,5.00,1.58,0.17,0.86,0.21,0.07,0.28
U:\GitHub\StudyLanguage\src\..\data\indiv_files_truncated\AIP_A_EN_corrected\511.txt,1,38,7,24,7,50,7,27,7,0.54,0.26,0.18,0.11,0.11,0.24,38,38,38.00,38.00,0.76,0.76,3.80,5.37,0.93,24.22,0.89,0.89,7.11,1.89,0.30,0.85,0.15,0.04,0.19
U:\GitHub\StudyLanguage\src\..\data\indiv_files_truncated\AIP_A_EN_corrected\676.txt,1,39,5,24,5,50,5,30,5,0.60,0.17,0.13,0.29,0.57,0.53,39,39,39.00,39.00,0.78,0.78,3.90,5.52,0.94,26.75,0.80,1.00,7.00,1.87,0.23,0.64,0.10,0.17,0.27
U:\GitHub\StudyLanguage\src\..\data\indiv_files_truncated\AIP_A_EN_corrected\698.txt,1,36,9,25,9,50,9,30,9,0.60,0.30,0.25,0.00,0.00,0.00,36,36,36.00,36.00,0.72,0.72,3.60,5.09,0.92,20.23,0.83,0.75,2.25,1.06,0.10,0.78,0.23,0.03,0.27
U:\GitHub\StudyLanguage\src\..\data\indiv_files_truncated\AIP_A_EN_corrected\659.txt,1,36,9,23,8,50,10,28,9,0.56,0.32,0.25,0.00,0.00,0.00,36,36,36.00,36.00,0.72,0.72,3.60,5.09,0.92,20.23,0.82,1.00,4.00,1.41,0.14,0.76,0.18,0.04,0.21
U:\GitHub\StudyLanguage\src\..\data\indiv_files_truncated\AIP_A_EN_corrected\891.txt,1,31,3,19,3,50,4,27,4,0.54,0.15,0.10,0.11,0.11,0.24,31,31,31.00,31.00,0.62,0.62,3.10,4.38,0.88,13.90,0.70,1.00,9.00,2.12,0.33,0.45,0.15,0.04,0.19
U:\GitHub\StudyLanguage\src\..\data\indiv_files_truncated\AIP_A_EN_corrected\721.txt,1,38,6,25,6,50,6,29,6,0.58,0.21,0.16,0.00,0.00,0.00,38,38,38.00,38.00,0.76,0.76,3.80,5.37,0.93,24.22,0.86,0.67,2.67,1.15,0.14,0.82,0.31,0.10,0.41
U:\GitHub\StudyLanguage\src\..\data\indiv_files_truncated\AIP_A_EN_corrected\691.txt,1,31,4,15,4,50,8,23,8,0.46,0.35,0.13,0.00,0.00,0.00,31,31,31.00,31.00,0.62,0.62,3.10,4.38,0.88,13.90,0.65,1.00,3.00,1.22,0.13,0.64,0.17,0.00,0.17
U:\GitHub\StudyLanguage\src\..\data\indiv_files_truncated\AIP_A_EN_corrected\644.txt,1,35,5,18,5,50,7,29,7,0.58,0.24,0.14,0.00,0.00,0.00,35,35,35.00,35.00,0.70,0.70,3.50,4.95,0.91,18.63,0.62,1.00,5.00,1.58,0.17,0.55,0.14,0.10,0.24
U:\GitHub\StudyLanguage\src\..\data\indiv_files_truncated\AIP_A_EN_corrected\682.txt,1,31,3,20,3,50,3,29,3,0.58,0.10,0.10,0.14,0.14,0.27,31,31,31.00,31.00,0.62,0.62,3.10,4.38,0.88,13.90,0.69,0.57,2.29,1.07,0.14,0.64,0.28,0.03,0.31
U:\GitHub\StudyLanguage\src\..\data\indiv_files_truncated\AIP_A_EN_corrected\616.txt,1,30,4,19,4,50,4,26,4,0.52,0.15,0.13,0.00,0.00,0.00,30,30,30.00,30.00,0.60,0.60,3.00,4.24,0.87,13.01,0.73,0.67,1.33,0.82,0.08,0.73,0.27,0.08,0.35
U:\GitHub\StudyLanguage\src\..\data\indiv_files_truncated\AIP_A_EN_corrected\529.txt,1,36,5,22,5,50,5,24,5,0.48,0.21,0.14,0.40,0.80,0.63,36,36,36.00,36.00,0.72,0.72,3.60,5.09,0.92,20.23,0.92,0.80,3.20,1.26,0.17,1.00,0.21,0.21,0.42
U:\GitHub\StudyLanguage\src\..\data\indiv_files_truncated\AIP_A_EN_corrected\850.txt,1,37,3,19,3,50,3,26,3,0.52,0.12,0.08,0.00,0.00,0.00,37,37,37.00,37.00,0.74,0.74,3.70,5.23,0.92,22.07,0.73,0.80,3.20,1.26,0.15,0.79,0.15,0.04,0.19
U:\GitHub\StudyLanguage\src\..\data\indiv_files_truncated\AIP_A_EN_corrected\908.txt,1,35,5,22,5,50,5,26,5,0.52,0.19,0.14,0.00,0.00,0.00,35,35,35.00,35.00,0.70,0.70,3.50,4.95,0.91,18.63,0.85,1.00,7.00,1.87,0.27,0.71,0.15,0.04,0.19
U:\GitHub\StudyLanguage\src\..\data\indiv_files_truncated\AIP_A_EN_corrected\799.txt,1,32,3,17,3,50,5,29,5,0.58,0.17,0.09,0.00,0.00,0.00,32,32,32.00,32.00,0.64,0.64,3.20,4.53,0.89,14.89,0.59,0.50,1.50,0.87,0.10,0.47,0.24,0.03,0.28
U:\GitHub\StudyLanguage\src\..\data\indiv_files_truncated\AIP_A_EN_corrected\918.txt,1,35,6,20,6,50,6,25,6,0.50,0.24,0.17,0.00,0.00,0.00,35,35,35.00,35.00,0.70,0.70,3.50,4.95,0.91,18.63,0.80,1.00,4.00,1.41,0.16,0.69,0.20,0.12,0.32
U:\GitHub\StudyLanguage\src\..\data\indiv_files_truncated\AIP_A_EN_corrected\609.txt,1,36,6,19,5,50,6,25,5,0.50,0.20,0.17,0.00,0.00,0.00,36,36,36.00,36.00,0.72,0.72,3.60,5.09,0.92,20.23,0.76,0.67,1.33,0.82,0.08,0.58,0.28,0.12,0.40
U:\GitHub\StudyLanguage\src\..\data\indiv_files_truncated\AIP_A_EN_corrected\813.txt,1,35,4,23,4,50,4,29,4,0.58,0.14,0.11,0.00,0.00,0.00,35,35,35.00,35.00,0.70,0.70,3.50,4.95,0.91,18.63,0.79,0.83,4.17,1.44,0.17,0.79,0.10,0.00,0.10
U:\GitHub\StudyLanguage\src\..\data\indiv_files_truncated\AIP_A_EN_corrected\772.txt,1,37,7,24,7,50,8,28,8,0.56,0.29,0.19,0.20,0.20,0.32,37,37,37.00,37.00,0.74,0.74,3.70,5.23,0.92,22.07,0.86,1.00,5.00,1.58,0.18,0.85,0.25,0.04,0.29
U:\GitHub\StudyLanguage\src\..\data\indiv_files_truncated\AIP_A_EN_corrected\776.txt,1,34,6,20,6,50,9,26,8,0.52,0.31,0.18,0.00,0.00,0.00,34,34,34.00,34.00,0.68,0.68,3.40,4.81,0.90,17.23,0.77,1.00,3.00,1.22,0.12,0.67,0.15,0.12,0.27
U:\GitHub\StudyLanguage\src\..\data\indiv_files_truncated\AIP_A_EN_corrected\623.txt,1,30,4,19,4,50,4,27,4,0.54,0.15,0.13,0.10,0.10,0.22,30,30,30.00,30.00,0.60,0.60,3.00,4.24,0.87,13.01,0.70,0.70,4.90,1.57,0.26,0.62,0.07,0.07,0.15
U:\GitHub\StudyLanguage\src\..\data\indiv_files_truncated\AIP_A_EN_corrected\823.txt,1,35,2,20,2,50,2,26,2,0.52,0.08,0.06,0.00,0.00,0.00,35,35,35.00,35.00,0.70,0.70,3.50,4.95,0.91,18.63,0.77,0.88,6.12,1.75,0.27,0.82,0.12,0.08,0.19
U:\GitHub\StudyLanguage\src\..\data\indiv_files_truncated\AIP_A_EN_corrected\802.txt,1,39,6,24,6,50,7,26,7,0.52,0.27,0.15,0.00,0.00,0.00,39,39,39.00,39.00,0.78,0.78,3.90,5.52,0.94,26.75,0.92,1.00,6.00,1.73,0.23,0.92,0.19,0.04,0.23
U:\GitHub\StudyLanguage\src\..\data\indiv_files_truncated\AIP_A_EN_corrected\861.txt,1,39,10,23,9,50,10,27,9,0.54,0.33,0.26,0.00,0.00,0.00,39,39,39.00,39.00,0.78,0.78,3.90,5.52,0.94,26.75,0.85,0.75,2.25,1.06,0.11,0.87,0.22,0.04,0.26
U:\GitHub\StudyLanguage\src\..\data\indiv_files_truncated\AIP_A_EN_corrected\722.txt,1,36,5,19,5,50,5,23,5,0.46,0.22,0.14,0.00,0.00,0.00,36,36,36.00,36.00,0.72,0.72,3.60,5.09,0.92,20.23,0.83,1.00,3.00,1.22,0.13,0.85,0.22,0.04,0.26
U:\GitHub\StudyLanguage\src\..\data\indiv_files_truncated\AIP_A_EN_corrected\667.txt,1,40,9,27,9,50,9,29,9,0.58,0.31,0.23,0.25,0.25,0.35,40,40,40.00,40.00,0.80,0.80,4.00,5.66,0.94,29.79,0.93,1.00,4.00,1.41,0.14,0.92,0.38,0.00,0.38
U:\GitHub\StudyLanguage\src\..\data\indiv_files_truncated\AIP_A_EN_corrected\726.txt,1,38,6,24,6,50,9,29,9,0.58,0.31,0.16,0.22,0.44,0.47,38,38,38.00,38.00,0.76,0.76,3.80,5.37,0.93,24.22,0.83,1.00,9.00,2.12,0.31,0.77,0.14,0.03,0.17
U:\GitHub\StudyLanguage\src\..\data\indiv_files_truncated\AIP_A_EN_corrected\766.txt,1,36,8,23,8,50,8,27,8,0.54,0.30,0.22,0.43,1.29,0.80,36,36,36.00,36.00,0.72,0.72,3.60,5.09,0.92,20.23,0.85,1.00,7.00,1.87,0.26,0.86,0.11,0.07,0.19
U:\GitHub\StudyLanguage\src\..\data\indiv_files_truncated\AIP_A_EN_corrected\544.txt,1,34,5,22,5,50,5,28,5,0.56,0.18,0.15,0.22,0.44,0.47,34,34,34.00,34.00,0.68,0.68,3.40,4.81,0.90,17.23,0.79,0.67,4.00,1.41,0.21,0.75,0.11,0.14,0.25
U:\GitHub\StudyLanguage\src\..\data\indiv_files_truncated\AIP_A_EN_corrected\856.txt,1,37,4,22,4,50,4,27,4,0.54,0.15,0.11,0.00,0.00,0.00,37,37,37.00,37.00,0.74,0.74,3.70,5.23,0.92,22.07,0.81,0.80,3.20,1.26,0.15,0.75,0.26,0.11,0.37
U:\GitHub\StudyLanguage\src\..\data\indiv_files_truncated\AIP_A_EN_corrected\536.txt,1,29,2,15,2,50,3,23,3,0.46,0.13,0.07,0.00,0.00,0.00,29,29,29.00,29.00,0.58,0.58,2.90,4.10,0.86,12.20,0.65,0.75,2.25,1.06,0.13,0.67,0.09,0.00,0.09
U:\GitHub\StudyLanguage\src\..\data\indiv_files_truncated\AIP_A_EN_corrected\787.txt,1,31,2,17,2,50,2,26,2,0.52,0.08,0.06,0.00,0.00,0.00,31,31,31.00,31.00,0.62,0.62,3.10,4.38,0.88,13.90,0.65,0.60,1.80,0.95,0.12,0.55,0.19,0.15,0.35
U:\GitHub\StudyLanguage\src\..\data\indiv_files_truncated\AIP_A_EN_corrected\523.txt,1,38,8,22,7,50,8,30,7,0.60,0.23,0.21,0.00,0.00,0.00,38,38,38.00,38.00,0.76,0.76,3.80,5.37,0.93,24.22,0.73,0.88,6.12,1.75,0.23,0.54,0.23,0.03,0.27
U:\GitHub\StudyLanguage\src\..\data\indiv_files_truncated\AIP_A_EN_corrected\723.txt,1,35,5,20,5,50,5,24,5,0.48,0.21,0.14,0.00,0.00,0.00,35,35,35.00,35.00,0.70,0.70,3.50,4.95,0.91,18.63,0.83,0.83,4.17,1.44,0.21,0.77,0.12,0.08,0.21
U:\GitHub\StudyLanguage\src\..\data\indiv_files_truncated\AIP_A_EN_corrected\863.txt,1,37,5,24,5,50,5,28,5,0.56,0.18,0.14,0.14,0.14,0.27,37,37,37.00,37.00,0.74,0.74,3.70,5.23,0.92,22.07,0.86,1.00,7.00,1.87,0.25,0.83,0.21,0.04,0.25
U:\GitHub\StudyLanguage\src\..\data\indiv_files_truncated\AIP_A_EN_corrected\892.txt,1,30,4,20,4,50,5,29,5,0.58,0.17,0.13,0.00,0.00,0.00,30,30,30.00,30.00,0.60,0.60,3.00,4.24,0.87,13.01,0.69,0.67,2.67,1.15,0.14,0.64,0.17,0.10,0.28
U:\GitHub\StudyLanguage\src\..\data\indiv_files_truncated\AIP_A_EN_corrected\834.txt,1,25,4,16,4,50,5,28,5,0.56,0.18,0.16,0.20,0.40,0.45,25,25,25.00,25.00,0.50,0.50,2.50,3.54,0.82,9.59,0.57,0.60,3.60,1.34,0.21,0.55,0.11,0.04,0.14
U:\GitHub\StudyLanguage\src\..\data\indiv_files_truncated\AIP_A_EN_corrected\617.txt,1,35,9,20,8,50,11,24,10,0.48,0.42,0.26,0.33,0.67,0.58,35,35,35.00,35.00,0.70,0.70,3.50,4.95,0.91,18.63,0.83,1.00,6.00,1.73,0.25,0.73,0.21,0.04,0.25
U:\GitHub\StudyLanguage\src\..\data\indiv_files_truncated\AIP_A_EN_corrected\585.txt,1,42,10,28,9,50,10,30,9,0.60,0.30,0.24,0.20,0.20,0.32,42,42,42.00,42.00,0.84,0.84,4.20,5.94,0.96,38.12,0.93,1.00,5.00,1.58,0.17,0.91,0.33,0.10,0.43
U:\GitHub\StudyLanguage\src\..\data\indiv_files_truncated\AIP_A_EN_corrected\685.txt,1,31,5,17,5,50,7,26,7,0.52,0.27,0.16,0.00,0.00,0.00,31,31,31.00,31.00,0.62,0.62,3.10,4.38,0.88,13.90,0.65,0.50,0.50,0.50,0.04,0.50,0.31,0.08,0.38
U:\GitHub\StudyLanguage\src\..\data\indiv_files_truncated\AIP_A_EN_corrected\833.txt,1,33,5,20,5,50,5,27,5,0.54,0.19,0.15,0.25,0.50,0.50,33,33,33.00,33.00,0.66,0.66,3.30,4.67,0.89,16.00,0.74,0.75,4.50,1.50,0.22,0.71,0.11,0.07,0.19
U:\GitHub\StudyLanguage\src\..\data\indiv_files_truncated\AIP_A_EN_corrected\836.txt,1,37,7,23,7,50,8,27,8,0.54,0.30,0.19,0.17,0.17,0.29,37,37,37.00,37.00,0.74,0.74,3.70,5.23,0.92,22.07,0.85,1.00,6.00,1.73,0.22,0.83,0.22,0.07,0.30
U:\GitHub\StudyLanguage\src\..\data\indiv_files_truncated\AIP_A_EN_corrected\830.txt,1,35,5,19,3,50,6,27,4,0.54,0.15,0.14,0.00,0.00,0.00,35,35,35.00,35.00,0.70,0.70,3.50,4.95,0.91,18.63,0.70,1.00,6.00,1.73,0.22,0.53,0.15,0.07,0.22
U:\GitHub\StudyLanguage\src\..\data\indiv_files_truncated\AIP_A_EN_corrected\737.txt,1,36,6,24,6,50,6,29,6,0.58,0.21,0.17,0.00,0.00,0.00,36,36,36.00,36.00,0.72,0.72,3.60,5.09,0.92,20.23,0.83,1.00,6.00,1.73,0.21,0.58,0.31,0.07,0.38
U:\GitHub\StudyLanguage\src\..\data\indiv_files_truncated\AIP_A_EN_corrected\858.txt,1,36,6,24,6,50,7,30,7,0.60,0.23,0.17,0.25,0.25,0.35,36,36,36.00,36.00,0.72,0.72,3.60,5.09,0.92,20.23,0.80,1.00,4.00,1.41,0.13,0.71,0.23,0.10,0.33
U:\GitHub\StudyLanguage\src\..\data\indiv_files_truncated\AIP_A_EN_corrected\670.txt,1,38,5,23,5,50,5,27,5,0.54,0.19,0.13,0.20,0.20,0.32,38,38,38.00,38.00,0.76,0.76,3.80,5.37,0.93,24.22,0.85,1.00,5.00,1.58,0.19,0.79,0.22,0.07,0.30
U:\GitHub\StudyLanguage\src\..\data\indiv_files_truncated\AIP_A_EN_corrected\916.txt,1,40,6,26,6,50,7,34,7,0.68,0.21,0.15,0.00,0.00,0.00,40,40,40.00,40.00,0.80,0.80,4.00,5.66,0.94,29.79,0.76,0.75,2.25,1.06,0.09,0.79,0.29,0.09,0.38
U:\GitHub\StudyLanguage\src\..\data\indiv_files_truncated\AIP_A_EN_corrected\702.txt,1,32,3,19,2,50,4,28,3,0.56,0.11,0.09,0.00,0.00,0.00,32,32,32.00,32.00,0.64,0.64,3.20,4.53,0.89,14.89,0.68,1.00,5.00,1.58,0.18,0.59,0.14,0.04,0.18
U:\GitHub\StudyLanguage\src\..\data\indiv_files_truncated\AIP_A_EN_corrected\577.txt,1,36,6,22,6,50,6,27,6,0.54,0.22,0.17,0.25,0.50,0.50,36,36,36.00,36.00,0.72,0.72,3.60,5.09,0.92,20.23,0.81,1.00,8.00,2.00,0.30,0.62,0.15,0.07,0.22
U:\GitHub\StudyLanguage\src\..\data\indiv_files_truncated\AIP_A_EN_corrected\631.txt,1,31,4,20,4,50,5,32,5,0.64,0.16,0.13,0.00,0.00,0.00,31,31,31.00,31.00,0.62,0.62,3.10,4.38,0.88,13.90,0.62,0.67,1.33,0.82,0.06,0.53,0.28,0.03,0.31
U:\GitHub\StudyLanguage\src\..\data\indiv_files_truncated\AIP_A_EN_corrected\810.txt,1,38,9,23,8,50,10,27,9,0.54,0.33,0.24,0.12,0.12,0.25,38,38,38.00,38.00,0.76,0.76,3.80,5.37,0.93,24.22,0.85,0.88,6.12,1.75,0.26,0.85,0.19,0.00,0.19
U:\GitHub\StudyLanguage\src\..\data\indiv_files_truncated\AIP_A_EN_corrected\851.txt,1,33,8,22,8,50,9,29,9,0.58,0.31,0.24,0.20,0.20,0.32,33,33,33.00,33.00,0.66,0.66,3.30,4.67,0.89,16.00,0.76,0.80,3.20,1.26,0.14,0.71,0.21,0.00,0.21
U:\GitHub\StudyLanguage\src\..\data\indiv_files_truncated\AIP_A_EN_corrected\880.txt,1,40,7,23,7,50,7,25,7,0.50,0.28,0.17,0.33,0.33,0.41,40,40,40.00,40.00,0.80,0.80,4.00,5.66,0.94,29.79,0.92,1.00,3.00,1.22,0.12,0.94,0.16,0.08,0.24
U:\GitHub\StudyLanguage\src\..\data\indiv_files_truncated\AIP_A_EN_corrected\778.txt,1,33,1,21,1,50,1,28,1,0.56,0.04,0.03,0.00,0.00,0.00,33,33,33.00,33.00,0.66,0.66,3.30,4.67,0.89,16.00,0.75,0.86,5.14,1.60,0.21,0.75,0.07,0.07,0.14
U:\GitHub\StudyLanguage\src\..\data\indiv_files_truncated\AIP_A_EN_corrected\798.txt,1,33,5,20,5,50,5,31,5,0.62,0.16,0.15,0.17,0.33,0.41,33,33,33.00,33.00,0.66,0.66,3.30,4.67,0.89,16.00,0.65,0.67,5.33,1.63,0.26,0.53,0.06,0.06,0.13
U:\GitHub\StudyLanguage\src\..\data\indiv_files_truncated\AIP_A_EN_corrected\598.txt,1,34,9,22,9,50,12,29,12,0.58,0.41,0.26,0.20,0.20,0.32,34,34,34.00,34.00,0.68,0.68,3.40,4.81,0.90,17.23,0.76,0.80,3.20,1.26,0.14,0.75,0.14,0.10,0.24
U:\GitHub\StudyLanguage\src\..\data\indiv_files_truncated\AIP_A_EN_corrected\593.txt,1,40,7,22,6,50,7,24,6,0.48,0.25,0.17,0.00,0.00,0.00,40,40,40.00,40.00,0.80,0.80,4.00,5.66,0.94,29.79,0.92,1.00,2.00,1.00,0.08,0.88,0.21,0.04,0.25
U:\GitHub\StudyLanguage\src\..\data\indiv_files_truncated\AIP_A_EN_corrected\920.txt,1,38,12,24,12,50,15,30,15,0.60,0.50,0.32,0.50,1.50,0.87,38,38,38.00,38.00,0.76,0.76,3.80,5.37,0.93,24.22,0.80,1.00,6.00,1.73,0.20,0.71,0.23,0.03,0.27
U:\GitHub\StudyLanguage\src\..\data\indiv_files_truncated\AIP_A_EN_corrected\534.txt,1,33,4,19,4,50,6,27,6,0.54,0.22,0.12,0.25,0.50,0.50,33,33,33.00,33.00,0.66,0.66,3.30,4.67,0.89,16.00,0.70,0.75,4.50,1.50,0.22,0.55,0.11,0.15,0.26
U:\GitHub\StudyLanguage\src\..\data\indiv_files_truncated\AIP_A_EN_corrected\898.txt,1,37,5,20,5,50,5,25,5,0.50,0.20,0.14,0.14,0.14,0.27,37,37,37.00,37.00,0.74,0.74,3.70,5.23,0.92,22.07,0.80,1.00,7.00,1.87,0.28,0.64,0.16,0.00,0.16
U:\GitHub\StudyLanguage\src\..\data\indiv_files_truncated\AIP_A_EN_corrected\637.txt,1,37,8,23,8,50,9,31,9,0.62,0.29,0.22,0.17,0.17,0.29,37,37,37.00,37.00,0.74,0.74,3.70,5.23,0.92,22.07,0.74,0.67,2.67,1.15,0.13,0.79,0.16,0.13,0.29
U:\GitHub\StudyLanguage\src\..\data\indiv_files_truncated\AIP_A_EN_corrected\620.txt,1,32,7,19,7,50,10,28,10,0.56,0.36,0.22,0.00,0.00,0.00,32,32,32.00,32.00,0.64,0.64,3.20,4.53,0.89,14.89,0.68,0.83,4.17,1.44,0.18,0.60,0.14,0.04,0.18
U:\GitHub\StudyLanguage\src\..\data\indiv_files_truncated\AIP_A_EN_corrected\727.txt,1,34,5,21,5,50,6,30,6,0.60,0.20,0.15,0.33,0.67,0.58,34,34,34.00,34.00,0.68,0.68,3.40,4.81,0.90,17.23,0.70,0.83,4.17,1.44,0.17,0.64,0.20,0.07,0.27
U:\GitHub\StudyLanguage\src\..\data\indiv_files_truncated\AIP_A_EN_corrected\501.txt,1,36,8,24,8,50,9,29,9,0.58,0.31,0.22,0.25,0.50,0.50,36,36,36.00,36.00,0.72,0.72,3.60,5.09,0.92,20.23,0.83,1.00,8.00,2.00,0.28,0.82,0.17,0.10,0.28
U:\GitHub\StudyLanguage\src\..\data\indiv_files_truncated\AIP_A_EN_corrected\671.txt,1,31,4,19,4,50,4,28,4,0.56,0.14,0.13,0.00,0.00,0.00,31,31,31.00,31.00,0.62,0.62,3.10,4.38,0.88,13.90,0.68,0.67,2.67,1.15,0.14,0.71,0.14,0.07,0.21
U:\GitHub\StudyLanguage\src\..\data\indiv_files_truncated\AIP_A_EN_corrected\767.txt,1,31,4,17,4,50,5,25,5,0.50,0.20,0.13,0.00,0.00,0.00,31,31,31.00,31.00,0.62,0.62,3.10,4.38,0.88,13.90,0.68,0.75,2.25,1.06,0.12,0.54,0.16,0.12,0.28
U:\GitHub\StudyLanguage\src\..\data\indiv_files_truncated\AIP_A_EN_corrected\601.txt,1,36,5,25,5,50,5,30,5,0.60,0.17,0.14,0.11,0.11,0.24,36,36,36.00,36.00,0.72,0.72,3.60,5.09,0.92,20.23,0.83,0.89,7.11,1.89,0.27,0.73,0.20,0.10,0.30
U:\GitHub\StudyLanguage\src\..\data\indiv_files_truncated\AIP_A_EN_corrected\780.txt,1,36,5,17,5,50,6,20,6,0.40,0.30,0.14,0.00,0.00,0.00,36,36,36.00,36.00,0.72,0.72,3.60,5.09,0.92,20.23,0.85,1.00,5.00,1.58,0.25,0.78,0.20,0.05,0.25
U:\GitHub\StudyLanguage\src\..\data\indiv_files_truncated\AIP_A_EN_corrected\864.txt,1,32,5,18,5,50,5,23,5,0.46,0.22,0.16,0.00,0.00,0.00,32,32,32.00,32.00,0.64,0.64,3.20,4.53,0.89,14.89,0.78,0.80,3.20,1.26,0.17,0.71,0.30,0.13,0.43
U:\GitHub\StudyLanguage\src\..\data\indiv_files_truncated\AIP_A_EN_corrected\638.txt,1,38,4,22,3,50,5,28,4,0.56,0.14,0.11,0.00,0.00,0.00,38,38,38.00,38.00,0.76,0.76,3.80,5.37,0.93,24.22,0.79,1.00,6.00,1.73,0.21,0.73,0.18,0.11,0.29
U:\GitHub\StudyLanguage\src\..\data\indiv_files_truncated\AIP_A_EN_corrected\693.txt,1,33,3,20,3,50,3,26,3,0.52,0.12,0.09,0.00,0.00,0.00,33,33,33.00,33.00,0.66,0.66,3.30,4.67,0.89,16.00,0.77,1.00,7.00,1.87,0.27,0.64,0.12,0.04,0.15
U:\GitHub\StudyLanguage\src\..\data\indiv_files_truncated\AIP_A_EN_corrected\744.txt,1,30,2,19,2,50,2,29,2,0.58,0.07,0.07,0.00,0.00,0.00,30,30,30.00,30.00,0.60,0.60,3.00,4.24,0.87,13.01,0.66,0.78,5.44,1.65,0.24,0.59,0.07,0.03,0.10
U:\GitHub\StudyLanguage\src\..\data\indiv_files_truncated\AIP_A_EN_corrected\508.txt,1,39,5,22,4,50,5,27,4,0.54,0.15,0.13,0.00,0.00,0.00,39,39,39.00,39.00,0.78,0.78,3.90,5.52,0.94,26.75,0.81,1.00,5.00,1.58,0.19,0.64,0.22,0.07,0.30
U:\GitHub\StudyLanguage\src\..\data\indiv_files_truncated\AIP_A_EN_corrected\815.txt,1,35,6,20,6,50,7,25,7,0.50,0.28,0.17,0.00,0.00,0.00,35,35,35.00,35.00,0.70,0.70,3.50,4.95,0.91,18.63,0.80,1.00,6.00,1.73,0.24,0.67,0.20,0.04,0.24
U:\GitHub\StudyLanguage\src\..\data\indiv_files_truncated\AIP_A_EN_corrected\764.txt,1,36,7,22,7,50,8,28,8,0.56,0.29,0.19,0.29,0.57,0.53,36,36,36.00,36.00,0.72,0.72,3.60,5.09,0.92,20.23,0.79,0.86,5.14,1.60,0.21,0.80,0.25,0.07,0.32
U:\GitHub\StudyLanguage\src\..\data\indiv_files_truncated\AIP_A_EN_corrected\867.txt,1,37,2,24,2,50,2,29,2,0.58,0.07,0.05,0.00,0.00,0.00,37,37,37.00,37.00,0.74,0.74,3.70,5.23,0.92,22.07,0.83,1.00,5.00,1.58,0.17,0.64,0.21,0.14,0.34
U:\GitHub\StudyLanguage\src\..\data\indiv_files_truncated\AIP_A_EN_corrected\893.txt,1,34,3,20,3,50,3,26,3,0.52,0.12,0.09,0.00,0.00,0.00,34,34,34.00,34.00,0.68,0.68,3.40,4.81,0.90,17.23,0.77,0.62,3.12,1.25,0.19,0.77,0.12,0.08,0.19
U:\GitHub\StudyLanguage\src\..\data\indiv_files_truncated\AIP_A_EN_corrected\535.txt,1,32,3,22,3,50,4,31,4,0.62,0.13,0.09,0.00,0.00,0.00,32,32,32.00,32.00,0.64,0.64,3.20,4.53,0.89,14.89,0.71,0.88,6.12,1.75,0.23,0.60,0.16,0.03,0.19
U:\GitHub\StudyLanguage\src\..\data\indiv_files_truncated\AIP_A_EN_corrected\573.txt,1,29,4,16,4,50,5,26,5,0.52,0.19,0.14,0.17,0.17,0.29,29,29,29.00,29.00,0.58,0.58,2.90,4.10,0.86,12.20,0.62,0.50,1.50,0.87,0.12,0.54,0.15,0.08,0.23
U:\GitHub\StudyLanguage\src\..\data\indiv_files_truncated\AIP_A_EN_corrected\539.txt,1,42,6,29,6,50,6,32,6,0.64,0.19,0.14,0.00,0.00,0.00,42,42,42.00,42.00,0.84,0.84,4.20,5.94,0.96,38.12,0.91,1.00,8.00,2.00,0.25,0.83,0.09,0.09,0.19
U:\GitHub\StudyLanguage\src\..\data\indiv_files_truncated\AIP_A_EN_corrected\728.txt,1,35,4,20,4,50,5,32,5,0.64,0.16,0.11,0.20,0.20,0.32,35,35,35.00,35.00,0.70,0.70,3.50,4.95,0.91,18.63,0.62,0.80,3.20,1.26,0.12,0.59,0.16,0.06,0.22
U:\GitHub\StudyLanguage\src\..\data\indiv_files_truncated\AIP_A_EN_corrected\553.txt,1,43,7,25,7,50,7,28,7,0.56,0.25,0.16,0.14,0.14,0.27,43,43,43.00,43.00,0.86,0.86,4.30,6.08,0.96,44.07,0.89,0.86,5.14,1.60,0.21,0.92,0.21,0.11,0.32
U:\GitHub\StudyLanguage\src\..\data\indiv_files_truncated\AIP_A_EN_corrected\771.txt,1,34,3,20,3,50,3,25,3,0.50,0.12,0.09,0.00,0.00,0.00,34,34,34.00,34.00,0.68,0.68,3.40,4.81,0.90,17.23,0.80,1.00,5.00,1.58,0.20,0.67,0.20,0.08,0.28
U:\GitHub\StudyLanguage\src\..\data\indiv_files_truncated\AIP_A_EN_corrected\857.txt,1,31,6,19,6,50,6,29,6,0.58,0.21,0.19,0.00,0.00,0.00,31,31,31.00,31.00,0.62,0.62,3.10,4.38,0.88,13.90,0.66,0.83,4.17,1.44,0.17,0.57,0.17,0.07,0.24
U:\GitHub\StudyLanguage\src\..\data\indiv_files_truncated\AIP_A_EN_corrected\895.txt,1,35,4,20,4,50,5,24,5,0.48,0.21,0.11,0.00,0.00,0.00,35,35,35.00,35.00,0.70,0.70,3.50,4.95,0.91,18.63,0.83,1.00,5.00,1.58,0.21,0.73,0.25,0.08,0.33
U:\GitHub\StudyLanguage\src\..\data\indiv_files_truncated\AIP_A_EN_corrected\788.txt,1,33,1,16,1,50,1,23,1,0.46,0.04,0.03,0.00,0.00,0.00,33,33,33.00,33.00,0.66,0.66,3.30,4.67,0.89,16.00,0.70,0.75,2.25,1.06,0.13,0.54,0.22,0.04,0.26
U:\GitHub\StudyLanguage\src\..\data\indiv_files_truncated\AIP_A_EN_corrected\600.txt,1,39,4,22,4,50,4,24,4,0.48,0.17,0.10,0.50,0.50,0.50,39,39,39.00,39.00,0.78,0.78,3.90,5.52,0.94,26.75,0.92,1.00,2.00,1.00,0.08,0.89,0.12,0.04,0.17
U:\GitHub\StudyLanguage\src\..\data\indiv_files_truncated\AIP_A_EN_corrected\841.txt,1,34,6,20,6,50,7,24,7,0.48,0.29,0.18,0.00,0.00,0.00,34,34,34.00,34.00,0.68,0.68,3.40,4.81,0.90,17.23,0.83,1.00,5.00,1.58,0.21,0.75,0.21,0.08,0.29
U:\GitHub\StudyLanguage\src\..\data\indiv_files_truncated\AIP_A_EN_corrected\792.txt,1,31,3,21,3,50,3,29,3,0.58,0.10,0.10,0.17,0.17,0.29,31,31,31.00,31.00,0.62,0.62,3.10,4.38,0.88,13.90,0.72,0.83,4.17,1.44,0.17,0.56,0.17,0.07,0.24
U:\GitHub\StudyLanguage\src\..\data\indiv_files_truncated\AIP_A_EN_corrected\729.txt,1,38,8,21,7,50,11,25,10,0.50,0.40,0.21,0.33,0.67,0.58,38,38,38.00,38.00,0.76,0.76,3.80,5.37,0.93,24.22,0.84,0.83,4.17,1.44,0.20,0.82,0.24,0.04,0.28
U:\GitHub\StudyLanguage\src\..\data\indiv_files_truncated\AIP_A_EN_corrected\900.txt,1,33,6,17,6,50,8,24,8,0.48,0.33,0.18,0.00,0.00,0.00,33,33,33.00,33.00,0.66,0.66,3.30,4.67,0.89,16.00,0.71,0.75,2.25,1.06,0.12,0.72,0.04,0.00,0.04
U:\GitHub\StudyLanguage\src\..\data\indiv_files_truncated\AIP_A_EN_corrected\515.txt,1,35,9,25,8,50,11,32,10,0.64,0.31,0.26,0.17,0.17,0.29,35,35,35.00,35.00,0.70,0.70,3.50,4.95,0.91,18.63,0.78,0.83,4.17,1.44,0.16,0.80,0.19,0.06,0.25
U:\GitHub\StudyLanguage\src\..\data\indiv_files_truncated\AIP_A_EN_corrected\770.txt,1,38,8,24,8,50,10,27,10,0.54,0.37,0.21,0.25,0.25,0.35,38,38,38.00,38.00,0.76,0.76,3.80,5.37,0.93,24.22,0.89,1.00,4.00,1.41,0.15,0.83,0.26,0.11,0.37
U:\GitHub\StudyLanguage\src\..\data\indiv_files_truncated\AIP_A_EN_corrected\618.txt,1,36,2,22,2,50,2,30,2,0.60,0.07,0.06,0.12,0.12,0.25,36,36,36.00,36.00,0.72,0.72,3.60,5.09,0.92,20.23,0.73,1.00,8.00,2.00,0.27,0.69,0.10,0.10,0.20
U:\GitHub\StudyLanguage\src\..\data\indiv_files_truncated\AIP_A_EN_corrected\568.txt,1,39,4,24,4,50,4,25,4,0.50,0.16,0.10,0.00,0.00,0.00,39,39,39.00,39.00,0.78,0.78,3.90,5.52,0.94,26.75,0.96,1.00,5.00,1.58,0.20,0.94,0.16,0.00,0.16
U:\GitHub\StudyLanguage\src\..\data\indiv_files_truncated\AIP_A_EN_corrected\607.txt,1,31,5,17,5,50,6,26,6,0.52,0.23,0.16,0.40,0.80,0.63,31,31,31.00,31.00,0.62,0.62,3.10,4.38,0.88,13.90,0.65,0.80,3.20,1.26,0.15,0.57,0.15,0.04,0.19
U:\GitHub\StudyLanguage\src\..\data\indiv_files_truncated\AIP_A_EN_corrected\686.txt,1,37,5,22,5,50,6,29,6,0.58,0.21,0.14,0.00,0.00,0.00,37,37,37.00,37.00,0.74,0.74,3.70,5.23,0.92,22.07,0.76,0.80,3.20,1.26,0.14,0.69,0.28,0.07,0.34
U:\GitHub\StudyLanguage\src\..\data\indiv_files_truncated\AIP_A_EN_corrected\586.txt,1,34,8,25,8,50,11,35,11,0.70,0.31,0.24,0.00,0.00,0.00,34,34,34.00,34.00,0.68,0.68,3.40,4.81,0.90,17.23,0.71,0.86,5.14,1.60,0.17,0.55,0.17,0.06,0.23
U:\GitHub\StudyLanguage\src\..\data\indiv_files_truncated\AIP_A_EN_corrected\713.txt,1,38,6,24,6,50,6,28,6,0.56,0.21,0.16,0.00,0.00,0.00,38,38,38.00,38.00,0.76,0.76,3.80,5.37,0.93,24.22,0.86,0.83,4.17,1.44,0.18,0.80,0.18,0.07,0.25
U:\GitHub\StudyLanguage\src\..\data\indiv_files_truncated\AIP_A_EN_corrected\613.txt,1,37,4,22,4,50,6,27,6,0.54,0.22,0.11,0.25,0.50,0.50,37,37,37.00,37.00,0.74,0.74,3.70,5.23,0.92,22.07,0.81,1.00,8.00,2.00,0.30,0.78,0.19,0.07,0.26
U:\GitHub\StudyLanguage\src\..\data\indiv_files_truncated\AIP_A_EN_corrected\666.txt,1,27,2,16,2,50,2,25,2,0.50,0.08,0.07,0.00,0.00,0.00,27,27,27.00,27.00,0.54,0.54,2.70,3.82,0.84,10.79,0.64,0.75,2.25,1.06,0.12,0.57,0.24,0.04,0.28
U:\GitHub\StudyLanguage\src\..\data\indiv_files_truncated\AIP_A_EN_corrected\911.txt,1,29,6,19,6,50,7,30,7,0.60,0.23,0.21,0.00,0.00,0.00,29,29,29.00,29.00,0.58,0.58,2.90,4.10,0.86,12.20,0.63,0.60,1.80,0.95,0.10,0.60,0.13,0.00,0.13
U:\GitHub\StudyLanguage\src\..\data\indiv_files_truncated\AIP_A_EN_corrected\541.txt,1,30,2,18,2,50,2,22,2,0.44,0.09,0.07,0.17,0.17,0.29,30,30,30.00,30.00,0.60,0.60,3.00,4.24,0.87,13.01,0.82,1.00,6.00,1.73,0.27,0.71,0.09,0.00,0.09
U:\GitHub\StudyLanguage\src\..\data\indiv_files_truncated\AIP_A_EN_corrected\872.txt,1,38,3,28,3,50,3,33,3,0.66,0.09,0.08,0.00,0.00,0.00,38,38,38.00,38.00,0.76,0.76,3.80,5.37,0.93,24.22,0.85,0.75,2.25,1.06,0.09,0.85,0.21,0.21,0.42
U:\GitHub\StudyLanguage\src\..\data\indiv_files_truncated\AIP_A_EN_corrected\808.txt,1,34,2,17,2,50,2,20,2,0.40,0.10,0.06,0.20,0.20,0.32,34,34,34.00,34.00,0.68,0.68,3.40,4.81,0.90,17.23,0.85,0.80,3.20,1.26,0.20,0.89,0.10,0.15,0.25
U:\GitHub\StudyLanguage\src\..\data\indiv_files_truncated\AIP_A_EN_corrected\875.txt,1,42,7,24,6,50,7,26,6,0.52,0.23,0.17,0.25,0.50,0.50,42,42,42.00,42.00,0.84,0.84,4.20,5.94,0.96,38.12,0.92,1.00,8.00,2.00,0.31,0.83,0.15,0.08,0.23
U:\GitHub\StudyLanguage\src\..\data\indiv_files_truncated\AIP_A_EN_corrected\829.txt,1,37,5,20,5,50,7,24,7,0.48,0.29,0.14,0.00,0.00,0.00,37,37,37.00,37.00,0.74,0.74,3.70,5.23,0.92,22.07,0.83,0.80,3.20,1.26,0.17,0.80,0.21,0.12,0.33
U:\GitHub\StudyLanguage\src\..\data\indiv_files_truncated\AIP_A_EN_corrected\827.txt,1,35,3,18,3,50,3,24,3,0.48,0.12,0.09,0.00,0.00,0.00,35,35,35.00,35.00,0.70,0.70,3.50,4.95,0.91,18.63,0.75,0.50,1.00,0.71,0.08,0.73,0.21,0.00,0.21
U:\GitHub\StudyLanguage\src\..\data\indiv_files_truncated\AIP_A_EN_corrected\658.txt,1,39,3,22,3,50,3,26,3,0.52,0.12,0.08,0.11,0.11,0.24,39,39,39.00,39.00,0.78,0.78,3.90,5.52,0.94,26.75,0.85,1.00,9.00,2.12,0.35,0.69,0.12,0.04,0.15
U:\GitHub\StudyLanguage\src\..\data\indiv_files_truncated\AIP_A_EN_corrected\718.txt,1,35,2,21,2,50,2,26,2,0.52,0.08,0.06,0.00,0.00,0.00,35,35,35.00,35.00,0.70,0.70,3.50,4.95,0.91,18.63,0.81,1.00,4.00,1.41,0.15,0.77,0.19,0.12,0.31
U:\GitHub\StudyLanguage\src\..\data\indiv_files_truncated\AIP_A_EN_corrected\725.txt,1,30,5,19,5,50,6,27,6,0.54,0.22,0.17,0.00,0.00,0.00,30,30,30.00,30.00,0.60,0.60,3.00,4.24,0.87,13.01,0.70,0.80,3.20,1.26,0.15,0.57,0.15,0.11,0.26
U:\GitHub\StudyLanguage\src\..\data\indiv_files_truncated\AIP_A_EN_corrected\507.txt,1,32,3,20,3,50,3,25,3,0.50,0.12,0.09,0.00,0.00,0.00,32,32,32.00,32.00,0.64,0.64,3.20,4.53,0.89,14.89,0.80,1.00,6.00,1.73,0.24,0.64,0.16,0.04,0.20
U:\GitHub\StudyLanguage\src\..\data\indiv_files_truncated\AIP_A_EN_corrected\714.txt,1,32,6,16,6,50,8,22,8,0.44,0.36,0.19,0.40,0.80,0.63,32,32,32.00,32.00,0.64,0.64,3.20,4.53,0.89,14.89,0.73,0.80,3.20,1.26,0.18,0.67,0.18,0.00,0.18
U:\GitHub\StudyLanguage\src\..\data\indiv_files_truncated\AIP_A_EN_corrected\761.txt,1,34,3,20,3,50,4,25,4,0.50,0.16,0.09,0.12,0.12,0.25,34,34,34.00,34.00,0.68,0.68,3.40,4.81,0.90,17.23,0.80,0.88,6.12,1.75,0.28,0.73,0.16,0.08,0.24
U:\GitHub\StudyLanguage\src\..\data\indiv_files_truncated\AIP_A_EN_corrected\614.txt,1,37,6,20,5,50,6,26,5,0.52,0.19,0.16,0.00,0.00,0.00,37,37,37.00,37.00,0.74,0.74,3.70,5.23,0.92,22.07,0.77,0.67,1.33,0.82,0.08,0.69,0.23,0.12,0.35
U:\GitHub\StudyLanguage\src\..\data\indiv_files_truncated\AIP_A_EN_corrected\627.txt,1,35,2,22,2,50,2,28,2,0.56,0.07,0.06,0.00,0.00,0.00,35,35,35.00,35.00,0.70,0.70,3.50,4.95,0.91,18.63,0.79,1.00,7.00,1.87,0.25,0.69,0.14,0.00,0.14
U:\GitHub\StudyLanguage\src\..\data\indiv_files_truncated\AIP_A_EN_corrected\684.txt,1,31,7,20,7,50,7,26,7,0.52,0.27,0.23,0.17,0.17,0.29,31,31,31.00,31.00,0.62,0.62,3.10,4.38,0.88,13.90,0.77,0.83,4.17,1.44,0.19,0.69,0.23,0.04,0.27
U:\GitHub\StudyLanguage\src\..\data\indiv_files_truncated\AIP_A_EN_corrected\606.txt,1,33,8,22,7,50,8,28,7,0.56,0.25,0.24,0.25,0.50,0.50,33,33,33.00,33.00,0.66,0.66,3.30,4.67,0.89,16.00,0.79,0.75,4.50,1.50,0.21,0.75,0.14,0.00,0.14
U:\GitHub\StudyLanguage\src\..\data\indiv_files_truncated\AIP_A_EN_corrected\879.txt,1,35,4,19,3,50,4,26,3,0.52,0.12,0.11,0.14,0.14,0.27,35,35,35.00,35.00,0.70,0.70,3.50,4.95,0.91,18.63,0.73,0.86,5.14,1.60,0.23,0.67,0.15,0.08,0.23
U:\GitHub\StudyLanguage\src\..\data\indiv_files_truncated\AIP_A_EN_corrected\869.txt,1,36,4,21,4,50,4,27,4,0.54,0.15,0.11,0.40,0.80,0.63,36,36,36.00,36.00,0.72,0.72,3.60,5.09,0.92,20.23,0.78,1.00,5.00,1.58,0.19,0.73,0.11,0.11,0.22
U:\GitHub\StudyLanguage\src\..\data\indiv_files_truncated\AIP_A_EN_corrected\597.txt,1,39,7,24,7,50,7,29,7,0.58,0.24,0.18,0.33,0.67,0.58,39,39,39.00,39.00,0.78,0.78,3.90,5.52,0.94,26.75,0.83,0.67,2.67,1.15,0.14,0.88,0.31,0.17,0.48
U:\GitHub\StudyLanguage\src\..\data\indiv_files_truncated\AIP_A_EN_corrected\769.txt,1,33,7,20,7,50,9,26,9,0.52,0.35,0.21,0.00,0.00,0.00,33,33,33.00,33.00,0.66,0.66,3.30,4.67,0.89,16.00,0.77,1.00,4.00,1.41,0.15,0.69,0.19,0.08,0.27
U:\GitHub\StudyLanguage\src\..\data\indiv_files_truncated\AIP_A_EN_corrected\680.txt,1,38,7,24,7,50,8,29,8,0.58,0.28,0.18,0.00,0.00,0.00,38,38,38.00,38.00,0.76,0.76,3.80,5.37,0.93,24.22,0.83,1.00,4.00,1.41,0.14,0.71,0.28,0.10,0.38
U:\GitHub\StudyLanguage\src\..\data\indiv_files_truncated\AIP_A_EN_corrected\512.txt,1,39,6,21,6,50,7,24,7,0.48,0.29,0.15,0.00,0.00,0.00,39,39,39.00,39.00,0.78,0.78,3.90,5.52,0.94,26.75,0.88,0.86,5.14,1.60,0.25,0.90,0.17,0.08,0.25
U:\GitHub\StudyLanguage\src\..\data\indiv_files_truncated\AIP_A_EN_corrected\716.txt,1,39,9,20,8,50,10,26,8,0.52,0.31,0.23,0.09,0.09,0.21,39,39,39.00,39.00,0.78,0.78,3.90,5.52,0.94,26.75,0.77,0.64,4.45,1.49,0.27,0.90,0.12,0.08,0.19
U:\GitHub\StudyLanguage\src\..\data\indiv_files_truncated\AIP_A_EN_corrected\777.txt,1,34,5,24,5,50,6,27,6,0.54,0.22,0.15,0.00,0.00,0.00,34,34,34.00,34.00,0.68,0.68,3.40,4.81,0.90,17.23,0.89,1.00,5.00,1.58,0.19,0.77,0.19,0.15,0.33
U:\GitHub\StudyLanguage\src\..\data\indiv_files_truncated\AIP_A_EN_corrected\837.txt,1,35,5,21,5,50,5,29,5,0.58,0.17,0.14,0.00,0.00,0.00,35,35,35.00,35.00,0.70,0.70,3.50,4.95,0.91,18.63,0.72,0.75,4.50,1.50,0.21,0.67,0.17,0.03,0.21
U:\GitHub\StudyLanguage\src\..\data\indiv_files_truncated\AIP_A_EN_corrected\835.txt,1,36,4,22,4,50,4,24,4,0.48,0.17,0.11,0.00,0.00,0.00,36,36,36.00,36.00,0.72,0.72,3.60,5.09,0.92,20.23,0.92,1.00,7.00,1.87,0.29,0.91,0.08,0.12,0.21
U:\GitHub\StudyLanguage\src\..\data\indiv_files_truncated\AIP_A_EN_corrected\530.txt,1,34,8,24,8,50,8,30,8,0.60,0.27,0.24,0.20,0.20,0.32,34,34,34.00,34.00,0.68,0.68,3.40,4.81,0.90,17.23,0.80,0.80,3.20,1.26,0.13,0.82,0.23,0.13,0.37
U:\GitHub\StudyLanguage\src\..\data\indiv_files_truncated\AIP_A_EN_corrected\696.txt,1,27,7,15,6,50,11,26,10,0.52,0.38,0.26,0.00,0.00,0.00,27,27,27.00,27.00,0.54,0.54,2.70,3.82,0.84,10.79,0.58,1.00,3.00,1.22,0.12,0.47,0.15,0.00,0.15
U:\GitHub\StudyLanguage\src\..\data\indiv_files_truncated\AIP_A_EN_corrected\751.txt,1,39,5,20,5,50,5,23,5,0.46,0.22,0.13,0.25,0.25,0.35,39,39,39.00,39.00,0.78,0.78,3.90,5.52,0.94,26.75,0.87,1.00,4.00,1.41,0.17,0.77,0.13,0.13,0.26
U:\GitHub\StudyLanguage\src\..\data\indiv_files_truncated\AIP_A_EN_corrected\548.txt,1,34,6,20,6,50,6,27,6,0.54,0.22,0.18,0.17,0.17,0.29,34,34,34.00,34.00,0.68,0.68,3.40,4.81,0.90,17.23,0.74,0.83,4.17,1.44,0.19,0.64,0.11,0.11,0.22
U:\GitHub\StudyLanguage\src\..\data\indiv_files_truncated\AIP_A_EN_corrected\624.txt,1,30,5,18,5,50,5,27,5,0.54,0.19,0.17,0.00,0.00,0.00,30,30,30.00,30.00,0.60,0.60,3.00,4.24,0.87,13.01,0.67,0.67,2.67,1.15,0.15,0.56,0.19,0.00,0.19
U:\GitHub\StudyLanguage\src\..\data\indiv_files_truncated\AIP_A_EN_corrected\649.txt,1,33,7,22,7,50,8,27,8,0.54,0.30,0.21,0.38,1.12,0.75,33,33,33.00,33.00,0.66,0.66,3.30,4.67,0.89,16.00,0.81,0.88,6.12,1.75,0.26,0.71,0.19,0.00,0.19
U:\GitHub\StudyLanguage\src\..\data\indiv_files_truncated\AIP_A_EN_corrected\559.txt,1,32,7,21,5,50,7,29,5,0.58,0.17,0.22,0.12,0.12,0.25,32,32,32.00,32.00,0.64,0.64,3.20,4.53,0.89,14.89,0.72,1.00,8.00,2.00,0.28,0.54,0.17,0.10,0.28
U:\GitHub\StudyLanguage\src\..\data\indiv_files_truncated\AIP_A_EN_corrected\663.txt,1,31,7,20,7,50,7,23,7,0.46,0.30,0.23,0.00,0.00,0.00,31,31,31.00,31.00,0.62,0.62,3.10,4.38,0.88,13.90,0.87,1.00,2.00,1.00,0.09,0.82,0.39,0.04,0.43
U:\GitHub\StudyLanguage\src\..\data\indiv_files_truncated\AIP_A_EN_corrected\812.txt,1,33,6,20,6,50,7,27,7,0.54,0.26,0.18,0.12,0.12,0.25,33,33,33.00,33.00,0.66,0.66,3.30,4.67,0.89,16.00,0.74,0.88,6.12,1.75,0.26,0.64,0.15,0.00,0.15
U:\GitHub\StudyLanguage\src\..\data\indiv_files_truncated\AIP_A_EN_corrected\506.txt,1,32,5,21,4,50,6,28,5,0.56,0.18,0.16,0.00,0.00,0.00,32,32,32.00,32.00,0.64,0.64,3.20,4.53,0.89,14.89,0.75,1.00,6.00,1.73,0.21,0.60,0.14,0.07,0.21
U:\GitHub\StudyLanguage\src\..\data\indiv_files_truncated\AIP_A_EN_corrected\543.txt,1,32,4,20,4,50,5,28,5,0.56,0.18,0.12,0.00,0.00,0.00,32,32,32.00,32.00,0.64,0.64,3.20,4.53,0.89,14.89,0.71,1.00,2.00,1.00,0.07,0.68,0.18,0.04,0.21
U:\GitHub\StudyLanguage\src\..\data\indiv_files_truncated\AIP_A_EN_corrected\789.txt,1,34,5,19,5,50,5,23,5,0.46,0.22,0.15,0.00,0.00,0.00,34,34,34.00,34.00,0.68,0.68,3.40,4.81,0.90,17.23,0.83,1.00,5.00,1.58,0.22,0.75,0.17,0.04,0.22
U:\GitHub\StudyLanguage\src\..\data\indiv_files_truncated\AIP_A_EN_corrected\621.txt,1,30,5,18,5,50,6,27,6,0.54,0.22,0.17,0.14,0.14,0.27,30,30,30.00,30.00,0.60,0.60,3.00,4.24,0.87,13.01,0.67,0.86,5.14,1.60,0.22,0.64,0.15,0.07,0.22
U:\GitHub\StudyLanguage\src\..\data\indiv_files_truncated\AIP_A_EN_corrected\572.txt,1,35,4,19,4,50,4,24,4,0.48,0.17,0.11,0.00,0.00,0.00,35,35,35.00,35.00,0.70,0.70,3.50,4.95,0.91,18.63,0.79,1.00,2.00,1.00,0.08,0.75,0.17,0.04,0.21