subjectcode,sentences,wordtypes,swordtypes,lextypes,slextypes,wordtokens,swordtokens,lextokens,slextokens,ld,ls1,ls2,vs1,vs2,cvs1,ndw,ndwz,ndwerz,ndwesz,ttr,msttr,cttr,rttr,logttr,uber,lv,vv1,svv1,cvv1,vv2,nv,adjv,advv,modv
100,1,31,6,27,5,50,13,39,7,0.78,0.18,0.19,0.00,0.00,0.00,31,31,31.00,31.00,0.62,0.62,3.10,4.38,0.88,13.90,0.69,0.61,6.72,1.83,0.28,0.67,0.10,0.10,0.21
101,1,34,7,31,7,50,11,45,11,0.90,0.24,0.21,0.05,0.05,0.15,34,34,34.00,34.00,0.68,0.68,3.40,4.81,0.90,17.23,0.69,0.68,10.23,2.26,0.33,0.54,0.13,0.07,0.20
102,1,32,7,30,6,50,11,44,8,0.88,0.18,0.22,0.00,0.00,0.00,32,32,32.00,32.00,0.64,0.64,3.20,4.53,0.89,14.89,0.68,0.62,9.38,2.17,0.34,0.70,0.11,0.07,0.18
103,1,40,11,36,10,50,15,42,11,0.84,0.26,0.28,0.10,0.20,0.32,40,40,40.00,40.00,0.80,0.80,4.00,5.66,0.94,29.79,0.86,0.85,14.45,2.69,0.40,0.85,0.12,0.07,0.19
105,1,36,8,30,6,50,12,41,9,0.82,0.22,0.22,0.05,0.05,0.16,36,36,36.00,36.00,0.72,0.72,3.60,5.09,0.92,20.23,0.73,0.70,9.80,2.21,0.34,0.60,0.10,0.15,0.24
109,1,34,7,30,6,50,17,41,12,0.82,0.29,0.21,0.00,0.00,0.00,34,34,34.00,34.00,0.68,0.68,3.40,4.81,0.90,17.23,0.73,0.89,14.22,2.67,0.39,0.50,0.17,0.02,0.20
110,1,38,6,35,5,50,6,47,5,0.94,0.11,0.16,0.04,0.04,0.14,38,38,38.00,38.00,0.76,0.76,3.80,5.37,0.93,24.22,0.74,0.70,13.37,2.59,0.40,0.75,0.13,0.02,0.15
111,1,31,8,29,6,50,16,45,11,0.90,0.24,0.26,0.04,0.04,0.13,31,31,31.00,31.00,0.62,0.62,3.10,4.38,0.88,13.90,0.64,0.64,11.57,2.41,0.40,0.50,0.09,0.02,0.11
112,1,35,6,31,5,50,8,44,6,0.88,0.14,0.17,0.05,0.05,0.16,35,35,35.00,35.00,0.70,0.70,3.50,4.95,0.91,18.63,0.70,0.68,8.89,2.11,0.30,0.60,0.16,0.05,0.20
114,1,35,6,30,5,50,11,41,7,0.82,0.17,0.17,0.00,0.00,0.00,35,35,35.00,35.00,0.70,0.70,3.50,4.95,0.91,18.63,0.73,0.74,12.57,2.51,0.41,0.60,0.12,0.05,0.17
115,1,30,9,27,7,50,14,43,9,0.86,0.21,0.30,0.04,0.04,0.14,30,30,30.00,30.00,0.60,0.60,3.00,4.24,0.87,13.01,0.63,0.48,6.26,1.77,0.30,0.90,0.07,0.05,0.12
117,1,29,9,26,6,50,10,46,6,0.92,0.13,0.31,0.03,0.03,0.12,29,29,29.00,29.00,0.58,0.58,2.90,4.10,0.86,12.20,0.57,0.49,8.76,2.09,0.39,1.00,0.04,0.02,0.07
120,1,33,5,31,4,50,10,44,5,0.88,0.11,0.15,0.04,0.04,0.14,33,33,33.00,33.00,0.66,0.66,3.30,4.67,0.89,16.00,0.70,0.69,12.46,2.50,0.41,0.64,0.14,0.00,0.14
121,1,35,5,32,4,50,10,40,4,0.80,0.10,0.14,0.00,0.00,0.00,35,35,35.00,35.00,0.70,0.70,3.50,4.95,0.91,18.63,0.80,0.76,14.44,2.69,0.47,0.80,0.10,0.03,0.12
123,1,31,6,27,4,50,9,41,4,0.82,0.10,0.19,0.04,0.04,0.15,31,31,31.00,31.00,0.62,0.62,3.10,4.38,0.88,13.90,0.66,0.65,9.78,2.21,0.37,0.50,0.10,0.07,0.17
124,1,26,5,21,3,50,12,40,8,0.80,0.20,0.19,0.00,0.00,0.00,26,26,26.00,26.00,0.52,0.52,2.60,3.68,0.83,10.16,0.53,0.57,6.86,1.85,0.30,0.31,0.10,0.03,0.12
126,1,33,9,29,8,50,17,43,13,0.86,0.30,0.27,0.04,0.04,0.14,33,33,33.00,33.00,0.66,0.66,3.30,4.67,0.89,16.00,0.67,0.68,11.56,2.40,0.40,0.64,0.09,0.02,0.12
127,1,28,4,24,3,50,7,43,4,0.86,0.09,0.14,0.00,0.00,0.00,28,28,28.00,28.00,0.56,0.56,2.80,3.96,0.85,11.46,0.56,0.50,6.50,1.80,0.30,0.50,0.07,0.07,0.14
128,1,30,6,27,4,50,12,41,5,0.82,0.12,0.20,0.05,0.05,0.15,30,30,30.00,30.00,0.60,0.60,3.00,4.24,0.87,13.01,0.66,0.59,7.68,1.96,0.32,0.67,0.12,0.02,0.15
130,1,33,4,31,3,50,5,45,3,0.90,0.07,0.12,0.00,0.00,0.00,33,33,33.00,33.00,0.66,0.66,3.30,4.67,0.89,16.00,0.69,0.69,13.79,2.63,0.44,0.64,0.02,0.07,0.09
132,1,33,6,32,5,50,8,49,7,0.98,0.14,0.18,0.07,0.14,0.27,33,33,33.00,33.00,0.66,0.66,3.30,4.67,0.89,16.00,0.65,0.61,10.32,2.27,0.35,0.67,0.10,0.08,0.18
134,1,39,8,35,7,50,14,41,9,0.82,0.22,0.21,0.05,0.05,0.16,39,39,39.00,39.00,0.78,0.78,3.90,5.52,0.94,26.75,0.85,0.89,15.21,2.76,0.41,0.73,0.17,0.07,0.24
137,1,33,9,30,8,50,17,41,11,0.82,0.27,0.27,0.05,0.05,0.16,33,33,33.00,33.00,0.66,0.66,3.30,4.67,0.89,16.00,0.73,0.70,9.80,2.21,0.34,0.69,0.12,0.05,0.17
141,1,34,6,31,5,50,12,42,7,0.84,0.17,0.18,0.00,0.00,0.00,34,34,34.00,34.00,0.68,0.68,3.40,4.81,0.90,17.23,0.74,0.75,13.50,2.60,0.43,0.67,0.10,0.02,0.12
148,1,35,7,30,5,50,10,44,7,0.88,0.16,0.20,0.04,0.04,0.14,35,35,35.00,35.00,0.70,0.70,3.50,4.95,0.91,18.63,0.68,0.76,14.44,2.69,0.43,0.50,0.09,0.05,0.14
149,1,38,7,34,6,50,10,43,8,0.86,0.19,0.18,0.00,0.00,0.00,38,38,38.00,38.00,0.76,0.76,3.80,5.37,0.93,24.22,0.79,0.76,12.19,2.47,0.37,0.70,0.14,0.12,0.26
150,1,31,7,29,6,50,13,45,10,0.90,0.22,0.23,0.05,0.05,0.15,31,31,31.00,31.00,0.62,0.62,3.10,4.38,0.88,13.90,0.64,0.68,10.23,2.26,0.33,0.38,0.11,0.09,0.20
154,1,39,6,37,5,50,8,46,6,0.92,0.13,0.15,0.00,0.00,0.00,39,39,39.00,39.00,0.78,0.78,3.90,5.52,0.94,26.75,0.80,0.81,17.93,2.99,0.48,0.70,0.09,0.09,0.17
156,1,34,8,30,7,50,14,42,10,0.84,0.24,0.24,0.05,0.05,0.15,34,34,34.00,34.00,0.68,0.68,3.40,4.81,0.90,17.23,0.71,0.73,11.64,2.41,0.38,0.55,0.14,0.05,0.19
157,1,43,8,38,6,50,8,43,6,0.86,0.14,0.19,0.04,0.04,0.14,43,43,43.00,43.00,0.86,0.86,4.30,6.08,0.96,44.07,0.88,0.89,21.33,3.27,0.56,1.00,0.09,0.12,0.21
158,1,32,8,29,7,50,17,41,11,0.82,0.27,0.25,0.05,0.05,0.16,32,32,32.00,32.00,0.64,0.64,3.20,4.53,0.89,14.89,0.71,0.74,10.32,2.27,0.34,0.64,0.15,0.00,0.15
159,1,34,9,29,7,50,13,41,10,0.82,0.24,0.26,0.05,0.05,0.15,34,34,34.00,34.00,0.68,0.68,3.40,4.81,0.90,17.23,0.71,0.62,8.05,2.01,0.32,0.71,0.17,0.10,0.27
160,1,33,9,31,8,50,13,45,9,0.90,0.20,0.27,0.04,0.04,0.15,33,33,33.00,33.00,0.66,0.66,3.30,4.67,0.89,16.00,0.69,0.65,9.78,2.21,0.33,0.64,0.11,0.09,0.20
161,1,33,7,31,6,50,13,45,9,0.90,0.20,0.21,0.07,0.15,0.27,33,33,33.00,33.00,0.66,0.66,3.30,4.67,0.89,16.00,0.69,0.70,13.37,2.59,0.42,0.55,0.09,0.04,0.13
162,1,33,5,29,4,50,9,40,6,0.80,0.15,0.15,0.04,0.04,0.14,33,33,33.00,33.00,0.66,0.66,3.30,4.67,0.89,16.00,0.72,0.75,13.50,2.60,0.45,0.56,0.10,0.05,0.15
163,1,31,7,25,4,50,14,39,6,0.78,0.15,0.23,0.00,0.00,0.00,31,31,31.00,31.00,0.62,0.62,3.10,4.38,0.88,13.90,0.64,0.61,10.32,2.27,0.44,0.57,0.10,0.00,0.10
164,1,27,6,25,5,50,14,43,8,0.86,0.19,0.22,0.07,0.15,0.27,27,27,27.00,27.00,0.54,0.54,2.70,3.82,0.84,10.79,0.58,0.63,10.70,2.31,0.40,0.40,0.09,0.02,0.12
165,1,36,7,29,4,50,11,38,5,0.76,0.13,0.19,0.00,0.00,0.00,36,36,36.00,36.00,0.72,0.72,3.60,5.09,0.92,20.23,0.76,0.70,11.13,2.36,0.42,0.86,0.16,0.03,0.18
166,1,32,7,29,6,50,11,43,7,0.86,0.16,0.22,0.04,0.04,0.15,32,32,32.00,32.00,0.64,0.64,3.20,4.53,0.89,14.89,0.67,0.57,7.35,1.92,0.30,0.70,0.19,0.05,0.23
167,1,36,7,32,6,50,13,42,8,0.84,0.19,0.19,0.00,0.00,0.00,36,36,36.00,36.00,0.72,0.72,3.60,5.09,0.92,20.23,0.76,0.74,12.57,2.51,0.40,0.67,0.12,0.05,0.17
170,1,30,4,28,3,50,9,44,4,0.88,0.09,0.13,0.00,0.00,0.00,30,30,30.00,30.00,0.60,0.60,3.00,4.24,0.87,13.01,0.64,0.61,8.52,2.06,0.32,0.45,0.09,0.11,0.20
173,1,34,6,32,5,50,8,43,5,0.86,0.12,0.18,0.00,0.00,0.00,34,34,34.00,34.00,0.68,0.68,3.40,4.81,0.90,17.23,0.74,0.70,13.37,2.59,0.44,0.78,0.09,0.05,0.14
174,1,31,4,30,3,50,10,44,5,0.88,0.11,0.13,0.00,0.00,0.00,31,31,31.00,31.00,0.62,0.62,3.10,4.38,0.88,13.90,0.68,0.70,13.37,2.59,0.43,0.50,0.07,0.05,0.11
175,1,29,6,25,5,50,12,41,7,0.82,0.17,0.21,0.00,0.00,0.00,29,29,29.00,29.00,0.58,0.58,2.90,4.10,0.86,12.20,0.61,0.52,6.26,1.77,0.29,0.64,0.07,0.02,0.10
176,1,28,6,25,4,50,15,40,7,0.80,0.17,0.21,0.04,0.04,0.15,28,28,28.00,28.00,0.56,0.56,2.80,3.96,0.85,11.46,0.62,0.61,8.52,2.06,0.35,0.58,0.07,0.05,0.12
177,1,39,7,34,5,50,13,41,8,0.82,0.20,0.18,0.00,0.00,0.00,39,39,39.00,39.00,0.78,0.78,3.90,5.52,0.94,26.75,0.83,0.85,14.45,2.69,0.41,0.67,0.12,0.10,0.22
178,1,37,9,32,8,50,13,40,10,0.80,0.25,0.24,0.00,0.00,0.00,37,37,37.00,37.00,0.74,0.74,3.70,5.23,0.92,22.07,0.80,0.79,11.84,2.43,0.38,0.69,0.12,0.07,0.20
179,1,40,10,35,9,50,12,41,11,0.82,0.27,0.25,0.12,0.38,0.43,40,40,40.00,40.00,0.80,0.80,4.00,5.66,0.94,29.79,0.85,0.79,15.04,2.74,0.46,0.91,0.10,0.05,0.15
182,1,35,11,28,5,50,12,37,5,0.74,0.14,0.31,0.00,0.00,0.00,35,35,35.00,35.00,0.70,0.70,3.50,4.95,0.91,18.63,0.76,0.67,9.33,2.16,0.38,0.86,0.05,0.16,0.22
187,1,32,6,31,5,50,13,44,7,0.88,0.16,0.19,0.00,0.00,0.00,32,32,32.00,32.00,0.64,0.64,3.20,4.53,0.89,14.89,0.70,0.69,12.46,2.50,0.41,0.64,0.07,0.02,0.09
188,1,37,12,29,7,50,13,40,7,0.80,0.17,0.32,0.12,0.36,0.42,37,37,37.00,37.00,0.74,0.74,3.70,5.23,0.92,22.07,0.72,0.68,11.56,2.40,0.42,0.75,0.10,0.05,0.15
191,1,28,6,22,4,50,14,39,7,0.78,0.18,0.21,0.00,0.00,0.00,28,28,28.00,28.00,0.56,0.56,2.80,3.96,0.85,11.46,0.56,0.59,7.68,1.96,0.33,0.45,0.08,0.03,0.10
194,1,37,7,33,6,50,9,45,7,0.90,0.16,0.19,0.00,0.00,0.00,37,37,37.00,37.00,0.74,0.74,3.70,5.23,0.92,22.07,0.73,0.63,10.70,2.31,0.38,0.71,0.20,0.04,0.24
196,1,38,7,34,5,50,11,41,6,0.82,0.15,0.18,0.00,0.00,0.00,38,38,38.00,38.00,0.76,0.76,3.80,5.37,0.93,24.22,0.83,0.86,15.43,2.78,0.44,0.82,0.07,0.10,0.17
197,1,34,7,30,6,50,14,38,7,0.76,0.18,0.21,0.00,0.00,0.00,34,34,34.00,34.00,0.68,0.68,3.40,4.81,0.90,17.23,0.79,0.84,13.47,2.60,0.42,0.62,0.11,0.05,0.16
198,1,37,10,34,9,50,12,45,10,0.90,0.22,0.27,0.08,0.16,0.28,37,37,37.00,37.00,0.74,0.74,3.70,5.23,0.92,22.07,0.76,0.68,11.56,2.40,0.38,0.62,0.16,0.11,0.27
199,1,41,8,38,7,50,11,45,8,0.90,0.18,0.20,0.04,0.04,0.14,41,41,41.00,41.00,0.82,0.82,4.10,5.80,0.95,33.49,0.84,0.88,18.38,3.03,0.47,0.71,0.16,0.11,0.27
200,1,34,4,29,3,50,5,43,3,0.86,0.07,0.12,0.00,0.00,0.00,34,34,34.00,34.00,0.68,0.68,3.40,4.81,0.90,17.23,0.67,0.70,13.37,2.59,0.44,0.62,0.07,0.07,0.14
203,1,40,3,38,3,50,3,46,3,0.92,0.07,0.07,0.12,0.36,0.42,40,40,40.00,40.00,0.80,0.80,4.00,5.66,0.94,29.79,0.83,0.84,17.64,2.97,0.46,0.82,0.11,0.07,0.17
204,1,36,7,32,5,50,11,44,8,0.88,0.18,0.19,0.00,0.00,0.00,36,36,36.00,36.00,0.72,0.72,3.60,5.09,0.92,20.23,0.73,0.67,8.00,2.00,0.27,0.70,0.18,0.11,0.30
205,1,33,5,30,4,50,13,41,7,0.82,0.17,0.15,0.00,0.00,0.00,33,33,33.00,33.00,0.66,0.66,3.30,4.67,0.89,16.00,0.73,0.86,16.41,2.86,0.46,0.62,0.12,0.02,0.15
206,1,33,8,30,7,50,12,43,8,0.86,0.19,0.24,0.00,0.00,0.00,33,33,33.00,33.00,0.66,0.66,3.30,4.67,0.89,16.00,0.70,0.67,10.67,2.31,0.37,0.55,0.14,0.05,0.19
208,1,31,5,26,4,50,9,37,5,0.74,0.14,0.16,0.00,0.00,0.00,31,31,31.00,31.00,0.62,0.62,3.10,4.38,0.88,13.90,0.70,0.72,9.39,2.17,0.35,0.60,0.11,0.00,0.11
209,1,36,10,32,9,50,12,45,10,0.90,0.22,0.28,0.07,0.15,0.27,36,36,36.00,36.00,0.72,0.72,3.60,5.09,0.92,20.23,0.71,0.63,10.70,2.31,0.38,0.80,0.11,0.04,0.16
211,1,34,6,30,5,50,9,40,6,0.80,0.15,0.18,0.00,0.00,0.00,34,34,34.00,34.00,0.68,0.68,3.40,4.81,0.90,17.23,0.75,0.75,11.25,2.37,0.38,0.60,0.17,0.05,0.23
213,1,29,5,26,4,50,9,45,6,0.90,0.13,0.17,0.00,0.00,0.00,29,29,29.00,29.00,0.58,0.58,2.90,4.10,0.86,12.20,0.58,0.50,7.00,1.87,0.31,0.57,0.09,0.09,0.18
215,1,31,9,29,8,50,12,45,9,0.90,0.20,0.29,0.08,0.17,0.29,31,31,31.00,31.00,0.62,0.62,3.10,4.38,0.88,13.90,0.64,0.58,8.17,2.02,0.31,0.62,0.13,0.09,0.22
216,1,37,5,33,4,50,8,42,5,0.84,0.12,0.14,0.00,0.00,0.00,37,37,37.00,37.00,0.74,0.74,3.70,5.23,0.92,22.07,0.79,0.81,17.93,2.99,0.52,0.67,0.10,0.02,0.12
218,1,22,6,19,5,50,21,35,10,0.70,0.29,0.27,0.07,0.07,0.19,22,22,22.00,22.00,0.44,0.44,2.20,3.11,0.79,8.10,0.54,0.57,4.57,1.51,0.23,0.41,0.09,0.03,0.11
220,1,34,5,31,4,50,9,45,7,0.90,0.16,0.15,0.04,0.04,0.13,34,34,34.00,34.00,0.68,0.68,3.40,4.81,0.90,17.23,0.69,0.71,14.29,2.67,0.44,0.56,0.09,0.04,0.13
221,1,40,6,36,5,50,8,42,5,0.84,0.12,0.15,0.08,0.15,0.28,40,40,40.00,40.00,0.80,0.80,4.00,5.66,0.94,29.79,0.86,0.85,18.62,3.05,0.52,0.89,0.10,0.05,0.14
222,1,45,9,43,8,50,10,47,9,0.94,0.19,0.20,0.09,0.28,0.38,45,45,45.00,45.00,0.90,0.90,4.50,6.36,0.97,63.08,0.91,0.88,24.50,3.50,0.60,1.00,0.13,0.04,0.17
224,1,36,4,32,3,50,6,44,5,0.88,0.11,0.11,0.05,0.05,0.16,36,36,36.00,36.00,0.72,0.72,3.60,5.09,0.92,20.23,0.73,0.84,13.47,2.60,0.36,0.50,0.09,0.14,0.23
225,1,30,5,28,4,50,10,45,6,0.90,0.13,0.17,0.00,0.00,0.00,30,30,30.00,30.00,0.60,0.60,3.00,4.24,0.87,13.01,0.62,0.58,8.65,2.08,0.33,0.62,0.09,0.09,0.18
229,1,33,4,29,3,50,7,42,4,0.84,0.10,0.12,0.00,0.00,0.00,33,33,33.00,33.00,0.66,0.66,3.30,4.67,0.89,16.00,0.69,0.68,12.89,2.54,0.45,0.62,0.07,0.05,0.12
230,1,37,7,34,6,50,9,46,7,0.92,0.15,0.19,0.04,0.04,0.15,37,37,37.00,37.00,0.74,0.74,3.70,5.23,0.92,22.07,0.74,0.78,14.09,2.65,0.39,0.58,0.11,0.09,0.20
234,1,34,6,32,5,50,11,43,6,0.86,0.14,0.18,0.07,0.15,0.27,34,34,34.00,34.00,0.68,0.68,3.40,4.81,0.90,17.23,0.74,0.78,16.33,2.86,0.49,0.44,0.09,0.07,0.16
237,1,33,7,29,6,50,14,41,10,0.82,0.24,0.21,0.00,0.00,0.00,33,33,33.00,33.00,0.66,0.66,3.30,4.67,0.89,16.00,0.71,0.76,12.19,2.47,0.39,0.55,0.15,0.02,0.17
241,1,38,3,34,2,50,4,45,3,0.90,0.07,0.08,0.03,0.03,0.12,38,38,38.00,38.00,0.76,0.76,3.80,5.37,0.93,24.22,0.76,0.69,15.12,2.75,0.49,0.88,0.09,0.02,0.11
244,1,31,8,28,7,50,14,39,8,0.78,0.21,0.26,0.11,0.21,0.32,31,31,31.00,31.00,0.62,0.62,3.10,4.38,0.88,13.90,0.72,0.68,8.89,2.11,0.33,0.69,0.13,0.05,0.18
246,1,33,6,29,5,50,11,40,7,0.80,0.17,0.18,0.00,0.00,0.00,33,33,33.00,33.00,0.66,0.66,3.30,4.67,0.89,16.00,0.72,0.67,8.00,2.00,0.30,0.73,0.10,0.12,0.23
247,1,43,3,39,2,50,3,43,2,0.86,0.05,0.07,0.00,0.00,0.00,43,43,43.00,43.00,0.86,0.86,4.30,6.08,0.96,44.07,0.91,0.92,20.17,3.18,0.51,0.80,0.14,0.07,0.21
248,1,33,5,30,4,50,7,45,4,0.90,0.09,0.15,0.04,0.04,0.13,33,33,33.00,33.00,0.66,0.66,3.30,4.67,0.89,16.00,0.67,0.57,9.14,2.14,0.36,0.80,0.13,0.09,0.22
249,1,34,4,28,3,50,8,42,5,0.84,0.12,0.12,0.00,0.00,0.00,34,34,34.00,34.00,0.68,0.68,3.40,4.81,0.90,17.23,0.67,0.65,11.12,2.36,0.40,0.44,0.07,0.10,0.17
251,1,38,5,36,4,50,7,48,6,0.96,0.12,0.13,0.07,0.15,0.27,38,38,38.00,38.00,0.76,0.76,3.80,5.37,0.93,24.22,0.75,0.70,13.37,2.59,0.40,0.56,0.19,0.06,0.25
252,1,39,5,35,4,50,5,42,4,0.84,0.10,0.13,0.04,0.04,0.14,39,39,39.00,39.00,0.78,0.78,3.90,5.52,0.94,26.75,0.83,0.81,17.93,2.99,0.52,0.75,0.07,0.10,0.17
253,1,39,11,36,10,50,15,46,14,0.92,0.30,0.28,0.14,0.57,0.53,39,39,39.00,39.00,0.78,0.78,3.90,5.52,0.94,26.75,0.78,0.75,15.75,2.81,0.46,0.70,0.11,0.07,0.17
254,1,37,7,33,6,50,11,40,7,0.80,0.17,0.19,0.00,0.00,0.00,37,37,37.00,37.00,0.74,0.74,3.70,5.23,0.92,22.07,0.82,0.86,10.29,2.27,0.30,0.70,0.23,0.12,0.35
255,1,34,10,29,9,50,16,39,13,0.78,0.33,0.29,0.15,0.45,0.47,34,34,34.00,34.00,0.68,0.68,3.40,4.81,0.90,17.23,0.74,0.70,9.80,2.21,0.36,0.73,0.05,0.05,0.10
256,1,34,7,30,5,50,9,43,5,0.86,0.12,0.21,0.00,0.00,0.00,34,34,34.00,34.00,0.68,0.68,3.40,4.81,0.90,17.23,0.70,0.68,11.56,2.40,0.40,0.62,0.14,0.07,0.21
259,1,36,9,31,7,50,10,42,7,0.84,0.17,0.25,0.04,0.04,0.14,36,36,36.00,36.00,0.72,0.72,3.60,5.09,0.92,20.23,0.74,0.68,11.56,2.40,0.40,0.70,0.12,0.05,0.17
260,1,36,9,34,8,50,15,44,11,0.88,0.25,0.25,0.05,0.05,0.15,36,36,36.00,36.00,0.72,0.72,3.60,5.09,0.92,20.23,0.77,0.82,14.73,2.71,0.41,0.70,0.14,0.07,0.20
261,1,29,5,25,4,50,12,42,8,0.84,0.19,0.17,0.00,0.00,0.00,29,29,29.00,29.00,0.58,0.58,2.90,4.10,0.86,12.20,0.60,0.56,7.84,1.98,0.33,0.60,0.07,0.05,0.12
263,1,33,6,29,5,50,10,40,7,0.80,0.17,0.18,0.00,0.00,0.00,33,33,33.00,33.00,0.66,0.66,3.30,4.67,0.89,16.00,0.72,0.68,8.89,2.11,0.33,0.67,0.12,0.12,0.25
265,1,39,11,34,9,50,15,43,12,0.86,0.28,0.28,0.05,0.05,0.15,39,39,39.00,39.00,0.78,0.78,3.90,5.52,0.94,26.75,0.79,0.77,13.14,2.56,0.40,0.78,0.12,0.12,0.23
267,1,27,7,24,6,50,12,38,8,0.76,0.21,0.26,0.11,0.21,0.32,27,27,27.00,27.00,0.54,0.54,2.70,3.82,0.84,10.79,0.63,0.63,7.58,1.95,0.32,0.55,0.16,0.00,0.16
268,1,27,8,25,7,50,20,45,16,0.90,0.36,0.30,0.10,0.19,0.31,27,27,27.00,27.00,0.54,0.54,2.70,3.82,0.84,10.79,0.56,0.52,5.76,1.70,0.24,0.50,0.09,0.07,0.16
269,1,34,7,31,6,50,10,40,7,0.80,0.17,0.21,0.04,0.04,0.14,34,34,34.00,34.00,0.68,0.68,3.40,4.81,0.90,17.23,0.78,0.75,13.50,2.60,0.45,0.75,0.07,0.03,0.10
270,1,40,11,38,10,50,12,45,11,0.90,0.24,0.28,0.07,0.14,0.27,40,40,40.00,40.00,0.80,0.80,4.00,5.66,0.94,29.79,0.84,0.82,18.89,3.07,0.51,0.86,0.16,0.04,0.20
272,1,36,5,32,4,50,8,41,5,0.82,0.12,0.14,0.00,0.00,0.00,36,36,36.00,36.00,0.72,0.72,3.60,5.09,0.92,20.23,0.78,0.76,14.44,2.69,0.46,0.75,0.10,0.07,0.17
273,1,39,7,35,6,50,9,42,6,0.84,0.14,0.18,0.00,0.00,0.00,39,39,39.00,39.00,0.78,0.78,3.90,5.52,0.94,26.75,0.83,0.79,15.04,2.74,0.45,0.83,0.07,0.07,0.14
274,1,32,8,28,7,50,13,39,8,0.78,0.21,0.25,0.00,0.00,0.00,32,32,32.00,32.00,0.64,0.64,3.20,4.53,0.89,14.89,0.72,0.74,10.32,2.27,0.36,0.69,0.10,0.03,0.13
275,1,34,6,32,5,50,11,43,7,0.86,0.16,0.18,0.00,0.00,0.00,34,34,34.00,34.00,0.68,0.68,3.40,4.81,0.90,17.23,0.74,0.77,15.38,2.77,0.47,0.67,0.07,0.02,0.09
276,1,39,7,33,5,50,8,42,5,0.84,0.12,0.18,0.00,0.00,0.00,39,39,39.00,39.00,0.78,0.78,3.90,5.52,0.94,26.75,0.79,0.76,14.44,2.69,0.45,0.70,0.07,0.10,0.17
277,1,31,6,27,6,50,7,44,7,0.88,0.16,0.19,0.04,0.04,0.14,31,31,31.00,31.00,0.62,0.62,3.10,4.38,0.88,13.90,0.61,0.58,8.65,2.08,0.34,0.60,0.14,0.02,0.16
278,1,38,6,36,5,50,9,46,7,0.92,0.15,0.16,0.04,0.04,0.14,38,38,38.00,38.00,0.76,0.76,3.80,5.37,0.93,24.22,0.78,0.73,13.88,2.63,0.41,0.62,0.20,0.07,0.26
281,1,32,6,29,5,50,9,44,6,0.88,0.14,0.19,0.00,0.00,0.00,32,32,32.00,32.00,0.64,0.64,3.20,4.53,0.89,14.89,0.66,0.58,8.65,2.08,0.34,0.75,0.07,0.07,0.14
282,1,42,6,38,5,50,8,45,6,0.90,0.13,0.14,0.05,0.05,0.15,42,42,42.00,42.00,0.84,0.84,4.20,5.94,0.96,38.12,0.84,0.81,13.76,2.62,0.38,0.85,0.16,0.07,0.22
284,1,30,7,23,5,50,12,36,7,0.72,0.19,0.23,0.06,0.06,0.17,30,30,30.00,30.00,0.60,0.60,3.00,4.24,0.87,13.01,0.64,0.65,7.12,1.89,0.31,0.58,0.11,0.03,0.14
285,1,30,6,28,5,50,15,42,8,0.84,0.19,0.20,0.04,0.04,0.14,30,30,30.00,30.00,0.60,0.60,3.00,4.24,0.87,13.01,0.67,0.69,12.46,2.50,0.43,0.40,0.10,0.05,0.14
290,1,29,6,26,5,50,9,46,7,0.92,0.15,0.21,0.06,0.12,0.25,29,29,29.00,29.00,0.58,0.58,2.90,4.10,0.86,12.20,0.57,0.50,8.00,2.00,0.35,0.80,0.13,0.02,0.15
291,1,32,5,29,4,50,12,42,6,0.84,0.14,0.16,0.03,0.03,0.13,32,32,32.00,32.00,0.64,0.64,3.20,4.53,0.89,14.89,0.69,0.66,12.45,2.49,0.45,0.62,0.07,0.05,0.12
292,1,32,7,29,6,50,11,39,7,0.78,0.18,0.22,0.04,0.04,0.15,32,32,32.00,32.00,0.64,0.64,3.20,4.53,0.89,14.89,0.74,0.74,12.57,2.51,0.44,0.80,0.13,0.00,0.13
293,1,32,10,28,9,50,17,41,12,0.82,0.29,0.31,0.05,0.05,0.16,32,32,32.00,32.00,0.64,0.64,3.20,4.53,0.89,14.89,0.68,0.60,7.20,1.90,0.29,0.75,0.10,0.07,0.17
295,1,28,5,26,4,50,18,40,9,0.80,0.23,0.18,0.00,0.00,0.00,28,28,28.00,28.00,0.56,0.56,2.80,3.96,0.85,11.46,0.65,0.70,9.80,2.21,0.35,0.55,0.12,0.03,0.15
297,1,32,7,29,6,50,11,45,8,0.90,0.18,0.22,0.04,0.04,0.14,32,32,32.00,32.00,0.64,0.64,3.20,4.53,0.89,14.89,0.64,0.56,7.84,1.98,0.31,0.58,0.13,0.04,0.18
298,1,36,10,32,8,50,11,42,9,0.84,0.21,0.28,0.09,0.18,0.30,36,36,36.00,36.00,0.72,0.72,3.60,5.09,0.92,20.23,0.76,0.77,13.14,2.56,0.40,0.67,0.12,0.10,0.21
299,1,34,6,30,5,50,14,40,7,0.80,0.17,0.18,0.00,0.00,0.00,34,34,34.00,34.00,0.68,0.68,3.40,4.81,0.90,17.23,0.75,0.77,13.14,2.56,0.42,0.67,0.10,0.03,0.12
300,1,29,5,25,4,50,10,45,8,0.90,0.18,0.17,0.00,0.00,0.00,29,29,29.00,29.00,0.58,0.58,2.90,4.10,0.86,12.20,0.56,0.56,7.84,1.98,0.31,0.43,0.04,0.07,0.11
301,1,36,12,30,9,50,18,41,13,0.82,0.32,0.33,0.09,0.17,0.29,36,36,36.00,36.00,0.72,0.72,3.60,5.09,0.92,20.23,0.73,0.65,9.78,2.21,0.37,0.78,0.10,0.10,0.20
306,1,37,6,34,5,50,7,45,6,0.90,0.13,0.16,0.00,0.00,0.00,37,37,37.00,37.00,0.74,0.74,3.70,5.23,0.92,22.07,0.76,0.70,14.70,2.71,0.47,0.78,0.09,0.04,0.13
308,1,33,5,30,4,50,7,43,5,0.86,0.12,0.15,0.00,0.00,0.00,33,33,33.00,33.00,0.66,0.66,3.30,4.67,0.89,16.00,0.70,0.62,8.05,2.01,0.30,0.69,0.14,0.05,0.19
312,1,28,7,24,6,50,16,41,11,0.82,0.27,0.25,0.10,0.20,0.32,28,28,28.00,28.00,0.56,0.56,2.80,3.96,0.85,11.46,0.59,0.60,7.20,1.90,0.29,0.60,0.10,0.05,0.15
315,1,39,7,34,4,50,10,40,6,0.80,0.15,0.18,0.00,0.00,0.00,39,39,39.00,39.00,0.78,0.78,3.90,5.52,0.94,26.75,0.85,0.95,18.05,3.00,0.47,0.75,0.07,0.15,0.23
317,1,36,7,31,6,50,8,43,7,0.86,0.16,0.19,0.08,0.15,0.28,36,36,36.00,36.00,0.72,0.72,3.60,5.09,0.92,20.23,0.72,0.65,11.12,2.36,0.40,0.80,0.07,0.07,0.14
326,1,31,5,28,4,50,9,43,5,0.86,0.12,0.16,0.04,0.04,0.14,31,31,31.00,31.00,0.62,0.62,3.10,4.38,0.88,13.90,0.65,0.67,10.67,2.31,0.37,0.50,0.12,0.00,0.12
327,1,34,5,30,3,50,9,43,5,0.86,0.12,0.15,0.00,0.00,0.00,34,34,34.00,34.00,0.68,0.68,3.40,4.81,0.90,17.23,0.70,0.70,14.70,2.71,0.49,0.56,0.05,0.05,0.09
328,1,36,4,35,4,50,5,48,5,0.96,0.10,0.11,0.04,0.04,0.14,36,36,36.00,36.00,0.72,0.72,3.60,5.09,0.92,20.23,0.73,0.70,13.37,2.59,0.40,0.73,0.08,0.08,0.17
332,1,36,7,31,6,50,9,42,8,0.84,0.19,0.19,0.00,0.00,0.00,36,36,36.00,36.00,0.72,0.72,3.60,5.09,0.92,20.23,0.74,0.65,8.45,2.06,0.31,0.70,0.21,0.05,0.26
333,1,37,5,35,4,50,7,47,5,0.94,0.11,0.14,0.03,0.03,0.12,37,37,37.00,37.00,0.74,0.74,3.70,5.23,0.92,22.07,0.74,0.69,15.12,2.75,0.47,1.00,0.06,0.06,0.13
334,1,40,6,35,4,50,11,43,7,0.86,0.16,0.15,0.00,0.00,0.00,40,40,40.00,40.00,0.80,0.80,4.00,5.66,0.94,29.79,0.81,0.83,15.70,2.80,0.44,0.73,0.09,0.09,0.19
336,1,29,9,27,8,50,21,39,15,0.78,0.38,0.31,0.12,0.24,0.34,29,29,29.00,29.00,0.58,0.58,2.90,4.10,0.86,12.20,0.69,0.71,8.47,2.06,0.31,0.55,0.15,0.08,0.23
337,1,34,8,31,7,50,13,44,9,0.88,0.20,0.24,0.00,0.00,0.00,34,34,34.00,34.00,0.68,0.68,3.40,4.81,0.90,17.23,0.70,0.62,11.17,2.36,0.41,0.78,0.11,0.02,0.14
339,1,35,6,29,3,50,6,42,3,0.84,0.07,0.17,0.05,0.05,0.15,35,35,35.00,35.00,0.70,0.70,3.50,4.95,0.91,18.63,0.69,0.71,10.71,2.31,0.36,0.60,0.12,0.07,0.19
340,1,40,6,34,4,50,8,39,4,0.78,0.10,0.15,0.00,0.00,0.00,40,40,40.00,40.00,0.80,0.80,4.00,5.66,0.94,29.79,0.87,0.82,14.73,2.71,0.46,1.00,0.13,0.05,0.18
342,1,38,7,34,6,50,7,45,6,0.90,0.13,0.18,0.04,0.04,0.14,38,38,38.00,38.00,0.76,0.76,3.80,5.37,0.93,24.22,0.76,0.69,12.46,2.50,0.40,0.62,0.13,0.11,0.24
343,1,36,8,33,7,50,13,43,9,0.86,0.21,0.22,0.05,0.05,0.16,36,36,36.00,36.00,0.72,0.72,3.60,5.09,0.92,20.23,0.77,0.84,13.47,2.60,0.37,0.70,0.16,0.07,0.23
344,1,37,7,33,6,50,11,42,7,0.84,0.17,0.19,0.05,0.05,0.16,37,37,37.00,37.00,0.74,0.74,3.70,5.23,0.92,22.07,0.79,0.80,12.80,2.53,0.38,0.82,0.14,0.05,0.19
346,1,39,8,36,6,50,10,46,7,0.92,0.15,0.21,0.03,0.03,0.13,39,39,39.00,39.00,0.78,0.78,3.90,5.52,0.94,26.75,0.78,0.72,15.21,2.76,0.46,0.82,0.07,0.07,0.13