subjectcode,sentences,wordtypes,swordtypes,lextypes,slextypes,wordtokens,swordtokens,lextokens,slextokens,ld,ls1,ls2,vs1,vs2,cvs1,ndw,ndwz,ndwerz,ndwesz,ttr,msttr,cttr,rttr,logttr,uber,lv,vv1,svv1,cvv1,vv2,nv,adjv,advv,modv
741,1,35,3,21,3,50,4,26,4,0.52,0.15,0.09,0.00,0.00,0.00,35,35,35.00,35.00,0.70,0.70,3.50,4.95,0.91,18.63,0.81,1.00,6.00,1.73,0.23,0.82,0.19,0.08,0.27
646,1,36,8,23,8,50,8,27,8,0.54,0.30,0.22,0.22,0.44,0.47,36,36,36.00,36.00,0.72,0.72,3.60,5.09,0.92,20.23,0.85,0.89,7.11,1.89,0.30,0.77,0.07,0.11,0.19
546,1,35,3,20,3,50,4,29,4,0.58,0.14,0.09,0.00,0.00,0.00,35,35,35.00,35.00,0.70,0.70,3.50,4.95,0.91,18.63,0.69,0.80,3.20,1.26,0.14,0.58,0.28,0.07,0.34
580,1,35,3,20,3,50,3,27,3,0.54,0.11,0.09,0.00,0.00,0.00,35,35,35.00,35.00,0.70,0.70,3.50,4.95,0.91,18.63,0.74,1.00,3.00,1.22,0.11,0.67,0.11,0.07,0.19
634,1,38,7,22,6,50,9,29,8,0.58,0.28,0.18,0.12,0.12,0.25,38,38,38.00,38.00,0.76,0.76,3.80,5.37,0.93,24.22,0.76,0.75,4.50,1.50,0.21,0.77,0.14,0.10,0.24
630,1,32,7,20,6,50,11,32,10,0.64,0.31,0.22,0.00,0.00,0.00,32,32,32.00,32.00,0.64,0.64,3.20,4.53,0.89,14.89,0.62,0.80,3.20,1.26,0.12,0.53,0.22,0.03,0.25
648,1,34,5,20,5,50,5,27,5,0.54,0.19,0.15,0.20,0.20,0.32,34,34,34.00,34.00,0.68,0.68,3.40,4.81,0.90,17.23,0.74,0.80,3.20,1.26,0.15,0.75,0.15,0.11,0.26
921,1,42,7,27,7,50,10,32,10,0.64,0.31,0.17,0.00,0.00,0.00,42,42,42.00,42.00,0.84,0.84,4.20,5.94,0.96,38.12,0.84,1.00,4.00,1.41,0.12,0.83,0.25,0.03,0.28
589,1,33,4,18,3,50,5,22,3,0.44,0.14,0.12,0.00,0.00,0.00,33,33,33.00,33.00,0.66,0.66,3.30,4.67,0.89,16.00,0.82,0.83,4.17,1.44,0.23,0.77,0.09,0.05,0.14
564,1,33,5,21,4,50,5,27,4,0.54,0.15,0.15,0.33,0.33,0.41,33,33,33.00,33.00,0.66,0.66,3.30,4.67,0.89,16.00,0.78,0.67,1.33,0.82,0.07,0.67,0.19,0.15,0.33
904,1,41,3,27,3,50,3,32,3,0.64,0.09,0.07,0.00,0.00,0.00,41,41,41.00,41.00,0.82,0.82,4.10,5.80,0.95,33.49,0.84,0.78,5.44,1.65,0.22,0.82,0.12,0.06,0.19
664,1,32,4,19,4,50,4,29,4,0.58,0.14,0.12,0.12,0.12,0.25,32,32,32.00,32.00,0.64,0.64,3.20,4.53,0.89,14.89,0.66,0.88,6.12,1.75,0.24,0.40,0.14,0.07,0.21
750,1,30,2,18,2,50,3,27,3,0.54,0.11,0.07,0.00,0.00,0.00,30,30,30.00,30.00,0.60,0.60,3.00,4.24,0.87,13.01,0.67,0.75,2.25,1.06,0.11,0.62,0.22,0.07,0.30
694,1,40,6,26,6,50,6,28,6,0.56,0.21,0.15,0.25,0.25,0.35,40,40,40.00,40.00,0.80,0.80,4.00,5.66,0.94,29.79,0.93,1.00,4.00,1.41,0.14,0.93,0.21,0.07,0.29
839,1,39,5,21,4,50,5,23,4,0.46,0.17,0.13,0.25,0.50,0.50,39,39,39.00,39.00,0.78,0.78,3.90,5.52,0.94,26.75,0.91,0.88,6.12,1.75,0.30,1.00,0.09,0.13,0.22
883,1,42,6,24,5,50,6,24,5,0.48,0.21,0.14,0.00,0.00,0.00,42,42,42.00,42.00,0.84,0.84,4.20,5.94,0.96,38.12,1.00,1.00,5.00,1.58,0.21,1.00,0.21,0.12,0.33
640,1,35,6,21,6,50,8,25,8,0.50,0.32,0.17,0.20,0.20,0.32,35,35,35.00,35.00,0.70,0.70,3.50,4.95,0.91,18.63,0.84,1.00,5.00,1.58,0.20,0.75,0.16,0.12,0.28
853,1,28,6,18,6,50,6,27,6,0.54,0.22,0.21,0.40,0.80,0.63,28,28,28.00,28.00,0.56,0.56,2.80,3.96,0.85,11.46,0.67,1.00,5.00,1.58,0.19,0.56,0.11,0.04,0.15
526,1,38,5,24,5,50,5,30,5,0.60,0.17,0.13,0.14,0.14,0.27,38,38,38.00,38.00,0.76,0.76,3.80,5.37,0.93,24.22,0.80,0.86,5.14,1.60,0.20,0.77,0.27,0.00,0.27
699,1,37,7,26,6,50,7,30,6,0.60,0.20,0.19,0.22,0.44,0.47,37,37,37.00,37.00,0.74,0.74,3.70,5.23,0.92,22.07,0.87,0.89,7.11,1.89,0.27,0.79,0.17,0.07,0.23
636,1,41,8,29,8,50,8,33,8,0.66,0.24,0.20,0.20,0.20,0.32,41,41,41.00,41.00,0.82,0.82,4.10,5.80,0.95,33.49,0.88,0.80,3.20,1.26,0.12,0.84,0.24,0.03,0.27
738,1,35,5,21,5,50,5,25,5,0.50,0.20,0.14,0.12,0.12,0.25,35,35,35.00,35.00,0.70,0.70,3.50,4.95,0.91,18.63,0.84,0.75,4.50,1.50,0.24,1.00,0.12,0.04,0.16
919,1,29,4,17,4,50,4,26,4,0.52,0.15,0.14,0.00,0.00,0.00,29,29,29.00,29.00,0.58,0.58,2.90,4.10,0.86,12.20,0.65,0.50,1.50,0.87,0.12,0.55,0.19,0.12,0.31
562,1,31,6,18,6,50,7,30,7,0.60,0.23,0.19,0.00,0.00,0.00,31,31,31.00,31.00,0.62,0.62,3.10,4.38,0.88,13.90,0.60,0.50,0.50,0.50,0.03,0.62,0.27,0.03,0.30
587,1,33,6,21,5,50,7,27,6,0.54,0.22,0.18,0.00,0.00,0.00,33,33,33.00,33.00,0.66,0.66,3.30,4.67,0.89,16.00,0.78,0.80,3.20,1.26,0.15,0.71,0.15,0.04,0.19
662,1,39,9,28,9,50,9,34,9,0.68,0.26,0.23,0.00,0.00,0.00,39,39,39.00,39.00,0.78,0.78,3.90,5.52,0.94,26.75,0.82,0.86,5.14,1.60,0.18,0.79,0.21,0.15,0.35
703,1,30,5,20,5,50,10,33,10,0.66,0.30,0.17,0.00,0.00,0.00,30,30,30.00,30.00,0.60,0.60,3.00,4.24,0.87,13.01,0.61,1.00,4.00,1.41,0.12,0.59,0.15,0.09,0.24
517,1,31,8,20,8,50,11,28,11,0.56,0.39,0.26,0.40,1.60,0.89,31,31,31.00,31.00,0.62,0.62,3.10,4.38,0.88,13.90,0.71,0.90,8.10,2.01,0.32,0.53,0.07,0.04,0.11
592,1,37,7,22,6,50,8,26,7,0.52,0.27,0.19,0.38,1.12,0.75,37,37,37.00,37.00,0.74,0.74,3.70,5.23,0.92,22.07,0.85,1.00,8.00,2.00,0.31,0.73,0.19,0.08,0.27
651,1,35,5,22,5,50,5,28,5,0.56,0.18,0.14,0.00,0.00,0.00,35,35,35.00,35.00,0.70,0.70,3.50,4.95,0.91,18.63,0.79,0.80,3.20,1.26,0.14,0.71,0.25,0.04,0.29
661,1,37,10,25,9,50,12,30,11,0.60,0.37,0.27,0.33,0.33,0.41,37,37,37.00,37.00,0.74,0.74,3.70,5.23,0.92,22.07,0.83,1.00,3.00,1.22,0.10,0.80,0.23,0.10,0.33
610,1,29,4,18,4,50,5,25,5,0.50,0.20,0.14,0.00,0.00,0.00,29,29,29.00,29.00,0.58,0.58,2.90,4.10,0.86,12.20,0.72,1.00,5.00,1.58,0.20,0.64,0.20,0.08,0.28
654,1,34,9,25,8,50,10,29,9,0.58,0.31,0.26,0.00,0.00,0.00,34,34,34.00,34.00,0.68,0.68,3.40,4.81,0.90,17.23,0.86,1.00,6.00,1.73,0.21,0.71,0.17,0.14,0.31
794,1,38,6,19,5,50,7,25,6,0.50,0.24,0.16,0.00,0.00,0.00,38,38,38.00,38.00,0.76,0.76,3.80,5.37,0.93,24.22,0.76,1.00,4.00,1.41,0.16,0.68,0.08,0.00,0.08
602,1,34,9,20,8,50,12,24,11,0.48,0.46,0.26,0.17,0.17,0.29,34,34,34.00,34.00,0.68,0.68,3.40,4.81,0.90,17.23,0.83,1.00,6.00,1.73,0.25,0.85,0.12,0.00,0.12
647,1,36,7,19,7,50,10,25,10,0.50,0.40,0.19,0.00,0.00,0.00,36,36,36.00,36.00,0.72,0.72,3.60,5.09,0.92,20.23,0.76,0.83,4.17,1.44,0.20,0.71,0.16,0.00,0.16
531,1,40,4,25,4,50,5,28,5,0.56,0.18,0.10,0.14,0.14,0.27,40,40,40.00,40.00,0.80,0.80,4.00,5.66,0.94,29.79,0.89,1.00,7.00,1.87,0.25,0.85,0.21,0.04,0.25
521,1,33,6,24,6,50,6,30,6,0.60,0.20,0.18,0.30,0.90,0.67,33,33,33.00,33.00,0.66,0.66,3.30,4.67,0.89,16.00,0.80,0.90,8.10,2.01,0.30,0.67,0.20,0.07,0.27
749,1,32,6,22,6,50,8,31,8,0.62,0.26,0.19,0.20,0.40,0.45,32,32,32.00,32.00,0.64,0.64,3.20,4.53,0.89,14.89,0.71,0.90,8.10,2.01,0.29,0.62,0.16,0.03,0.19
913,1,36,6,22,6,50,7,29,7,0.58,0.24,0.17,0.00,0.00,0.00,36,36,36.00,36.00,0.72,0.72,3.60,5.09,0.92,20.23,0.76,0.71,3.57,1.34,0.17,0.79,0.17,0.07,0.24
773,1,36,3,20,3,50,4,25,4,0.50,0.16,0.08,0.00,0.00,0.00,36,36,36.00,36.00,0.72,0.72,3.60,5.09,0.92,20.23,0.80,0.71,3.57,1.34,0.20,0.82,0.20,0.04,0.24
849,1,35,3,23,3,50,3,28,3,0.56,0.11,0.09,0.14,0.14,0.27,35,35,35.00,35.00,0.70,0.70,3.50,4.95,0.91,18.63,0.82,0.86,5.14,1.60,0.21,0.77,0.18,0.07,0.25
885,1,36,3,22,3,50,3,28,3,0.56,0.11,0.08,0.29,0.57,0.53,36,36,36.00,36.00,0.72,0.72,3.60,5.09,0.92,20.23,0.79,0.86,5.14,1.60,0.21,0.75,0.21,0.04,0.25
785,1,36,6,20,6,50,8,25,8,0.50,0.32,0.17,0.00,0.00,0.00,36,36,36.00,36.00,0.72,0.72,3.60,5.09,0.92,20.23,0.80,1.00,5.00,1.58,0.20,0.62,0.24,0.04,0.28
525,1,33,7,21,7,50,8,33,8,0.66,0.24,0.21,0.14,0.14,0.27,33,33,33.00,33.00,0.66,0.66,3.30,4.67,0.89,16.00,0.64,0.86,5.14,1.60,0.18,0.53,0.15,0.03,0.18
520,1,32,6,20,6,50,7,28,7,0.56,0.25,0.19,0.25,0.50,0.50,32,32,32.00,32.00,0.64,0.64,3.20,4.53,0.89,14.89,0.71,0.75,4.50,1.50,0.21,0.64,0.21,0.07,0.29
846,1,34,8,24,8,50,8,27,8,0.54,0.30,0.24,0.29,0.57,0.53,34,34,34.00,34.00,0.68,0.68,3.40,4.81,0.90,17.23,0.89,0.86,5.14,1.60,0.22,0.85,0.19,0.07,0.26
697,1,36,5,24,5,50,5,32,5,0.64,0.16,0.14,0.00,0.00,0.00,36,36,36.00,36.00,0.72,0.72,3.60,5.09,0.92,20.23,0.75,0.70,4.90,1.57,0.22,0.77,0.16,0.09,0.25
656,1,35,6,21,6,50,7,26,7,0.52,0.27,0.17,0.00,0.00,0.00,35,35,35.00,35.00,0.70,0.70,3.50,4.95,0.91,18.63,0.81,1.00,6.00,1.73,0.23,0.71,0.15,0.04,0.19
689,1,36,4,21,3,50,6,28,4,0.56,0.14,0.11,0.00,0.00,0.00,36,36,36.00,36.00,0.72,0.72,3.60,5.09,0.92,20.23,0.75,1.00,6.00,1.73,0.21,0.70,0.07,0.00,0.07
519,1,36,3,24,3,50,3,29,3,0.58,0.10,0.08,0.00,0.00,0.00,36,36,36.00,36.00,0.72,0.72,3.60,5.09,0.92,20.23,0.83,0.89,7.11,1.89,0.28,0.69,0.10,0.14,0.24
730,1,34,7,22,7,50,7,26,7,0.52,0.27,0.21,0.25,0.25,0.35,34,34,34.00,34.00,0.68,0.68,3.40,4.81,0.90,17.23,0.85,1.00,4.00,1.41,0.15,0.83,0.27,0.08,0.35
801,1,34,7,21,7,50,7,29,7,0.58,0.24,0.21,0.25,0.50,0.50,34,34,34.00,34.00,0.68,0.68,3.40,4.81,0.90,17.23,0.72,0.75,4.50,1.50,0.21,0.64,0.17,0.07,0.24
868,1,39,3,22,3,50,4,26,4,0.52,0.15,0.08,0.00,0.00,0.00,39,39,39.00,39.00,0.78,0.78,3.90,5.52,0.94,26.75,0.85,1.00,6.00,1.73,0.23,0.73,0.12,0.19,0.31
819,1,37,7,26,6,50,8,33,7,0.66,0.21,0.19,0.22,0.44,0.47,37,37,37.00,37.00,0.74,0.74,3.70,5.23,0.92,22.07,0.79,0.78,5.44,1.65,0.21,0.77,0.21,0.09,0.30
563,1,27,3,16,3,50,4,27,4,0.54,0.15,0.11,0.00,0.00,0.00,27,27,27.00,27.00,0.54,0.54,2.70,3.82,0.84,10.79,0.59,0.67,2.67,1.15,0.15,0.43,0.19,0.04,0.22
516,1,35,2,20,2,50,2,29,2,0.58,0.07,0.06,0.17,0.17,0.29,35,35,35.00,35.00,0.70,0.70,3.50,4.95,0.91,18.63,0.69,0.83,4.17,1.44,0.17,0.57,0.17,0.10,0.28
882,1,26,4,16,4,50,6,29,6,0.58,0.21,0.15,0.17,0.17,0.29,26,26,26.00,26.00,0.52,0.52,2.60,3.68,0.83,10.16,0.55,1.00,6.00,1.73,0.21,0.36,0.10,0.07,0.17
643,1,33,4,20,4,50,5,29,5,0.58,0.17,0.12,0.00,0.00,0.00,33,33,33.00,33.00,0.66,0.66,3.30,4.67,0.89,16.00,0.69,0.86,5.14,1.60,0.21,0.60,0.17,0.03,0.21
889,1,36,7,23,7,50,7,32,7,0.64,0.22,0.19,0.00,0.00,0.00,36,36,36.00,36.00,0.72,0.72,3.60,5.09,0.92,20.23,0.72,0.71,3.57,1.34,0.16,0.64,0.28,0.03,0.31
612,1,34,8,22,8,50,9,29,9,0.58,0.31,0.24,0.50,2.00,1.00,34,34,34.00,34.00,0.68,0.68,3.40,4.81,0.90,17.23,0.76,0.88,6.12,1.75,0.24,0.83,0.14,0.07,0.21
622,1,34,5,22,5,50,5,24,5,0.48,0.21,0.15,0.17,0.17,0.29,34,34,34.00,34.00,0.68,0.68,3.40,4.81,0.90,17.23,0.92,1.00,6.00,1.73,0.25,0.85,0.17,0.04,0.21
566,1,35,6,24,6,50,6,30,6,0.60,0.20,0.17,0.00,0.00,0.00,35,35,35.00,35.00,0.70,0.70,3.50,4.95,0.91,18.63,0.80,0.75,4.50,1.50,0.20,0.75,0.13,0.07,0.20
831,1,36,10,23,9,50,11,27,10,0.54,0.37,0.28,0.33,0.67,0.58,36,36,36.00,36.00,0.72,0.72,3.60,5.09,0.92,20.23,0.85,1.00,6.00,1.73,0.22,0.75,0.30,0.04,0.33
570,1,31,2,17,2,50,3,28,3,0.56,0.11,0.06,0.00,0.00,0.00,31,31,31.00,31.00,0.62,0.62,3.10,4.38,0.88,13.90,0.61,0.75,2.25,1.06,0.11,0.62,0.18,0.04,0.21
791,1,28,4,17,4,50,7,27,7,0.54,0.26,0.14,0.17,0.17,0.29,28,28,28.00,28.00,0.56,0.56,2.80,3.96,0.85,11.46,0.63,0.67,2.67,1.15,0.15,0.56,0.19,0.00,0.19
807,1,33,5,18,4,50,5,27,4,0.54,0.15,0.15,0.25,0.50,0.50,33,33,33.00,33.00,0.66,0.66,3.30,4.67,0.89,16.00,0.67,0.62,3.12,1.25,0.19,0.55,0.22,0.04,0.26
677,1,31,7,18,6,50,8,23,7,0.46,0.30,0.23,0.00,0.00,0.00,31,31,31.00,31.00,0.62,0.62,3.10,4.38,0.88,13.90,0.78,1.00,3.00,1.22,0.13,0.82,0.22,0.04,0.26
742,1,32,3,18,3,50,6,29,6,0.58,0.21,0.09,0.33,0.33,0.41,32,32,32.00,32.00,0.64,0.64,3.20,4.53,0.89,14.89,0.62,1.00,3.00,1.22,0.10,0.62,0.17,0.03,0.21
734,1,27,3,19,3,50,5,31,5,0.62,0.16,0.11,0.12,0.12,0.25,27,27,27.00,27.00,0.54,0.54,2.70,3.82,0.84,10.79,0.61,0.50,2.00,1.00,0.13,0.50,0.26,0.06,0.32
756,1,37,7,25,7,50,7,29,7,0.58,0.24,0.19,0.17,0.17,0.29,37,37,37.00,37.00,0.74,0.74,3.70,5.23,0.92,22.07,0.86,1.00,6.00,1.73,0.21,0.75,0.31,0.07,0.38
896,1,33,5,20,5,50,7,27,7,0.54,0.26,0.15,0.00,0.00,0.00,33,33,33.00,33.00,0.66,0.66,3.30,4.67,0.89,16.00,0.74,0.83,4.17,1.44,0.19,0.67,0.19,0.07,0.26
591,1,34,5,19,5,50,6,24,6,0.48,0.25,0.15,0.00,0.00,0.00,34,34,34.00,34.00,0.68,0.68,3.40,4.81,0.90,17.23,0.79,0.80,3.20,1.26,0.17,0.64,0.29,0.04,0.33
848,1,34,6,20,4,50,6,27,4,0.54,0.15,0.18,0.00,0.00,0.00,34,34,34.00,34.00,0.68,0.68,3.40,4.81,0.90,17.23,0.74,0.83,4.17,1.44,0.19,0.64,0.19,0.07,0.26
745,1,35,3,19,3,50,3,23,3,0.46,0.13,0.09,0.00,0.00,0.00,35,35,35.00,35.00,0.70,0.70,3.50,4.95,0.91,18.63,0.83,1.00,3.00,1.22,0.13,0.77,0.26,0.00,0.26
914,1,37,7,22,7,50,7,25,7,0.50,0.28,0.19,0.25,0.25,0.35,37,37,37.00,37.00,0.74,0.74,3.70,5.23,0.92,22.07,0.88,1.00,4.00,1.41,0.16,0.88,0.12,0.04,0.16
845,1,33,6,19,6,50,7,26,7,0.52,0.27,0.18,0.00,0.00,0.00,33,33,33.00,33.00,0.66,0.66,3.30,4.67,0.89,16.00,0.73,0.75,2.25,1.06,0.12,0.67,0.23,0.00,0.23
804,1,35,9,22,8,50,9,25,8,0.50,0.32,0.26,0.50,1.00,0.71,35,35,35.00,35.00,0.70,0.70,3.50,4.95,0.91,18.63,0.88,1.00,4.00,1.41,0.16,0.83,0.28,0.04,0.32
736,1,30,7,20,7,50,9,30,9,0.60,0.30,0.23,0.00,0.00,0.00,30,30,30.00,30.00,0.60,0.60,3.00,4.24,0.87,13.01,0.67,0.75,2.25,1.06,0.10,0.65,0.13,0.07,0.20
712,1,40,6,22,6,50,7,25,7,0.50,0.28,0.15,0.00,0.00,0.00,40,40,40.00,40.00,0.80,0.80,4.00,5.66,0.94,29.79,0.88,1.00,3.00,1.22,0.12,0.81,0.24,0.00,0.24
565,1,35,3,20,3,50,3,24,3,0.48,0.12,0.09,0.25,0.25,0.35,35,35,35.00,35.00,0.70,0.70,3.50,4.95,0.91,18.63,0.83,1.00,4.00,1.41,0.17,0.73,0.12,0.08,0.21
625,1,37,7,24,7,50,7,28,7,0.56,0.25,0.19,0.00,0.00,0.00,37,37,37.00,37.00,0.74,0.74,3.70,5.23,0.92,22.07,0.86,1.00,4.00,1.41,0.14,0.77,0.32,0.07,0.39
901,1,28,7,17,7,50,9,26,9,0.52,0.35,0.25,0.50,1.00,0.71,28,28,28.00,28.00,0.56,0.56,2.80,3.96,0.85,11.46,0.65,1.00,4.00,1.41,0.15,0.56,0.15,0.00,0.15
733,1,40,7,24,7,50,7,26,7,0.52,0.27,0.17,0.14,0.14,0.27,40,40,40.00,40.00,0.80,0.80,4.00,5.66,0.94,29.79,0.92,1.00,7.00,1.87,0.27,0.82,0.23,0.08,0.31
522,1,30,5,20,4,50,6,27,5,0.54,0.19,0.17,0.00,0.00,0.00,30,30,30.00,30.00,0.60,0.60,3.00,4.24,0.87,13.01,0.74,0.86,5.14,1.60,0.22,0.64,0.15,0.04,0.19
590,1,28,4,16,4,50,6,26,6,0.52,0.23,0.14,0.00,0.00,0.00,28,28,28.00,28.00,0.56,0.56,2.80,3.96,0.85,11.46,0.62,0.83,4.17,1.44,0.19,0.47,0.15,0.00,0.15
779,1,31,4,18,4,50,7,28,7,0.56,0.25,0.13,0.20,0.20,0.32,31,31,31.00,31.00,0.62,0.62,3.10,4.38,0.88,13.90,0.64,1.00,5.00,1.58,0.18,0.50,0.11,0.00,0.11
632,1,34,6,23,6,50,7,29,7,0.58,0.24,0.18,0.11,0.11,0.24,34,34,34.00,34.00,0.68,0.68,3.40,4.81,0.90,17.23,0.79,0.89,7.11,1.89,0.28,0.82,0.14,0.10,0.24
653,1,34,4,22,4,50,4,26,4,0.52,0.15,0.12,0.00,0.00,0.00,34,34,34.00,34.00,0.68,0.68,3.40,4.81,0.90,17.23,0.85,1.00,4.00,1.41,0.15,0.73,0.27,0.12,0.38
678,1,32,4,21,3,50,4,29,3,0.58,0.10,0.12,0.00,0.00,0.00,32,32,32.00,32.00,0.64,0.64,3.20,4.53,0.89,14.89,0.72,0.78,5.44,1.65,0.24,0.58,0.14,0.10,0.24
790,1,34,7,21,7,50,8,29,8,0.58,0.28,0.21,0.22,0.44,0.47,34,34,34.00,34.00,0.68,0.68,3.40,4.81,0.90,17.23,0.72,0.67,4.00,1.41,0.21,0.67,0.10,0.07,0.17
754,1,41,8,22,6,50,8,23,6,0.46,0.26,0.20,0.00,0.00,0.00,41,41,41.00,41.00,0.82,0.82,4.10,5.80,0.95,33.49,0.96,0.83,4.17,1.44,0.22,1.00,0.26,0.04,0.30
688,1,39,7,25,7,50,8,29,8,0.58,0.28,0.18,0.00,0.00,0.00,39,39,39.00,39.00,0.78,0.78,3.90,5.52,0.94,26.75,0.86,0.67,2.67,1.15,0.14,0.87,0.24,0.03,0.28
615,1,28,4,17,3,50,5,26,4,0.52,0.15,0.14,0.00,0.00,0.00,28,28,28.00,28.00,0.56,0.56,2.80,3.96,0.85,11.46,0.65,0.60,1.80,0.95,0.12,0.56,0.15,0.04,0.19
759,1,39,6,22,6,50,6,26,6,0.52,0.23,0.15,0.00,0.00,0.00,39,39,39.00,39.00,0.78,0.78,3.90,5.52,0.94,26.75,0.85,0.83,4.17,1.44,0.19,0.77,0.15,0.12,0.27
753,1,38,2,19,1,50,2,23,1,0.46,0.04,0.05,0.00,0.00,0.00,38,38,38.00,38.00,0.76,0.76,3.80,5.37,0.93,24.22,0.83,0.86,5.14,1.60,0.26,0.70,0.13,0.13,0.26
910,1,32,5,21,5,50,7,29,7,0.58,0.24,0.16,0.11,0.11,0.24,32,32,32.00,32.00,0.64,0.64,3.20,4.53,0.89,14.89,0.72,0.78,5.44,1.65,0.24,0.57,0.17,0.03,0.21
814,1,34,5,20,5,50,5,28,5,0.56,0.18,0.15,0.29,0.57,0.53,34,34,34.00,34.00,0.68,0.68,3.40,4.81,0.90,17.23,0.71,0.71,3.57,1.34,0.18,0.64,0.18,0.11,0.29
673,1,30,4,19,4,50,4,29,4,0.58,0.14,0.13,0.00,0.00,0.00,30,30,30.00,30.00,0.60,0.60,3.00,4.24,0.87,13.01,0.66,0.50,1.50,0.87,0.10,0.64,0.17,0.14,0.31
581,1,32,7,18,7,50,8,26,8,0.52,0.31,0.22,0.00,0.00,0.00,32,32,32.00,32.00,0.64,0.64,3.20,4.53,0.89,14.89,0.69,0.80,3.20,1.26,0.15,0.60,0.15,0.08,0.23
720,1,31,2,18,2,50,2,26,2,0.52,0.08,0.06,0.00,0.00,0.00,31,31,31.00,31.00,0.62,0.62,3.10,4.38,0.88,13.90,0.69,0.71,3.57,1.34,0.19,0.58,0.15,0.12,0.27
574,1,34,5,20,5,50,6,27,6,0.54,0.22,0.15,0.50,0.50,0.50,34,34,34.00,34.00,0.68,0.68,3.40,4.81,0.90,17.23,0.74,1.00,2.00,1.00,0.07,0.71,0.33,0.04,0.37
532,1,30,3,20,3,50,3,32,3,0.64,0.09,0.10,0.20,0.40,0.45,30,30,30.00,30.00,0.60,0.60,3.00,4.24,0.87,13.01,0.62,0.70,4.90,1.57,0.22,0.64,0.12,0.09,0.22
818,1,29,4,17,4,50,4,26,4,0.52,0.15,0.14,0.00,0.00,0.00,29,29,29.00,29.00,0.58,0.58,2.90,4.10,0.86,12.20,0.65,0.57,2.29,1.07,0.15,0.62,0.08,0.04,0.12
786,1,43,11,28,11,50,11,30,11,0.60,0.37,0.26,0.00,0.00,0.00,43,43,43.00,43.00,0.86,0.86,4.30,6.08,0.96,44.07,0.93,1.00,4.00,1.41,0.13,0.89,0.20,0.03,0.23
842,1,34,5,21,5,50,9,29,9,0.58,0.31,0.15,0.00,0.00,0.00,34,34,34.00,34.00,0.68,0.68,3.40,4.81,0.90,17.23,0.72,0.80,3.20,1.26,0.14,0.69,0.17,0.07,0.24
740,1,32,4,17,4,50,5,24,5,0.48,0.21,0.12,0.00,0.00,0.00,32,32,32.00,32.00,0.64,0.64,3.20,4.53,0.89,14.89,0.71,0.83,4.17,1.44,0.21,0.55,0.21,0.04,0.25
571,1,34,6,19,6,50,6,24,6,0.48,0.25,0.18,0.00,0.00,0.00,34,34,34.00,34.00,0.68,0.68,3.40,4.81,0.90,17.23,0.79,0.71,3.57,1.34,0.21,0.77,0.17,0.00,0.17
886,1,34,7,20,6,50,7,28,6,0.56,0.21,0.21,0.14,0.14,0.27,34,34,34.00,34.00,0.68,0.68,3.40,4.81,0.90,17.23,0.71,0.71,3.57,1.34,0.18,0.69,0.21,0.04,0.25
665,1,33,6,22,6,50,8,27,8,0.54,0.30,0.18,0.33,0.67,0.58,33,33,33.00,33.00,0.66,0.66,3.30,4.67,0.89,16.00,0.81,0.83,4.17,1.44,0.19,0.90,0.19,0.11,0.30
674,1,30,3,21,3,50,3,28,3,0.56,0.11,0.10,0.00,0.00,0.00,30,30,30.00,30.00,0.60,0.60,3.00,4.24,0.87,13.01,0.75,0.86,5.14,1.60,0.21,0.72,0.04,0.07,0.11
906,1,27,5,14,4,50,5,24,4,0.48,0.17,0.19,0.17,0.17,0.29,27,27,27.00,27.00,0.54,0.54,2.70,3.82,0.84,10.79,0.58,0.67,2.67,1.15,0.17,0.50,0.12,0.04,0.17
847,1,34,5,21,5,50,5,27,5,0.54,0.19,0.15,0.17,0.17,0.29,34,34,34.00,34.00,0.68,0.68,3.40,4.81,0.90,17.23,0.78,1.00,6.00,1.73,0.22,0.67,0.19,0.00,0.19
890,1,36,2,21,2,50,2,28,2,0.56,0.07,0.06,0.00,0.00,0.00,36,36,36.00,36.00,0.72,0.72,3.60,5.09,0.92,20.23,0.75,0.71,3.57,1.34,0.18,0.75,0.14,0.14,0.29
854,1,28,3,16,3,50,4,28,4,0.56,0.14,0.11,0.00,0.00,0.00,28,28,28.00,28.00,0.56,0.56,2.80,3.96,0.85,11.46,0.57,0.38,1.12,0.75,0.11,0.50,0.18,0.11,0.29
881,1,37,5,23,5,50,5,25,5,0.50,0.20,0.14,0.29,0.57,0.53,37,37,37.00,37.00,0.74,0.74,3.70,5.23,0.92,22.07,0.92,0.86,5.14,1.60,0.24,0.92,0.24,0.00,0.24
732,1,35,5,18,4,50,7,22,6,0.44,0.27,0.14,0.00,0.00,0.00,35,35,35.00,35.00,0.70,0.70,3.50,4.95,0.91,18.63,0.82,1.00,3.00,1.22,0.14,0.82,0.23,0.05,0.27
902,1,30,4,19,4,50,4,26,4,0.52,0.15,0.13,0.00,0.00,0.00,30,30,30.00,30.00,0.60,0.60,3.00,4.24,0.87,13.01,0.73,0.83,4.17,1.44,0.19,0.62,0.23,0.00,0.23
907,1,35,5,21,5,50,5,26,5,0.52,0.19,0.14,0.00,0.00,0.00,35,35,35.00,35.00,0.70,0.70,3.50,4.95,0.91,18.63,0.81,0.75,2.25,1.06,0.12,0.73,0.19,0.08,0.27
862,1,40,6,25,6,50,6,30,6,0.60,0.20,0.15,0.00,0.00,0.00,40,40,40.00,40.00,0.80,0.80,4.00,5.66,0.94,29.79,0.83,1.00,6.00,1.73,0.20,0.62,0.23,0.13,0.37
762,1,40,3,27,3,50,3,29,3,0.58,0.10,0.07,0.00,0.00,0.00,40,40,40.00,40.00,0.80,0.80,4.00,5.66,0.94,29.79,0.93,1.00,10.00,2.24,0.34,0.80,0.14,0.17,0.31
909,1,31,5,18,5,50,6,27,6,0.54,0.22,0.16,0.10,0.10,0.22,31,31,31.00,31.00,0.62,0.62,3.10,4.38,0.88,13.90,0.67,0.60,3.60,1.34,0.22,0.70,0.11,0.07,0.19
715,1,39,9,24,9,50,10,26,10,0.52,0.38,0.23,0.38,1.12,0.75,39,39,39.00,39.00,0.78,0.78,3.90,5.52,0.94,26.75,0.92,1.00,8.00,2.00,0.31,0.92,0.12,0.08,0.19
884,1,37,10,24,10,50,10,27,10,0.54,0.37,0.27,0.50,1.50,0.87,37,37,37.00,37.00,0.74,0.74,3.70,5.23,0.92,22.07,0.89,0.83,4.17,1.44,0.19,0.85,0.19,0.11,0.30
709,1,39,3,24,3,50,4,30,4,0.60,0.13,0.08,0.12,0.12,0.25,39,39,39.00,39.00,0.78,0.78,3.90,5.52,0.94,26.75,0.80,1.00,8.00,2.00,0.27,0.75,0.17,0.00,0.17
800,1,32,7,18,6,50,7,25,6,0.50,0.24,0.22,0.22,0.44,0.47,32,32,32.00,32.00,0.64,0.64,3.20,4.53,0.89,14.89,0.72,0.78,5.44,1.65,0.28,0.64,0.12,0.04,0.16
628,1,35,7,19,7,50,8,25,8,0.50,0.32,0.20,0.20,0.20,0.32,35,35,35.00,35.00,0.70,0.70,3.50,4.95,0.91,18.63,0.76,0.60,1.80,0.95,0.12,0.71,0.20,0.04,0.24
871,1,37,5,23,5,50,5,25,5,0.50,0.20,0.14,0.29,0.57,0.53,37,37,37.00,37.00,0.74,0.74,3.70,5.23,0.92,22.07,0.92,1.00,7.00,1.87,0.28,0.82,0.16,0.12,0.28
700,1,38,3,26,3,50,3,31,3,0.62,0.10,0.08,0.14,0.14,0.27,38,38,38.00,38.00,0.76,0.76,3.80,5.37,0.93,24.22,0.84,0.86,5.14,1.60,0.19,0.76,0.16,0.06,0.23
594,1,34,4,20,4,50,4,26,4,0.52,0.15,0.12,0.00,0.00,0.00,34,34,34.00,34.00,0.68,0.68,3.40,4.81,0.90,17.23,0.77,0.75,4.50,1.50,0.23,0.73,0.15,0.08,0.23
510,1,34,4,21,4,50,4,27,4,0.54,0.15,0.12,0.25,0.25,0.35,34,34,34.00,34.00,0.68,0.68,3.40,4.81,0.90,17.23,0.78,1.00,4.00,1.41,0.15,0.75,0.15,0.04,0.19
611,1,40,11,22,10,50,11,26,10,0.52,0.38,0.28,0.50,1.00,0.71,40,40,40.00,40.00,0.80,0.80,4.00,5.66,0.94,29.79,0.85,0.75,2.25,1.06,0.12,0.80,0.23,0.04,0.27
687,1,35,8,21,8,50,8,27,8,0.54,0.30,0.23,0.29,0.57,0.53,35,35,35.00,35.00,0.70,0.70,3.50,4.95,0.91,18.63,0.78,0.71,3.57,1.34,0.19,0.67,0.26,0.04,0.30
527,1,33,5,21,5,50,6,27,6,0.54,0.22,0.15,0.22,0.44,0.47,33,33,33.00,33.00,0.66,0.66,3.30,4.67,0.89,16.00,0.78,0.78,5.44,1.65,0.26,0.75,0.22,0.11,0.33
660,1,40,6,23,6,50,8,29,8,0.58,0.28,0.15,0.14,0.14,0.27,40,40,40.00,40.00,0.80,0.80,4.00,5.66,0.94,29.79,0.79,0.86,5.14,1.60,0.21,0.86,0.17,0.03,0.21
576,1,31,3,18,3,50,4,28,4,0.56,0.14,0.10,0.00,0.00,0.00,31,31,31.00,31.00,0.62,0.62,3.10,4.38,0.88,13.90,0.64,1.00,4.00,1.41,0.14,0.50,0.14,0.07,0.21
775,1,27,6,16,6,50,8,27,8,0.54,0.30,0.22,0.11,0.11,0.24,27,27,27.00,27.00,0.54,0.54,2.70,3.82,0.84,10.79,0.59,0.67,4.00,1.41,0.22,0.50,0.11,0.04,0.15
838,1,37,5,23,5,50,5,28,5,0.56,0.18,0.14,0.00,0.00,0.00,37,37,37.00,37.00,0.74,0.74,3.70,5.23,0.92,22.07,0.82,0.86,5.14,1.60,0.21,0.70,0.29,0.07,0.36
675,1,33,3,17,3,50,4,25,4,0.50,0.16,0.09,0.00,0.00,0.00,33,33,33.00,33.00,0.66,0.66,3.30,4.67,0.89,16.00,0.68,0.75,4.50,1.50,0.24,0.64,0.08,0.00,0.08
551,1,37,10,26,10,50,10,29,10,0.58,0.34,0.27,0.25,0.50,0.50,37,37,37.00,37.00,0.74,0.74,3.70,5.23,0.92,22.07,0.90,0.88,6.12,1.75,0.24,0.92,0.17,0.10,0.28
820,1,36,3,19,3,50,3,27,3,0.54,0.11,0.08,0.00,0.00,0.00,36,36,36.00,36.00,0.72,0.72,3.60,5.09,0.92,20.23,0.70,0.67,1.33,0.82,0.07,0.65,0.19,0.04,0.22
797,1,33,11,22,11,50,13,31,13,0.62,0.42,0.33,0.20,0.40,0.45,33,33,33.00,33.00,0.66,0.66,3.30,4.67,0.89,16.00,0.71,0.70,4.90,1.57,0.23,0.75,0.06,0.06,0.13
596,1,36,6,23,6,50,6,27,6,0.54,0.22,0.17,0.00,0.00,0.00,36,36,36.00,36.00,0.72,0.72,3.60,5.09,0.92,20.23,0.85,0.80,3.20,1.26,0.15,0.79,0.26,0.04,0.30
878,1,37,5,23,5,50,5,26,5,0.52,0.19,0.14,0.00,0.00,0.00,37,37,37.00,37.00,0.74,0.74,3.70,5.23,0.92,22.07,0.88,1.00,4.00,1.41,0.15,0.77,0.27,0.08,0.35
706,1,30,4,18,4,50,4,27,4,0.54,0.15,0.13,0.00,0.00,0.00,30,30,30.00,30.00,0.60,0.60,3.00,4.24,0.87,13.01,0.67,0.80,3.20,1.26,0.15,0.65,0.11,0.04,0.15
809,1,34,5,21,5,50,5,25,5,0.50,0.20,0.15,0.33,0.67,0.58,34,34,34.00,34.00,0.68,0.68,3.40,4.81,0.90,17.23,0.84,1.00,6.00,1.73,0.24,0.73,0.16,0.00,0.16
724,1,35,4,21,4,50,5,25,5,0.50,0.20,0.11,0.17,0.17,0.29,35,35,35.00,35.00,0.70,0.70,3.50,4.95,0.91,18.63,0.84,1.00,6.00,1.73,0.24,0.79,0.16,0.04,0.20
874,1,39,8,23,7,50,9,28,8,0.56,0.29,0.21,0.00,0.00,0.00,39,39,39.00,39.00,0.78,0.78,3.90,5.52,0.94,26.75,0.82,0.80,6.40,1.79,0.29,0.82,0.21,0.00,0.21
561,1,31,4,22,4,50,5,32,5,0.64,0.16,0.13,0.00,0.00,0.00,31,31,31.00,31.00,0.62,0.62,3.10,4.38,0.88,13.90,0.69,0.56,2.78,1.18,0.16,0.88,0.22,0.12,0.34
735,1,37,6,21,6,50,6,27,6,0.54,0.22,0.16,0.40,0.80,0.63,37,37,37.00,37.00,0.74,0.74,3.70,5.23,0.92,22.07,0.78,1.00,5.00,1.58,0.19,0.67,0.15,0.11,0.26
796,1,28,5,18,5,50,8,28,8,0.56,0.29,0.18,0.20,0.20,0.32,28,28,28.00,28.00,0.56,0.56,2.80,3.96,0.85,11.46,0.64,0.60,1.80,0.95,0.11,0.67,0.18,0.07,0.25
605,1,25,4,16,4,50,8,26,8,0.52,0.31,0.16,0.00,0.00,0.00,25,25,25.00,25.00,0.50,0.50,2.50,3.54,0.82,9.59,0.62,0.71,3.57,1.34,0.19,0.50,0.12,0.08,0.19
739,1,39,8,22,8,50,11,27,11,0.54,0.41,0.21,0.33,0.33,0.41,39,39,39.00,39.00,0.78,0.78,3.90,5.52,0.94,26.75,0.81,1.00,3.00,1.22,0.11,0.77,0.22,0.11,0.33
760,1,35,6,19,6,50,7,26,7,0.52,0.27,0.17,0.29,0.57,0.53,35,35,35.00,35.00,0.70,0.70,3.50,4.95,0.91,18.63,0.73,0.57,2.29,1.07,0.15,0.71,0.15,0.04,0.19
860,1,23,2,13,2,50,3,23,3,0.46,0.13,0.09,0.00,0.00,0.00,23,23,23.00,23.00,0.46,0.46,2.30,3.25,0.80,8.56,0.57,0.50,2.00,1.00,0.17,0.56,0.17,0.00,0.17
816,1,37,4,20,4,50,5,25,5,0.50,0.20,0.11,0.00,0.00,0.00,37,37,37.00,37.00,0.74,0.74,3.70,5.23,0.92,22.07,0.80,0.75,4.50,1.50,0.24,0.75,0.20,0.00,0.20
824,1,35,8,23,8,50,9,29,9,0.58,0.31,0.23,0.33,0.67,0.58,35,35,35.00,35.00,0.70,0.70,3.50,4.95,0.91,18.63,0.79,1.00,6.00,1.73,0.21,0.71,0.28,0.00,0.28
578,1,33,5,18,5,50,7,26,7,0.52,0.27,0.15,0.00,0.00,0.00,33,33,33.00,33.00,0.66,0.66,3.30,4.67,0.89,16.00,0.69,1.00,3.00,1.22,0.12,0.58,0.15,0.15,0.31
711,1,45,7,28,7,50,7,29,7,0.58,0.24,0.16,0.00,0.00,0.00,45,45,45.00,45.00,0.90,0.90,4.50,6.36,0.97,63.08,0.97,1.00,9.00,2.12,0.31,0.92,0.17,0.07,0.24
633,1,42,6,24,6,50,6,27,6,0.54,0.22,0.14,0.14,0.14,0.27,42,42,42.00,42.00,0.84,0.84,4.20,5.94,0.96,38.12,0.89,1.00,7.00,1.87,0.26,0.86,0.11,0.07,0.19
757,1,36,8,23,7,50,8,28,7,0.56,0.25,0.22,0.25,0.25,0.35,36,36,36.00,36.00,0.72,0.72,3.60,5.09,0.92,20.23,0.82,1.00,4.00,1.41,0.14,0.81,0.14,0.11,0.25
752,1,32,3,21,3,50,3,31,3,0.62,0.10,0.09,0.00,0.00,0.00,32,32,32.00,32.00,0.64,0.64,3.20,4.53,0.89,14.89,0.68,0.57,2.29,1.07,0.13,0.63,0.10,0.06,0.16
899,1,37,5,20,4,50,6,24,4,0.48,0.17,0.14,0.00,0.00,0.00,37,37,37.00,37.00,0.74,0.74,3.70,5.23,0.92,22.07,0.83,0.86,5.14,1.60,0.25,0.75,0.08,0.12,0.21
513,1,30,2,14,2,50,3,22,3,0.44,0.14,0.07,0.25,0.50,0.50,30,30,30.00,30.00,0.60,0.60,3.00,4.24,0.87,13.01,0.64,0.75,4.50,1.50,0.27,0.50,0.05,0.05,0.09
639,1,36,8,22,8,50,9,26,9,0.52,0.35,0.22,0.00,0.00,0.00,36,36,36.00,36.00,0.72,0.72,3.60,5.09,0.92,20.23,0.85,0.75,2.25,1.06,0.12,0.79,0.23,0.08,0.31
826,1,34,4,21,4,50,5,29,5,0.58,0.17,0.12,0.25,0.25,0.35,34,34,34.00,34.00,0.68,0.68,3.40,4.81,0.90,17.23,0.72,1.00,4.00,1.41,0.14,0.63,0.14,0.03,0.17
922,1,30,6,20,6,50,8,29,8,0.58,0.28,0.20,0.00,0.00,0.00,30,30,30.00,30.00,0.60,0.60,3.00,4.24,0.87,13.01,0.69,1.00,2.00,1.00,0.07,0.62,0.24,0.14,0.38
595,1,34,6,18,5,50,7,26,6,0.52,0.23,0.18,0.33,0.67,0.58,34,34,34.00,34.00,0.68,0.68,3.40,4.81,0.90,17.23,0.69,0.67,2.67,1.15,0.15,0.50,0.23,0.12,0.35
795,1,35,7,21,7,50,8,27,8,0.54,0.30,0.20,0.00,0.00,0.00,35,35,35.00,35.00,0.70,0.70,3.50,4.95,0.91,18.63,0.78,0.75,2.25,1.06,0.11,0.71,0.22,0.07,0.30
599,1,28,3,17,3,50,4,26,4,0.52,0.15,0.11,0.00,0.00,0.00,28,28,28.00,28.00,0.56,0.56,2.80,3.96,0.85,11.46,0.65,0.75,2.25,1.06,0.12,0.64,0.19,0.04,0.23
905,1,36,1,19,1,50,1,22,1,0.44,0.05,0.03,0.00,0.00,0.00,36,36,36.00,36.00,0.72,0.72,3.60,5.09,0.92,20.23,0.86,1.00,5.00,1.58,0.23,0.80,0.23,0.05,0.27
763,1,43,7,28,7,50,8,31,8,0.62,0.26,0.16,0.12,0.12,0.25,43,43,43.00,43.00,0.86,0.86,4.30,6.08,0.96,44.07,0.90,1.00,8.00,2.00,0.26,0.85,0.13,0.16,0.29
505,1,32,4,20,4,50,4,24,4,0.48,0.17,0.12,0.00,0.00,0.00,32,32,32.00,32.00,0.64,0.64,3.20,4.53,0.89,14.89,0.83,1.00,3.00,1.22,0.12,0.71,0.29,0.00,0.29
821,1,31,5,18,4,50,5,25,4,0.50,0.16,0.16,0.22,0.44,0.47,31,31,31.00,31.00,0.62,0.62,3.10,4.38,0.88,13.90,0.72,0.78,5.44,1.65,0.28,0.50,0.20,0.04,0.24
784,1,34,4,17,4,50,4,24,4,0.48,0.17,0.12,0.00,0.00,0.00,34,34,34.00,34.00,0.68,0.68,3.40,4.81,0.90,17.23,0.71,0.62,3.12,1.25,0.21,0.73,0.12,0.04,0.17
558,1,31,4,15,3,50,7,21,5,0.42,0.24,0.13,0.00,0.00,0.00,31,31,31.00,31.00,0.62,0.62,3.10,4.38,0.88,13.90,0.71,0.86,5.14,1.60,0.29,0.56,0.14,0.05,0.19
533,1,38,5,21,4,50,5,24,4,0.48,0.17,0.13,0.00,0.00,0.00,38,38,38.00,38.00,0.76,0.76,3.80,5.37,0.93,24.22,0.88,0.75,4.50,1.50,0.25,0.83,0.25,0.17,0.42
583,1,32,7,22,7,50,10,28,10,0.56,0.36,0.22,0.00,0.00,0.00,32,32,32.00,32.00,0.64,0.64,3.20,4.53,0.89,14.89,0.79,1.00,4.00,1.41,0.14,0.73,0.14,0.11,0.25
692,1,36,3,22,3,50,3,29,3,0.58,0.10,0.08,0.11,0.11,0.24,36,36,36.00,36.00,0.72,0.72,3.60,5.09,0.92,20.23,0.76,0.89,7.11,1.89,0.28,0.57,0.21,0.00,0.21
811,1,28,6,17,5,50,6,25,5,0.50,0.20,0.21,0.17,0.17,0.29,28,28,28.00,28.00,0.56,0.56,2.80,3.96,0.85,11.46,0.68,0.67,2.67,1.15,0.16,0.60,0.12,0.04,0.16
917,1,32,4,16,4,50,7,22,7,0.44,0.32,0.12,0.00,0.00,0.00,32,32,32.00,32.00,0.64,0.64,3.20,4.53,0.89,14.89,0.73,1.00,3.00,1.22,0.14,0.67,0.09,0.05,0.14
582,1,33,6,18,5,50,11,22,8,0.44,0.36,0.18,0.00,0.00,0.00,33,33,33.00,33.00,0.66,0.66,3.30,4.67,0.89,16.00,0.82,0.75,2.25,1.06,0.14,0.90,0.23,0.05,0.27
683,1,34,6,23,6,50,7,29,7,0.58,0.24,0.18,0.11,0.11,0.24,34,34,34.00,34.00,0.68,0.68,3.40,4.81,0.90,17.23,0.79,0.78,5.44,1.65,0.24,0.70,0.10,0.21,0.31
555,1,40,6,22,6,50,6,27,6,0.54,0.22,0.15,0.00,0.00,0.00,40,40,40.00,40.00,0.80,0.80,4.00,5.66,0.94,29.79,0.81,0.80,3.20,1.26,0.15,0.67,0.26,0.11,0.37
652,1,38,2,21,2,50,2,27,2,0.54,0.07,0.05,0.00,0.00,0.00,38,38,38.00,38.00,0.76,0.76,3.80,5.37,0.93,24.22,0.78,0.86,5.14,1.60,0.22,0.75,0.15,0.07,0.22
748,1,36,7,22,7,50,7,26,7,0.52,0.27,0.19,0.14,0.14,0.27,36,36,36.00,36.00,0.72,0.72,3.60,5.09,0.92,20.23,0.85,0.86,5.14,1.60,0.23,0.75,0.19,0.08,0.27
549,1,36,4,24,4,50,4,28,4,0.56,0.14,0.11,0.12,0.12,0.25,36,36,36.00,36.00,0.72,0.72,3.60,5.09,0.92,20.23,0.86,0.88,6.12,1.75,0.25,0.91,0.18,0.07,0.25
552,1,36,4,24,4,50,6,29,6,0.58,0.21,0.11,0.00,0.00,0.00,36,36,36.00,36.00,0.72,0.72,3.60,5.09,0.92,20.23,0.83,1.00,5.00,1.58,0.17,0.86,0.21,0.07,0.28
511,1,38,7,24,7,50,7,27,7,0.54,0.26,0.18,0.11,0.11,0.24,38,38,38.00,38.00,0.76,0.76,3.80,5.37,0.93,24.22,0.89,0.89,7.11,1.89,0.30,0.85,0.15,0.04,0.19
676,1,39,5,24,5,50,5,30,5,0.60,0.17,0.13,0.29,0.57,0.53,39,39,39.00,39.00,0.78,0.78,3.90,5.52,0.94,26.75,0.80,1.00,7.00,1.87,0.23,0.64,0.10,0.17,0.27
698,1,36,9,25,9,50,9,30,9,0.60,0.30,0.25,0.00,0.00,0.00,36,36,36.00,36.00,0.72,0.72,3.60,5.09,0.92,20.23,0.83,0.75,2.25,1.06,0.10,0.78,0.23,0.03,0.27
659,1,36,9,23,8,50,10,28,9,0.56,0.32,0.25,0.00,0.00,0.00,36,36,36.00,36.00,0.72,0.72,3.60,5.09,0.92,20.23,0.82,1.00,4.00,1.41,0.14,0.76,0.18,0.04,0.21
891,1,31,3,19,3,50,4,27,4,0.54,0.15,0.10,0.11,0.11,0.24,31,31,31.00,31.00,0.62,0.62,3.10,4.38,0.88,13.90,0.70,1.00,9.00,2.12,0.33,0.45,0.15,0.04,0.19
721,1,38,6,25,6,50,6,29,6,0.58,0.21,0.16,0.00,0.00,0.00,38,38,38.00,38.00,0.76,0.76,3.80,5.37,0.93,24.22,0.86,0.67,2.67,1.15,0.14,0.82,0.31,0.10,0.41
691,1,31,4,15,4,50,8,23,8,0.46,0.35,0.13,0.00,0.00,0.00,31,31,31.00,31.00,0.62,0.62,3.10,4.38,0.88,13.90,0.65,1.00,3.00,1.22,0.13,0.64,0.17,0.00,0.17
644,1,35,5,18,5,50,7,29,7,0.58,0.24,0.14,0.00,0.00,0.00,35,35,35.00,35.00,0.70,0.70,3.50,4.95,0.91,18.63,0.62,1.00,5.00,1.58,0.17,0.55,0.14,0.10,0.24
682,1,31,3,20,3,50,3,29,3,0.58,0.10,0.10,0.14,0.14,0.27,31,31,31.00,31.00,0.62,0.62,3.10,4.38,0.88,13.90,0.69,0.57,2.29,1.07,0.14,0.64,0.28,0.03,0.31
616,1,30,4,19,4,50,4,26,4,0.52,0.15,0.13,0.00,0.00,0.00,30,30,30.00,30.00,0.60,0.60,3.00,4.24,0.87,13.01,0.73,0.67,1.33,0.82,0.08,0.73,0.27,0.08,0.35
529,1,34,3,20,3,50,3,23,3,0.46,0.13,0.09,0.25,0.25,0.35,34,34,34.00,34.00,0.68,0.68,3.40,4.81,0.90,17.23,0.87,0.75,2.25,1.06,0.13,1.00,0.22,0.17,0.39
850,1,37,3,19,3,50,3,26,3,0.52,0.12,0.08,0.00,0.00,0.00,37,37,37.00,37.00,0.74,0.74,3.70,5.23,0.92,22.07,0.73,0.80,3.20,1.26,0.15,0.77,0.19,0.04,0.23
908,1,35,5,22,5,50,5,26,5,0.52,0.19,0.14,0.00,0.00,0.00,35,35,35.00,35.00,0.70,0.70,3.50,4.95,0.91,18.63,0.85,1.00,7.00,1.87,0.27,0.71,0.15,0.04,0.19
799,1,32,3,17,3,50,5,29,5,0.58,0.17,0.09,0.00,0.00,0.00,32,32,32.00,32.00,0.64,0.64,3.20,4.53,0.89,14.89,0.59,0.50,1.50,0.87,0.10,0.47,0.24,0.03,0.28
918,1,35,6,20,6,50,6,25,6,0.50,0.24,0.17,0.00,0.00,0.00,35,35,35.00,35.00,0.70,0.70,3.50,4.95,0.91,18.63,0.80,1.00,4.00,1.41,0.16,0.69,0.20,0.12,0.32
609,1,36,6,19,5,50,6,25,5,0.50,0.20,0.17,0.00,0.00,0.00,36,36,36.00,36.00,0.72,0.72,3.60,5.09,0.92,20.23,0.76,0.67,1.33,0.82,0.08,0.67,0.28,0.12,0.40
813,1,35,4,23,4,50,4,29,4,0.58,0.14,0.11,0.00,0.00,0.00,35,35,35.00,35.00,0.70,0.70,3.50,4.95,0.91,18.63,0.79,0.83,4.17,1.44,0.17,0.79,0.10,0.00,0.10
772,1,37,8,24,8,50,9,28,9,0.56,0.32,0.22,0.40,0.80,0.63,37,37,37.00,37.00,0.74,0.74,3.70,5.23,0.92,22.07,0.86,1.00,5.00,1.58,0.18,0.86,0.21,0.04,0.25
776,1,34,6,20,6,50,9,26,8,0.52,0.31,0.18,0.00,0.00,0.00,34,34,34.00,34.00,0.68,0.68,3.40,4.81,0.90,17.23,0.77,1.00,3.00,1.22,0.12,0.67,0.15,0.12,0.27
623,1,30,5,19,5,50,5,27,5,0.54,0.19,0.17,0.10,0.10,0.22,30,30,30.00,30.00,0.60,0.60,3.00,4.24,0.87,13.01,0.70,0.70,4.90,1.57,0.26,0.62,0.07,0.07,0.15
823,1,36,4,21,4,50,4,26,4,0.52,0.15,0.11,0.25,0.50,0.50,36,36,36.00,36.00,0.72,0.72,3.60,5.09,0.92,20.23,0.81,1.00,8.00,2.00,0.31,0.82,0.12,0.08,0.19
802,1,39,6,24,6,50,7,26,7,0.52,0.27,0.15,0.00,0.00,0.00,39,39,39.00,39.00,0.78,0.78,3.90,5.52,0.94,26.75,0.92,1.00,6.00,1.73,0.23,0.92,0.19,0.04,0.23
861,1,39,10,23,9,50,10,27,9,0.54,0.33,0.26,0.00,0.00,0.00,39,39,39.00,39.00,0.78,0.78,3.90,5.52,0.94,26.75,0.85,0.75,2.25,1.06,0.11,0.87,0.22,0.04,0.26
722,1,36,5,19,5,50,5,23,5,0.46,0.22,0.14,0.00,0.00,0.00,36,36,36.00,36.00,0.72,0.72,3.60,5.09,0.92,20.23,0.83,1.00,4.00,1.41,0.17,0.83,0.22,0.04,0.26
667,1,40,9,27,9,50,9,29,9,0.58,0.31,0.23,0.25,0.25,0.35,40,40,40.00,40.00,0.80,0.80,4.00,5.66,0.94,29.79,0.93,1.00,4.00,1.41,0.14,0.92,0.38,0.00,0.38
726,1,37,6,23,6,50,9,28,9,0.56,0.32,0.16,0.22,0.44,0.47,37,37,37.00,37.00,0.74,0.74,3.70,5.23,0.92,22.07,0.82,1.00,9.00,2.12,0.32,0.75,0.14,0.04,0.18
766,1,36,8,23,8,50,8,27,8,0.54,0.30,0.22,0.43,1.29,0.80,36,36,36.00,36.00,0.72,0.72,3.60,5.09,0.92,20.23,0.85,1.00,7.00,1.87,0.26,0.86,0.11,0.07,0.19
544,1,34,5,22,5,50,5,28,5,0.56,0.18,0.15,0.22,0.44,0.47,34,34,34.00,34.00,0.68,0.68,3.40,4.81,0.90,17.23,0.79,0.67,4.00,1.41,0.21,0.75,0.11,0.14,0.25
856,1,37,4,22,4,50,4,27,4,0.54,0.15,0.11,0.00,0.00,0.00,37,37,37.00,37.00,0.74,0.74,3.70,5.23,0.92,22.07,0.81,0.80,3.20,1.26,0.15,0.75,0.26,0.11,0.37
536,1,29,2,15,2,50,3,23,3,0.46,0.13,0.07,0.00,0.00,0.00,29,29,29.00,29.00,0.58,0.58,2.90,4.10,0.86,12.20,0.65,0.75,2.25,1.06,0.13,0.67,0.09,0.00,0.09
787,1,31,2,17,2,50,2,26,2,0.52,0.08,0.06,0.00,0.00,0.00,31,31,31.00,31.00,0.62,0.62,3.10,4.38,0.88,13.90,0.65,0.60,1.80,0.95,0.12,0.55,0.19,0.15,0.35
523,1,38,8,22,7,50,8,30,7,0.60,0.23,0.21,0.00,0.00,0.00,38,38,38.00,38.00,0.76,0.76,3.80,5.37,0.93,24.22,0.73,0.88,6.12,1.75,0.23,0.54,0.23,0.03,0.27
723,1,35,5,20,5,50,5,24,5,0.48,0.21,0.14,0.00,0.00,0.00,35,35,35.00,35.00,0.70,0.70,3.50,4.95,0.91,18.63,0.83,0.83,4.17,1.44,0.21,0.77,0.12,0.08,0.21
863,1,37,5,24,5,50,5,28,5,0.56,0.18,0.14,0.14,0.14,0.27,37,37,37.00,37.00,0.74,0.74,3.70,5.23,0.92,22.07,0.86,1.00,7.00,1.87,0.25,0.83,0.21,0.04,0.25
892,1,30,4,20,4,50,5,29,5,0.58,0.17,0.13,0.00,0.00,0.00,30,30,30.00,30.00,0.60,0.60,3.00,4.24,0.87,13.01,0.69,0.67,2.67,1.15,0.14,0.64,0.17,0.10,0.28
834,1,25,4,16,4,50,5,28,5,0.56,0.18,0.16,0.20,0.40,0.45,25,25,25.00,25.00,0.50,0.50,2.50,3.54,0.82,9.59,0.57,0.60,3.60,1.34,0.21,0.55,0.11,0.04,0.14
617,1,35,9,20,8,50,11,24,10,0.48,0.42,0.26,0.33,0.67,0.58,35,35,35.00,35.00,0.70,0.70,3.50,4.95,0.91,18.63,0.83,1.00,6.00,1.73,0.25,0.73,0.21,0.04,0.25
585,1,42,11,28,10,50,11,30,10,0.60,0.33,0.26,0.40,0.80,0.63,42,42,42.00,42.00,0.84,0.84,4.20,5.94,0.96,38.12,0.93,1.00,5.00,1.58,0.17,0.91,0.33,0.10,0.43
685,1,31,5,17,5,50,7,26,7,0.52,0.27,0.16,0.00,0.00,0.00,31,31,31.00,31.00,0.62,0.62,3.10,4.38,0.88,13.90,0.65,0.50,0.50,0.50,0.04,0.50,0.31,0.08,0.38
833,1,33,6,20,6,50,6,27,6,0.54,0.22,0.18,0.25,0.50,0.50,33,33,33.00,33.00,0.66,0.66,3.30,4.67,0.89,16.00,0.74,0.75,4.50,1.50,0.22,0.71,0.11,0.07,0.19
836,1,37,7,23,7,50,8,27,8,0.54,0.30,0.19,0.17,0.17,0.29,37,37,37.00,37.00,0.74,0.74,3.70,5.23,0.92,22.07,0.85,1.00,6.00,1.73,0.22,0.83,0.22,0.07,0.30
830,1,35,6,21,5,50,7,29,6,0.58,0.21,0.17,0.00,0.00,0.00,35,35,35.00,35.00,0.70,0.70,3.50,4.95,0.91,18.63,0.72,1.00,6.00,1.73,0.21,0.56,0.14,0.10,0.24
737,1,36,6,24,6,50,6,29,6,0.58,0.21,0.17,0.00,0.00,0.00,36,36,36.00,36.00,0.72,0.72,3.60,5.09,0.92,20.23,0.83,1.00,6.00,1.73,0.21,0.62,0.28,0.07,0.34
858,1,36,6,24,6,50,7,30,7,0.60,0.23,0.17,0.25,0.25,0.35,36,36,36.00,36.00,0.72,0.72,3.60,5.09,0.92,20.23,0.80,1.00,4.00,1.41,0.13,0.71,0.23,0.10,0.33
670,1,37,5,22,5,50,5,27,5,0.54,0.19,0.14,0.20,0.20,0.32,37,37,37.00,37.00,0.74,0.74,3.70,5.23,0.92,22.07,0.81,1.00,5.00,1.58,0.19,0.73,0.19,0.07,0.26
916,1,41,7,28,7,50,8,35,8,0.70,0.23,0.17,0.00,0.00,0.00,41,41,41.00,41.00,0.82,0.82,4.10,5.80,0.95,33.49,0.80,0.75,2.25,1.06,0.09,0.87,0.29,0.09,0.37
702,1,32,3,19,2,50,4,28,3,0.56,0.11,0.09,0.00,0.00,0.00,32,32,32.00,32.00,0.64,0.64,3.20,4.53,0.89,14.89,0.68,1.00,5.00,1.58,0.18,0.59,0.14,0.04,0.18
577,1,36,6,22,6,50,6,27,6,0.54,0.22,0.17,0.25,0.50,0.50,36,36,36.00,36.00,0.72,0.72,3.60,5.09,0.92,20.23,0.81,1.00,8.00,2.00,0.30,0.62,0.15,0.07,0.22
631,1,31,4,20,4,50,5,32,5,0.64,0.16,0.13,0.00,0.00,0.00,31,31,31.00,31.00,0.62,0.62,3.10,4.38,0.88,13.90,0.62,0.67,1.33,0.82,0.06,0.53,0.28,0.03,0.31
810,1,38,8,23,7,50,9,27,8,0.54,0.30,0.21,0.00,0.00,0.00,38,38,38.00,38.00,0.76,0.76,3.80,5.37,0.93,24.22,0.85,0.86,5.14,1.60,0.22,0.85,0.22,0.00,0.22
851,1,33,9,22,9,50,10,29,10,0.58,0.34,0.27,0.20,0.20,0.32,33,33,33.00,33.00,0.66,0.66,3.30,4.67,0.89,16.00,0.76,0.80,3.20,1.26,0.14,0.71,0.21,0.00,0.21
880,1,40,7,23,7,50,7,25,7,0.50,0.28,0.17,0.50,1.00,0.71,40,40,40.00,40.00,0.80,0.80,4.00,5.66,0.94,29.79,0.92,1.00,4.00,1.41,0.16,0.93,0.16,0.08,0.24
778,1,33,2,21,2,50,2,28,2,0.56,0.07,0.06,0.00,0.00,0.00,33,33,33.00,33.00,0.66,0.66,3.30,4.67,0.89,16.00,0.75,0.86,5.14,1.60,0.21,0.75,0.07,0.07,0.14
798,1,34,6,21,6,50,6,31,6,0.62,0.19,0.18,0.18,0.36,0.43,34,34,34.00,34.00,0.68,0.68,3.40,4.81,0.90,17.23,0.68,0.73,5.82,1.71,0.26,0.56,0.10,0.03,0.13
598,1,34,8,22,8,50,11,29,11,0.58,0.38,0.24,0.20,0.20,0.32,34,34,34.00,34.00,0.68,0.68,3.40,4.81,0.90,17.23,0.76,0.80,3.20,1.26,0.14,0.75,0.14,0.10,0.24
593,1,40,7,22,6,50,7,24,6,0.48,0.25,0.17,0.00,0.00,0.00,40,40,40.00,40.00,0.80,0.80,4.00,5.66,0.94,29.79,0.92,1.00,2.00,1.00,0.08,0.88,0.21,0.04,0.25
920,1,38,13,24,13,50,16,30,16,0.60,0.53,0.34,0.50,1.50,0.87,38,38,38.00,38.00,0.76,0.76,3.80,5.37,0.93,24.22,0.80,1.00,6.00,1.73,0.20,0.71,0.23,0.03,0.27
534,1,33,4,19,4,50,6,27,6,0.54,0.22,0.12,0.25,0.50,0.50,33,33,33.00,33.00,0.66,0.66,3.30,4.67,0.89,16.00,0.70,0.75,4.50,1.50,0.22,0.55,0.11,0.15,0.26
898,1,37,5,20,5,50,5,25,5,0.50,0.20,0.14,0.14,0.14,0.27,37,37,37.00,37.00,0.74,0.74,3.70,5.23,0.92,22.07,0.80,1.00,7.00,1.87,0.28,0.64,0.16,0.00,0.16
637,1,37,8,23,8,50,9,31,9,0.62,0.29,0.22,0.17,0.17,0.29,37,37,37.00,37.00,0.74,0.74,3.70,5.23,0.92,22.07,0.74,0.67,2.67,1.15,0.13,0.79,0.16,0.13,0.29
620,1,32,7,19,7,50,10,28,10,0.56,0.36,0.22,0.00,0.00,0.00,32,32,32.00,32.00,0.64,0.64,3.20,4.53,0.89,14.89,0.68,0.83,4.17,1.44,0.18,0.60,0.14,0.04,0.18
727,1,33,5,20,5,50,6,30,6,0.60,0.20,0.15,0.33,0.67,0.58,33,33,33.00,33.00,0.66,0.66,3.30,4.67,0.89,16.00,0.67,0.83,4.17,1.44,0.17,0.57,0.20,0.07,0.27
501,1,36,9,24,9,50,10,29,10,0.58,0.34,0.25,0.25,0.50,0.50,36,36,36.00,36.00,0.72,0.72,3.60,5.09,0.92,20.23,0.83,1.00,8.00,2.00,0.28,0.82,0.21,0.07,0.28
671,1,31,4,19,4,50,4,28,4,0.56,0.14,0.13,0.00,0.00,0.00,31,31,31.00,31.00,0.62,0.62,3.10,4.38,0.88,13.90,0.68,0.67,2.67,1.15,0.14,0.71,0.14,0.07,0.21
767,1,31,4,17,4,50,5,25,5,0.50,0.20,0.13,0.00,0.00,0.00,31,31,31.00,31.00,0.62,0.62,3.10,4.38,0.88,13.90,0.68,0.75,2.25,1.06,0.12,0.54,0.16,0.12,0.28
601,1,36,6,25,6,50,6,30,6,0.60,0.20,0.17,0.22,0.44,0.47,36,36,36.00,36.00,0.72,0.72,3.60,5.09,0.92,20.23,0.83,0.89,7.11,1.89,0.27,0.73,0.20,0.10,0.30
780,1,37,5,18,5,50,6,21,6,0.42,0.29,0.14,0.00,0.00,0.00,37,37,37.00,37.00,0.74,0.74,3.70,5.23,0.92,22.07,0.86,1.00,5.00,1.58,0.24,0.80,0.19,0.05,0.24
864,1,32,4,18,4,50,4,23,4,0.46,0.17,0.12,0.00,0.00,0.00,32,32,32.00,32.00,0.64,0.64,3.20,4.53,0.89,14.89,0.78,0.83,4.17,1.44,0.22,0.67,0.30,0.13,0.43
638,1,38,4,22,3,50,5,28,4,0.56,0.14,0.11,0.00,0.00,0.00,38,38,38.00,38.00,0.76,0.76,3.80,5.37,0.93,24.22,0.79,1.00,6.00,1.73,0.21,0.73,0.18,0.11,0.29
693,1,33,3,20,3,50,3,26,3,0.52,0.12,0.09,0.00,0.00,0.00,33,33,33.00,33.00,0.66,0.66,3.30,4.67,0.89,16.00,0.77,1.00,7.00,1.87,0.27,0.64,0.12,0.04,0.15
744,1,30,2,19,2,50,2,29,2,0.58,0.07,0.07,0.00,0.00,0.00,30,30,30.00,30.00,0.60,0.60,3.00,4.24,0.87,13.01,0.66,0.78,5.44,1.65,0.24,0.59,0.07,0.03,0.10
508,1,39,5,22,4,50,5,27,4,0.54,0.15,0.13,0.00,0.00,0.00,39,39,39.00,39.00,0.78,0.78,3.90,5.52,0.94,26.75,0.81,1.00,5.00,1.58,0.19,0.64,0.22,0.07,0.30
815,1,35,6,20,6,50,7,25,7,0.50,0.28,0.17,0.00,0.00,0.00,35,35,35.00,35.00,0.70,0.70,3.50,4.95,0.91,18.63,0.80,1.00,6.00,1.73,0.24,0.67,0.20,0.04,0.24
764,1,37,8,23,8,50,9,28,9,0.56,0.32,0.22,0.29,0.57,0.53,37,37,37.00,37.00,0.74,0.74,3.70,5.23,0.92,22.07,0.82,0.86,5.14,1.60,0.21,0.90,0.25,0.07,0.32
867,1,37,2,24,2,50,2,29,2,0.58,0.07,0.05,0.00,0.00,0.00,37,37,37.00,37.00,0.74,0.74,3.70,5.23,0.92,22.07,0.83,1.00,5.00,1.58,0.17,0.64,0.21,0.14,0.34
893,1,34,3,20,3,50,3,26,3,0.52,0.12,0.09,0.00,0.00,0.00,34,34,34.00,34.00,0.68,0.68,3.40,4.81,0.90,17.23,0.77,0.62,3.12,1.25,0.19,0.77,0.12,0.08,0.19
535,1,32,3,22,3,50,4,31,4,0.62,0.13,0.09,0.00,0.00,0.00,32,32,32.00,32.00,0.64,0.64,3.20,4.53,0.89,14.89,0.71,0.88,6.12,1.75,0.23,0.60,0.16,0.03,0.19
573,1,29,4,16,4,50,5,26,5,0.52,0.19,0.14,0.17,0.17,0.29,29,29,29.00,29.00,0.58,0.58,2.90,4.10,0.86,12.20,0.62,0.50,1.50,0.87,0.12,0.54,0.15,0.08,0.23
539,1,42,6,29,6,50,6,32,6,0.64,0.19,0.14,0.00,0.00,0.00,42,42,42.00,42.00,0.84,0.84,4.20,5.94,0.96,38.12,0.91,1.00,8.00,2.00,0.25,0.83,0.09,0.09,0.19
728,1,35,4,19,4,50,5,31,5,0.62,0.16,0.11,0.20,0.20,0.32,35,35,35.00,35.00,0.70,0.70,3.50,4.95,0.91,18.63,0.61,0.80,3.20,1.26,0.13,0.59,0.16,0.03,0.19
553,1,43,7,25,7,50,7,28,7,0.56,0.25,0.16,0.14,0.14,0.27,43,43,43.00,43.00,0.86,0.86,4.30,6.08,0.96,44.07,0.89,0.86,5.14,1.60,0.21,0.92,0.21,0.11,0.32
771,1,35,3,20,3,50,3,24,3,0.48,0.12,0.09,0.00,0.00,0.00,35,35,35.00,35.00,0.70,0.70,3.50,4.95,0.91,18.63,0.83,1.00,5.00,1.58,0.21,0.67,0.21,0.08,0.29
857,1,32,7,20,7,50,7,29,7,0.58,0.24,0.22,0.00,0.00,0.00,32,32,32.00,32.00,0.64,0.64,3.20,4.53,0.89,14.89,0.69,0.83,4.17,1.44,0.17,0.67,0.14,0.07,0.21
895,1,35,4,20,4,50,5,24,5,0.48,0.21,0.11,0.00,0.00,0.00,35,35,35.00,35.00,0.70,0.70,3.50,4.95,0.91,18.63,0.83,1.00,5.00,1.58,0.21,0.73,0.25,0.08,0.33
788,1,33,1,16,1,50,1,23,1,0.46,0.04,0.03,0.00,0.00,0.00,33,33,33.00,33.00,0.66,0.66,3.30,4.67,0.89,16.00,0.70,0.75,2.25,1.06,0.13,0.54,0.22,0.04,0.26
600,1,39,5,22,5,50,5,24,5,0.48,0.21,0.13,0.50,0.50,0.50,39,39,39.00,39.00,0.78,0.78,3.90,5.52,0.94,26.75,0.92,1.00,2.00,1.00,0.08,0.89,0.08,0.04,0.12
841,1,34,6,20,6,50,7,24,7,0.48,0.29,0.18,0.00,0.00,0.00,34,34,34.00,34.00,0.68,0.68,3.40,4.81,0.90,17.23,0.83,1.00,5.00,1.58,0.21,0.75,0.21,0.08,0.29
792,1,31,4,21,4,50,4,29,4,0.58,0.14,0.13,0.17,0.17,0.29,31,31,31.00,31.00,0.62,0.62,3.10,4.38,0.88,13.90,0.72,0.83,4.17,1.44,0.17,0.56,0.17,0.07,0.24
729,1,38,8,22,7,50,11,26,10,0.52,0.38,0.21,0.33,0.67,0.58,38,38,38.00,38.00,0.76,0.76,3.80,5.37,0.93,24.22,0.85,0.83,4.17,1.44,0.19,0.83,0.23,0.04,0.27
900,1,33,6,17,6,50,8,24,8,0.48,0.33,0.18,0.00,0.00,0.00,33,33,33.00,33.00,0.66,0.66,3.30,4.67,0.89,16.00,0.71,0.75,2.25,1.06,0.12,0.72,0.04,0.00,0.04
515,1,36,10,26,9,50,11,32,10,0.64,0.31,0.28,0.17,0.17,0.29,36,36,36.00,36.00,0.72,0.72,3.60,5.09,0.92,20.23,0.81,0.83,4.17,1.44,0.16,0.81,0.19,0.06,0.25
770,1,38,8,24,8,50,10,27,10,0.54,0.37,0.21,0.25,0.25,0.35,38,38,38.00,38.00,0.76,0.76,3.80,5.37,0.93,24.22,0.89,1.00,4.00,1.41,0.15,0.83,0.26,0.11,0.37
618,1,36,2,22,2,50,2,30,2,0.60,0.07,0.06,0.12,0.12,0.25,36,36,36.00,36.00,0.72,0.72,3.60,5.09,0.92,20.23,0.73,1.00,8.00,2.00,0.27,0.69,0.10,0.10,0.20
568,1,39,5,25,5,50,5,26,5,0.52,0.19,0.13,0.17,0.17,0.29,39,39,39.00,39.00,0.78,0.78,3.90,5.52,0.94,26.75,0.96,1.00,6.00,1.73,0.23,0.94,0.15,0.00,0.15
607,1,31,5,17,5,50,6,26,6,0.52,0.23,0.16,0.40,0.80,0.63,31,31,31.00,31.00,0.62,0.62,3.10,4.38,0.88,13.90,0.65,0.80,3.20,1.26,0.15,0.57,0.15,0.04,0.19
686,1,37,5,22,5,50,6,29,6,0.58,0.21,0.14,0.00,0.00,0.00,37,37,37.00,37.00,0.74,0.74,3.70,5.23,0.92,22.07,0.76,0.80,3.20,1.26,0.14,0.69,0.28,0.07,0.34
586,1,34,8,25,8,50,11,35,11,0.70,0.31,0.24,0.00,0.00,0.00,34,34,34.00,34.00,0.68,0.68,3.40,4.81,0.90,17.23,0.71,0.86,5.14,1.60,0.17,0.55,0.17,0.06,0.23
713,1,38,6,24,6,50,6,28,6,0.56,0.21,0.16,0.00,0.00,0.00,38,38,38.00,38.00,0.76,0.76,3.80,5.37,0.93,24.22,0.86,0.83,4.17,1.44,0.18,0.80,0.18,0.07,0.25
613,1,37,4,22,4,50,6,27,6,0.54,0.22,0.11,0.25,0.50,0.50,37,37,37.00,37.00,0.74,0.74,3.70,5.23,0.92,22.07,0.81,1.00,8.00,2.00,0.30,0.78,0.19,0.07,0.26
666,1,27,2,16,2,50,2,25,2,0.50,0.08,0.07,0.00,0.00,0.00,27,27,27.00,27.00,0.54,0.54,2.70,3.82,0.84,10.79,0.64,0.75,2.25,1.06,0.12,0.57,0.24,0.04,0.28
911,1,29,6,19,6,50,7,30,7,0.60,0.23,0.21,0.00,0.00,0.00,29,29,29.00,29.00,0.58,0.58,2.90,4.10,0.86,12.20,0.63,0.60,1.80,0.95,0.10,0.60,0.13,0.00,0.13
541,1,30,2,18,2,50,2,22,2,0.44,0.09,0.07,0.17,0.17,0.29,30,30,30.00,30.00,0.60,0.60,3.00,4.24,0.87,13.01,0.82,1.00,6.00,1.73,0.27,0.71,0.09,0.00,0.09
872,1,38,4,28,4,50,4,33,4,0.66,0.12,0.11,0.00,0.00,0.00,38,38,38.00,38.00,0.76,0.76,3.80,5.37,0.93,24.22,0.85,0.75,2.25,1.06,0.09,0.85,0.21,0.21,0.42
808,1,34,2,17,2,50,2,20,2,0.40,0.10,0.06,0.20,0.20,0.32,34,34,34.00,34.00,0.68,0.68,3.40,4.81,0.90,17.23,0.85,0.80,3.20,1.26,0.20,0.89,0.10,0.15,0.25
875,1,42,7,24,6,50,7,26,6,0.52,0.23,0.17,0.25,0.50,0.50,42,42,42.00,42.00,0.84,0.84,4.20,5.94,0.96,38.12,0.92,1.00,8.00,2.00,0.31,0.83,0.15,0.08,0.23
829,1,37,5,20,5,50,7,24,7,0.48,0.29,0.14,0.00,0.00,0.00,37,37,37.00,37.00,0.74,0.74,3.70,5.23,0.92,22.07,0.83,0.80,3.20,1.26,0.17,0.80,0.21,0.12,0.33
827,1,35,3,18,3,50,3,24,3,0.48,0.12,0.09,0.00,0.00,0.00,35,35,35.00,35.00,0.70,0.70,3.50,4.95,0.91,18.63,0.75,0.50,1.00,0.71,0.08,0.73,0.21,0.00,0.21
658,1,39,3,22,3,50,3,26,3,0.52,0.12,0.08,0.11,0.11,0.24,39,39,39.00,39.00,0.78,0.78,3.90,5.52,0.94,26.75,0.85,1.00,9.00,2.12,0.35,0.69,0.12,0.04,0.15
718,1,35,2,21,2,50,2,26,2,0.52,0.08,0.06,0.00,0.00,0.00,35,35,35.00,35.00,0.70,0.70,3.50,4.95,0.91,18.63,0.81,1.00,5.00,1.58,0.19,0.77,0.19,0.08,0.27
725,1,30,5,19,5,50,6,27,6,0.54,0.22,0.17,0.00,0.00,0.00,30,30,30.00,30.00,0.60,0.60,3.00,4.24,0.87,13.01,0.70,0.80,3.20,1.26,0.15,0.57,0.15,0.11,0.26
507,1,32,3,20,3,50,3,25,3,0.50,0.12,0.09,0.00,0.00,0.00,32,32,32.00,32.00,0.64,0.64,3.20,4.53,0.89,14.89,0.80,1.00,6.00,1.73,0.24,0.64,0.16,0.04,0.20
714,1,32,7,16,7,50,10,22,10,0.44,0.45,0.22,0.50,1.00,0.71,32,32,32.00,32.00,0.64,0.64,3.20,4.53,0.89,14.89,0.73,1.00,4.00,1.41,0.18,0.62,0.18,0.00,0.18
761,1,34,3,20,3,50,4,25,4,0.50,0.16,0.09,0.12,0.12,0.25,34,34,34.00,34.00,0.68,0.68,3.40,4.81,0.90,17.23,0.80,0.88,6.12,1.75,0.28,0.73,0.16,0.08,0.24
614,1,37,6,20,5,50,6,26,5,0.52,0.19,0.16,0.00,0.00,0.00,37,37,37.00,37.00,0.74,0.74,3.70,5.23,0.92,22.07,0.77,0.67,1.33,0.82,0.08,0.69,0.23,0.12,0.35
627,1,34,3,21,3,50,5,28,5,0.56,0.18,0.09,0.00,0.00,0.00,34,34,34.00,34.00,0.68,0.68,3.40,4.81,0.90,17.23,0.75,1.00,5.00,1.58,0.18,0.69,0.21,0.00,0.21
684,1,31,7,20,7,50,7,26,7,0.52,0.27,0.23,0.17,0.17,0.29,31,31,31.00,31.00,0.62,0.62,3.10,4.38,0.88,13.90,0.77,0.83,4.17,1.44,0.19,0.69,0.23,0.04,0.27
606,1,33,8,22,7,50,8,28,7,0.56,0.25,0.24,0.25,0.50,0.50,33,33,33.00,33.00,0.66,0.66,3.30,4.67,0.89,16.00,0.79,0.75,4.50,1.50,0.21,0.75,0.14,0.00,0.14
879,1,35,4,19,3,50,4,26,3,0.52,0.12,0.11,0.14,0.14,0.27,35,35,35.00,35.00,0.70,0.70,3.50,4.95,0.91,18.63,0.73,0.86,5.14,1.60,0.23,0.67,0.15,0.08,0.23
869,1,36,4,21,4,50,4,27,4,0.54,0.15,0.11,0.40,0.80,0.63,36,36,36.00,36.00,0.72,0.72,3.60,5.09,0.92,20.23,0.78,1.00,5.00,1.58,0.19,0.73,0.11,0.11,0.22
597,1,39,7,24,7,50,7,29,7,0.58,0.24,0.18,0.33,0.67,0.58,39,39,39.00,39.00,0.78,0.78,3.90,5.52,0.94,26.75,0.83,0.67,2.67,1.15,0.14,0.88,0.31,0.17,0.48
769,1,33,7,20,7,50,9,26,9,0.52,0.35,0.21,0.00,0.00,0.00,33,33,33.00,33.00,0.66,0.66,3.30,4.67,0.89,16.00,0.77,1.00,4.00,1.41,0.15,0.69,0.19,0.08,0.27
680,1,38,8,25,8,50,9,30,9,0.60,0.30,0.21,0.20,0.20,0.32,38,38,38.00,38.00,0.76,0.76,3.80,5.37,0.93,24.22,0.83,1.00,5.00,1.58,0.17,0.71,0.27,0.10,0.37
512,1,39,7,21,7,50,8,24,8,0.48,0.33,0.18,0.14,0.14,0.27,39,39,39.00,39.00,0.78,0.78,3.90,5.52,0.94,26.75,0.88,0.86,5.14,1.60,0.25,0.90,0.17,0.08,0.25
716,1,39,9,21,8,50,10,27,8,0.54,0.30,0.23,0.09,0.09,0.21,39,39,39.00,39.00,0.78,0.78,3.90,5.52,0.94,26.75,0.78,0.64,4.45,1.49,0.26,0.91,0.11,0.07,0.19
777,1,34,5,24,5,50,6,27,6,0.54,0.22,0.15,0.00,0.00,0.00,34,34,34.00,34.00,0.68,0.68,3.40,4.81,0.90,17.23,0.89,1.00,5.00,1.58,0.19,0.77,0.19,0.15,0.33
837,1,36,5,22,5,50,5,30,5,0.60,0.17,0.14,0.00,0.00,0.00,36,36,36.00,36.00,0.72,0.72,3.60,5.09,0.92,20.23,0.73,0.75,4.50,1.50,0.20,0.69,0.17,0.03,0.20
835,1,36,4,22,4,50,4,24,4,0.48,0.17,0.11,0.00,0.00,0.00,36,36,36.00,36.00,0.72,0.72,3.60,5.09,0.92,20.23,0.92,1.00,6.00,1.73,0.25,0.92,0.08,0.12,0.21
530,1,34,8,24,8,50,8,30,8,0.60,0.27,0.24,0.20,0.20,0.32,34,34,34.00,34.00,0.68,0.68,3.40,4.81,0.90,17.23,0.80,0.80,3.20,1.26,0.13,0.80,0.27,0.13,0.40
696,1,27,7,15,6,50,11,26,10,0.52,0.38,0.26,0.00,0.00,0.00,27,27,27.00,27.00,0.54,0.54,2.70,3.82,0.84,10.79,0.58,1.00,3.00,1.22,0.12,0.47,0.15,0.00,0.15
751,1,38,5,19,5,50,5,23,5,0.46,0.22,0.13,0.25,0.25,0.35,38,38,38.00,38.00,0.76,0.76,3.80,5.37,0.93,24.22,0.83,1.00,4.00,1.41,0.17,0.77,0.13,0.13,0.26
548,1,34,6,20,6,50,6,27,6,0.54,0.22,0.18,0.17,0.17,0.29,34,34,34.00,34.00,0.68,0.68,3.40,4.81,0.90,17.23,0.74,0.83,4.17,1.44,0.19,0.64,0.11,0.11,0.22
624,1,30,5,18,5,50,5,27,5,0.54,0.19,0.17,0.00,0.00,0.00,30,30,30.00,30.00,0.60,0.60,3.00,4.24,0.87,13.01,0.67,0.67,2.67,1.15,0.15,0.56,0.19,0.00,0.19
649,1,33,7,22,7,50,8,27,8,0.54,0.30,0.21,0.38,1.12,0.75,33,33,33.00,33.00,0.66,0.66,3.30,4.67,0.89,16.00,0.81,0.88,6.12,1.75,0.26,0.71,0.19,0.00,0.19
559,1,32,8,21,6,50,8,29,6,0.58,0.21,0.25,0.25,0.50,0.50,32,32,32.00,32.00,0.64,0.64,3.20,4.53,0.89,14.89,0.72,1.00,8.00,2.00,0.28,0.54,0.17,0.10,0.28
663,1,31,7,20,7,50,7,23,7,0.46,0.30,0.23,0.00,0.00,0.00,31,31,31.00,31.00,0.62,0.62,3.10,4.38,0.88,13.90,0.87,1.00,2.00,1.00,0.09,0.82,0.39,0.04,0.43
812,1,33,6,20,6,50,7,27,7,0.54,0.26,0.18,0.12,0.12,0.25,33,33,33.00,33.00,0.66,0.66,3.30,4.67,0.89,16.00,0.74,0.88,6.12,1.75,0.26,0.64,0.15,0.00,0.15
506,1,33,7,22,6,50,7,28,6,0.56,0.21,0.21,0.17,0.17,0.29,33,33,33.00,33.00,0.66,0.66,3.30,4.67,0.89,16.00,0.79,1.00,6.00,1.73,0.21,0.60,0.18,0.07,0.25
543,1,32,4,20,4,50,5,28,5,0.56,0.18,0.12,0.00,0.00,0.00,32,32,32.00,32.00,0.64,0.64,3.20,4.53,0.89,14.89,0.71,1.00,2.00,1.00,0.07,0.68,0.18,0.04,0.21
789,1,34,6,19,6,50,6,23,6,0.46,0.26,0.18,0.20,0.20,0.32,34,34,34.00,34.00,0.68,0.68,3.40,4.81,0.90,17.23,0.83,1.00,5.00,1.58,0.22,0.75,0.17,0.04,0.22
621,1,31,8,19,8,50,10,27,10,0.54,0.37,0.26,0.29,0.57,0.53,31,31,31.00,31.00,0.62,0.62,3.10,4.38,0.88,13.90,0.70,0.86,5.14,1.60,0.22,0.82,0.19,0.04,0.22
572,1,36,4,20,4,50,4,25,4,0.50,0.16,0.11,0.00,0.00,0.00,36,36,36.00,36.00,0.72,0.72,3.60,5.09,0.92,20.23,0.80,1.00,2.00,1.00,0.08,0.76,0.16,0.04,0.20