subjectcode,sentences,wordtypes,swordtypes,lextypes,slextypes,wordtokens,swordtokens,lextokens,slextokens,ld,ls1,ls2,vs1,vs2,cvs1,ndw,ndwz,ndwerz,ndwesz,ttr,msttr,cttr,rttr,logttr,uber,lv,vv1,svv1,cvv1,vv2,nv,adjv,advv,modv
100,1,39,14,34,13,50,17,36,13,0.72,0.36,0.36,0.06,0.06,0.18,39,39,39.00,39.00,0.78,0.78,3.90,5.52,0.94,26.75,0.94,0.88,12.25,2.47,0.39,1.00,0.19,0.03,0.22
101,1,39,10,33,7,50,13,38,7,0.76,0.18,0.26,0.06,0.06,0.18,39,39,39.00,39.00,0.78,0.78,3.90,5.52,0.94,26.75,0.87,0.88,12.25,2.47,0.37,0.88,0.18,0.13,0.32
105,1,34,12,28,10,50,14,36,10,0.72,0.28,0.35,0.12,0.25,0.35,34,34,34.00,34.00,0.68,0.68,3.40,4.81,0.90,17.23,0.78,0.75,9.00,2.12,0.33,0.75,0.14,0.06,0.19
106,1,34,13,31,12,50,15,38,14,0.76,0.37,0.38,0.07,0.07,0.18,34,34,34.00,34.00,0.68,0.68,3.40,4.81,0.90,17.23,0.82,0.80,9.60,2.19,0.32,0.71,0.18,0.05,0.24
109,1,35,14,31,13,50,17,37,14,0.74,0.38,0.40,0.15,0.31,0.39,35,35,35.00,35.00,0.70,0.70,3.50,4.95,0.91,18.63,0.84,0.85,9.31,2.16,0.30,0.79,0.19,0.05,0.24
110,1,34,8,29,6,50,13,34,7,0.68,0.21,0.24,0.08,0.08,0.20,34,34,34.00,34.00,0.68,0.68,3.40,4.81,0.90,17.23,0.85,0.92,10.08,2.25,0.32,0.70,0.21,0.12,0.32
111,1,36,9,32,8,50,12,36,8,0.72,0.22,0.25,0.07,0.07,0.19,36,36,36.00,36.00,0.72,0.72,3.60,5.09,0.92,20.23,0.89,0.93,12.07,2.46,0.36,0.79,0.19,0.03,0.22
113,1,42,14,35,12,50,14,38,12,0.76,0.32,0.33,0.13,0.27,0.37,42,42,42.00,42.00,0.84,0.84,4.20,5.94,0.96,38.12,0.92,0.93,13.07,2.56,0.37,0.83,0.24,0.05,0.29
115,1,33,12,30,11,50,18,38,14,0.76,0.37,0.36,0.11,0.22,0.33,33,33,33.00,33.00,0.66,0.66,3.30,4.67,0.89,16.00,0.79,0.83,12.50,2.50,0.39,0.62,0.16,0.03,0.18
118,1,31,9,27,8,50,13,36,9,0.72,0.25,0.29,0.07,0.07,0.18,31,31,31.00,31.00,0.62,0.62,3.10,4.38,0.88,13.90,0.75,0.67,6.67,1.83,0.28,0.69,0.17,0.06,0.22
121,1,35,11,28,9,50,15,33,9,0.66,0.27,0.31,0.18,0.36,0.43,35,35,35.00,35.00,0.70,0.70,3.50,4.95,0.91,18.63,0.85,0.91,9.09,2.13,0.30,0.73,0.21,0.09,0.30
122,1,35,11,30,10,50,15,35,11,0.70,0.31,0.31,0.08,0.08,0.20,35,35,35.00,35.00,0.70,0.70,3.50,4.95,0.91,18.63,0.86,0.83,8.33,2.04,0.29,0.79,0.14,0.11,0.26
123,1,31,9,27,8,50,16,37,11,0.74,0.30,0.29,0.08,0.08,0.20,31,31,31.00,31.00,0.62,0.62,3.10,4.38,0.88,13.90,0.73,0.69,6.23,1.77,0.24,0.65,0.11,0.08,0.19
124,1,37,11,33,10,50,14,37,10,0.74,0.27,0.30,0.11,0.22,0.33,37,37,37.00,37.00,0.74,0.74,3.70,5.23,0.92,22.07,0.89,0.89,14.22,2.67,0.43,0.82,0.19,0.03,0.22
126,1,29,10,25,9,50,15,34,12,0.68,0.35,0.34,0.08,0.08,0.20,29,29,29.00,29.00,0.58,0.58,2.90,4.10,0.86,12.20,0.74,0.83,8.33,2.04,0.29,0.60,0.15,0.03,0.18
130,1,34,10,28,7,50,11,33,7,0.66,0.21,0.29,0.07,0.07,0.19,34,34,34.00,34.00,0.68,0.68,3.40,4.81,0.90,17.23,0.85,0.79,8.64,2.08,0.33,0.78,0.24,0.06,0.30
134,1,33,11,27,9,50,16,38,13,0.76,0.34,0.33,0.15,0.45,0.47,33,33,33.00,33.00,0.66,0.66,3.30,4.67,0.89,16.00,0.71,0.75,11.25,2.37,0.39,0.50,0.13,0.03,0.16
137,1,35,13,31,12,50,17,36,12,0.72,0.33,0.37,0.20,0.60,0.55,35,35,35.00,35.00,0.70,0.70,3.50,4.95,0.91,18.63,0.86,0.93,13.07,2.56,0.39,0.69,0.19,0.03,0.22
141,1,37,12,32,10,50,15,35,10,0.70,0.29,0.32,0.19,0.56,0.53,37,37,37.00,37.00,0.74,0.74,3.70,5.23,0.92,22.07,0.91,0.94,14.06,2.65,0.43,0.80,0.14,0.11,0.26
142,1,30,12,25,10,50,21,36,15,0.72,0.42,0.40,0.08,0.08,0.20,30,30,30.00,30.00,0.60,0.60,3.00,4.24,0.87,13.01,0.69,0.69,6.23,1.77,0.25,0.63,0.08,0.03,0.11
154,1,34,11,30,10,50,15,36,12,0.72,0.33,0.32,0.08,0.08,0.20,34,34,34.00,34.00,0.68,0.68,3.40,4.81,0.90,17.23,0.83,0.92,11.08,2.35,0.33,0.73,0.28,0.00,0.28
156,1,37,13,32,11,50,14,37,11,0.74,0.30,0.35,0.22,0.89,0.67,37,37,37.00,37.00,0.74,0.74,3.70,5.23,0.92,22.07,0.86,0.83,12.50,2.50,0.41,0.82,0.19,0.03,0.22
157,1,35,13,31,12,50,19,37,13,0.74,0.35,0.37,0.15,0.31,0.39,35,35,35.00,35.00,0.70,0.70,3.50,4.95,0.91,18.63,0.84,0.92,11.08,2.35,0.32,0.75,0.19,0.08,0.27
159,1,39,14,33,11,50,19,37,12,0.74,0.32,0.36,0.19,0.56,0.53,39,39,39.00,39.00,0.78,0.78,3.90,5.52,0.94,26.75,0.89,0.94,14.06,2.65,0.41,0.75,0.19,0.05,0.24
161,1,35,10,30,9,50,12,36,10,0.72,0.28,0.29,0.12,0.25,0.35,35,35,35.00,35.00,0.70,0.70,3.50,4.95,0.91,18.63,0.83,0.81,10.56,2.30,0.36,0.73,0.17,0.08,0.25
163,1,36,14,32,12,50,19,37,12,0.74,0.32,0.39,0.11,0.22,0.33,36,36,36.00,36.00,0.72,0.72,3.60,5.09,0.92,20.23,0.86,0.83,12.50,2.50,0.41,0.82,0.16,0.05,0.22
164,1,33,11,29,10,50,16,36,10,0.72,0.28,0.33,0.06,0.06,0.18,33,33,33.00,33.00,0.66,0.66,3.30,4.67,0.89,16.00,0.81,0.75,9.00,2.12,0.33,0.79,0.14,0.03,0.17
165,1,31,8,27,7,50,11,36,9,0.72,0.25,0.26,0.06,0.06,0.18,31,31,31.00,31.00,0.62,0.62,3.10,4.38,0.88,13.90,0.75,0.75,9.00,2.12,0.33,0.62,0.14,0.06,0.19
166,1,37,11,31,9,50,13,36,9,0.72,0.25,0.30,0.12,0.24,0.34,37,37,37.00,37.00,0.74,0.74,3.70,5.23,0.92,22.07,0.86,0.82,11.53,2.40,0.39,0.82,0.19,0.03,0.22
167,1,35,12,30,10,50,18,35,12,0.70,0.34,0.34,0.08,0.08,0.20,35,35,35.00,35.00,0.70,0.70,3.50,4.95,0.91,18.63,0.86,0.92,11.08,2.35,0.34,0.71,0.17,0.06,0.23
168,1,42,11,38,10,50,12,42,10,0.84,0.24,0.26,0.13,0.39,0.44,42,42,42.00,42.00,0.84,0.84,4.20,5.94,0.96,38.12,0.90,0.83,15.70,2.80,0.45,1.00,0.12,0.10,0.21
170,1,36,12,31,11,50,17,37,12,0.74,0.32,0.33,0.11,0.22,0.33,36,36,36.00,36.00,0.72,0.72,3.60,5.09,0.92,20.23,0.84,0.83,12.50,2.50,0.41,0.75,0.14,0.05,0.19
171,1,37,7,34,7,50,7,37,7,0.74,0.19,0.19,0.06,0.06,0.17,37,37,37.00,37.00,0.74,0.74,3.70,5.23,0.92,22.07,0.92,0.88,13.24,2.57,0.41,1.00,0.08,0.05,0.14
173,1,40,9,36,8,50,10,41,8,0.82,0.20,0.23,0.00,0.00,0.00,40,40,40.00,40.00,0.80,0.80,4.00,5.66,0.94,29.79,0.88,0.81,17.93,2.99,0.54,1.00,0.05,0.07,0.12
174,1,30,9,26,8,50,15,35,9,0.70,0.26,0.30,0.14,0.29,0.38,30,30,30.00,30.00,0.60,0.60,3.00,4.24,0.87,13.01,0.74,0.71,7.14,1.89,0.29,0.69,0.17,0.06,0.23
175,1,39,6,35,4,50,8,41,5,0.82,0.12,0.15,0.00,0.00,0.00,39,39,39.00,39.00,0.78,0.78,3.90,5.52,0.94,26.75,0.85,0.79,15.04,2.74,0.46,0.83,0.12,0.15,0.27
179,1,32,10,28,9,50,16,36,12,0.72,0.33,0.31,0.12,0.25,0.35,32,32,32.00,32.00,0.64,0.64,3.20,4.53,0.89,14.89,0.78,0.88,12.25,2.47,0.39,0.57,0.11,0.06,0.17
183,1,33,11,28,10,50,15,36,10,0.72,0.28,0.33,0.11,0.21,0.32,33,33,33.00,33.00,0.66,0.66,3.30,4.67,0.89,16.00,0.78,0.68,8.89,2.11,0.36,0.92,0.06,0.03,0.08
186,1,37,9,33,8,50,12,40,10,0.80,0.25,0.24,0.12,0.25,0.35,37,37,37.00,37.00,0.74,0.74,3.70,5.23,0.92,22.07,0.82,0.88,12.25,2.47,0.35,0.64,0.15,0.15,0.30
189,1,39,11,34,10,50,13,38,10,0.76,0.26,0.28,0.11,0.22,0.33,39,39,39.00,39.00,0.78,0.78,3.90,5.52,0.94,26.75,0.89,0.89,14.22,2.67,0.42,0.83,0.18,0.03,0.21
191,1,34,10,30,9,50,16,37,12,0.74,0.32,0.29,0.11,0.22,0.33,34,34,34.00,34.00,0.68,0.68,3.40,4.81,0.90,17.23,0.81,0.83,12.50,2.50,0.41,0.67,0.14,0.05,0.19
194,1,38,9,33,7,50,10,39,7,0.78,0.18,0.24,0.05,0.05,0.16,38,38,38.00,38.00,0.76,0.76,3.80,5.37,0.93,24.22,0.85,0.74,10.32,2.27,0.36,0.91,0.13,0.10,0.23
195,1,35,11,31,10,50,12,39,11,0.78,0.28,0.31,0.05,0.05,0.15,35,35,35.00,35.00,0.70,0.70,3.50,4.95,0.91,18.63,0.79,0.71,10.71,2.31,0.38,0.82,0.15,0.03,0.18
197,1,37,10,33,9,50,12,38,9,0.76,0.24,0.27,0.07,0.07,0.18,37,37,37.00,37.00,0.74,0.74,3.70,5.23,0.92,22.07,0.87,0.87,11.27,2.37,0.34,0.83,0.18,0.08,0.26
199,1,34,14,30,13,50,16,35,13,0.70,0.37,0.41,0.10,0.10,0.22,34,34,34.00,34.00,0.68,0.68,3.40,4.81,0.90,17.23,0.86,0.80,6.40,1.79,0.23,0.87,0.23,0.03,0.26
202,1,34,13,29,12,50,18,35,13,0.70,0.37,0.38,0.22,0.44,0.47,34,34,34.00,34.00,0.68,0.68,3.40,4.81,0.90,17.23,0.83,0.89,7.11,1.89,0.23,0.79,0.17,0.11,0.29
206,1,34,12,29,11,50,18,33,13,0.66,0.39,0.35,0.12,0.12,0.25,34,34,34.00,34.00,0.68,0.68,3.40,4.81,0.90,17.23,0.88,1.00,8.00,2.00,0.24,0.75,0.18,0.09,0.27
207,1,36,11,31,10,50,14,34,10,0.68,0.29,0.31,0.08,0.08,0.20,36,36,36.00,36.00,0.72,0.72,3.60,5.09,0.92,20.23,0.91,0.92,10.08,2.25,0.32,0.86,0.18,0.06,0.24
208,1,35,11,32,10,50,12,37,10,0.74,0.27,0.31,0.06,0.06,0.17,35,35,35.00,35.00,0.70,0.70,3.50,4.95,0.91,18.63,0.86,0.82,11.53,2.40,0.38,0.82,0.16,0.08,0.24
209,1,36,12,31,10,50,18,36,12,0.72,0.33,0.33,0.23,0.69,0.59,36,36,36.00,36.00,0.72,0.72,3.60,5.09,0.92,20.23,0.86,0.92,11.08,2.35,0.33,0.69,0.19,0.08,0.28
212,1,36,7,33,6,50,10,38,6,0.76,0.16,0.19,0.00,0.00,0.00,36,36,36.00,36.00,0.72,0.72,3.60,5.09,0.92,20.23,0.87,0.82,11.53,2.40,0.37,0.82,0.16,0.11,0.26
213,1,36,12,31,11,50,15,36,11,0.72,0.31,0.33,0.08,0.08,0.20,36,36,36.00,36.00,0.72,0.72,3.60,5.09,0.92,20.23,0.86,0.77,7.69,1.96,0.28,0.86,0.19,0.06,0.25
214,1,34,10,29,9,50,16,37,11,0.74,0.30,0.29,0.14,0.29,0.38,34,34,34.00,34.00,0.68,0.68,3.40,4.81,0.90,17.23,0.78,0.79,8.64,2.08,0.30,0.71,0.14,0.03,0.16
218,1,32,11,27,10,50,15,34,11,0.68,0.32,0.34,0.09,0.09,0.21,32,32,32.00,32.00,0.64,0.64,3.20,4.53,0.89,14.89,0.79,0.82,7.36,1.92,0.26,0.75,0.24,0.03,0.26
219,1,36,13,32,11,50,14,37,11,0.74,0.30,0.36,0.07,0.07,0.18,36,36,36.00,36.00,0.72,0.72,3.60,5.09,0.92,20.23,0.86,0.87,11.27,2.37,0.35,0.83,0.22,0.03,0.24
220,1,33,12,28,11,50,16,34,12,0.68,0.35,0.36,0.15,0.31,0.39,33,33,33.00,33.00,0.66,0.66,3.30,4.67,0.89,16.00,0.82,0.85,9.31,2.16,0.32,0.71,0.15,0.06,0.21
221,1,34,10,29,9,50,14,36,9,0.72,0.25,0.29,0.07,0.07,0.19,34,34,34.00,34.00,0.68,0.68,3.40,4.81,0.90,17.23,0.81,0.71,7.14,1.89,0.28,0.81,0.14,0.03,0.17
222,1,38,9,33,7,50,10,40,8,0.80,0.20,0.24,0.08,0.17,0.29,38,38,38.00,38.00,0.76,0.76,3.80,5.37,0.93,24.22,0.82,0.83,16.67,2.89,0.50,0.67,0.10,0.07,0.17
224,1,32,6,29,6,50,11,43,11,0.86,0.26,0.19,0.00,0.00,0.00,32,32,32.00,32.00,0.64,0.64,3.20,4.53,0.89,14.89,0.67,0.78,10.89,2.33,0.33,0.50,0.12,0.12,0.23
225,1,36,13,32,12,50,16,36,12,0.72,0.33,0.36,0.09,0.09,0.21,36,36,36.00,36.00,0.72,0.72,3.60,5.09,0.92,20.23,0.89,0.82,7.36,1.92,0.25,0.82,0.25,0.14,0.39
226,1,37,10,33,9,50,16,38,11,0.76,0.29,0.27,0.11,0.21,0.32,37,37,37.00,37.00,0.74,0.74,3.70,5.23,0.92,22.07,0.87,0.95,17.05,2.92,0.47,0.67,0.16,0.03,0.18
228,1,36,11,32,10,50,16,37,11,0.74,0.30,0.31,0.21,0.64,0.57,36,36,36.00,36.00,0.72,0.72,3.60,5.09,0.92,20.23,0.86,0.93,12.07,2.46,0.35,0.70,0.27,0.05,0.32
230,1,36,12,31,11,50,15,38,12,0.76,0.32,0.33,0.06,0.06,0.17,36,36,36.00,36.00,0.72,0.72,3.60,5.09,0.92,20.23,0.82,0.76,9.94,2.23,0.34,0.77,0.13,0.08,0.21
233,1,35,11,31,10,50,11,39,10,0.78,0.26,0.31,0.19,0.56,0.53,35,35,35.00,35.00,0.70,0.70,3.50,4.95,0.91,18.63,0.79,0.75,9.00,2.12,0.31,0.71,0.21,0.15,0.36
237,1,36,13,31,12,50,14,36,12,0.72,0.33,0.36,0.07,0.07,0.19,36,36,36.00,36.00,0.72,0.72,3.60,5.09,0.92,20.23,0.86,0.79,8.64,2.08,0.31,0.92,0.17,0.06,0.22
240,1,37,14,31,13,50,17,37,13,0.74,0.35,0.38,0.31,1.56,0.88,37,37,37.00,37.00,0.74,0.74,3.70,5.23,0.92,22.07,0.84,0.88,12.25,2.47,0.38,0.80,0.16,0.08,0.24
242,1,37,12,33,11,50,18,38,11,0.76,0.29,0.32,0.06,0.06,0.17,37,37,37.00,37.00,0.74,0.74,3.70,5.23,0.92,22.07,0.87,0.88,13.24,2.57,0.39,0.83,0.13,0.08,0.21
243,1,37,8,32,7,50,12,36,7,0.72,0.19,0.22,0.11,0.21,0.32,37,37,37.00,37.00,0.74,0.74,3.70,5.23,0.92,22.07,0.89,0.89,15.21,2.76,0.47,0.82,0.14,0.03,0.17
246,1,36,10,31,9,50,12,38,10,0.76,0.26,0.28,0.13,0.27,0.37,36,36,36.00,36.00,0.72,0.72,3.60,5.09,0.92,20.23,0.82,0.80,9.60,2.19,0.32,0.77,0.16,0.08,0.24
248,1,32,11,27,10,50,16,35,12,0.70,0.34,0.34,0.08,0.08,0.20,32,32,32.00,32.00,0.64,0.64,3.20,4.53,0.89,14.89,0.77,0.67,5.33,1.63,0.23,0.73,0.20,0.03,0.23
249,1,37,14,32,12,50,18,35,12,0.70,0.34,0.38,0.15,0.31,0.39,37,37,37.00,37.00,0.74,0.74,3.70,5.23,0.92,22.07,0.91,0.92,11.08,2.35,0.34,0.86,0.17,0.06,0.23
251,1,32,8,29,7,50,16,37,10,0.74,0.27,0.25,0.06,0.06,0.17,32,32,32.00,32.00,0.64,0.64,3.20,4.53,0.89,14.89,0.78,0.83,12.50,2.50,0.41,0.64,0.11,0.03,0.14
252,1,41,13,37,11,50,16,38,11,0.76,0.29,0.32,0.14,0.43,0.46,41,41,41.00,41.00,0.82,0.82,4.10,5.80,0.95,33.49,0.97,0.95,19.05,3.09,0.53,1.00,0.16,0.05,0.21
253,1,33,12,29,11,50,18,35,12,0.70,0.34,0.36,0.08,0.08,0.20,33,33,33.00,33.00,0.66,0.66,3.30,4.67,0.89,16.00,0.83,0.77,7.69,1.96,0.29,0.79,0.20,0.03,0.23
254,1,33,12,29,11,50,15,36,12,0.72,0.33,0.36,0.25,1.00,0.71,33,33,33.00,33.00,0.66,0.66,3.30,4.67,0.89,16.00,0.81,0.81,10.56,2.30,0.36,0.67,0.17,0.06,0.22
256,1,30,11,26,10,50,15,34,11,0.68,0.32,0.37,0.08,0.08,0.20,30,30,30.00,30.00,0.60,0.60,3.00,4.24,0.87,13.01,0.76,0.77,7.69,1.96,0.29,0.67,0.15,0.03,0.18
257,1,37,9,32,8,50,14,36,11,0.72,0.31,0.24,0.00,0.00,0.00,37,37,37.00,37.00,0.74,0.74,3.70,5.23,0.92,22.07,0.89,0.94,14.06,2.65,0.42,0.79,0.11,0.06,0.17
260,1,36,10,31,9,50,15,36,9,0.72,0.25,0.28,0.07,0.07,0.18,36,36,36.00,36.00,0.72,0.72,3.60,5.09,0.92,20.23,0.86,0.87,11.27,2.37,0.36,0.82,0.19,0.06,0.25
261,1,36,13,31,11,50,16,36,12,0.72,0.33,0.36,0.07,0.07,0.19,36,36,36.00,36.00,0.72,0.72,3.60,5.09,0.92,20.23,0.86,0.93,12.07,2.46,0.36,0.77,0.19,0.03,0.22
263,1,36,12,31,11,50,15,35,11,0.70,0.31,0.33,0.07,0.07,0.18,36,36,36.00,36.00,0.72,0.72,3.60,5.09,0.92,20.23,0.89,0.87,11.27,2.37,0.37,0.86,0.17,0.00,0.17
264,1,40,10,36,9,50,11,43,10,0.86,0.23,0.25,0.04,0.04,0.14,40,40,40.00,40.00,0.80,0.80,4.00,5.66,0.94,29.79,0.84,0.79,15.04,2.74,0.44,0.91,0.07,0.09,0.16
265,1,34,10,30,9,50,17,37,11,0.74,0.30,0.29,0.12,0.24,0.34,34,34,34.00,34.00,0.68,0.68,3.40,4.81,0.90,17.23,0.81,0.76,9.94,2.23,0.35,0.70,0.19,0.08,0.27
266,1,38,14,33,12,50,21,36,12,0.72,0.33,0.37,0.07,0.07,0.19,38,38,38.00,38.00,0.76,0.76,3.80,5.37,0.93,24.22,0.92,0.86,10.29,2.27,0.33,1.00,0.17,0.03,0.19
273,1,37,10,35,9,50,12,42,10,0.84,0.24,0.27,0.04,0.04,0.14,37,37,37.00,37.00,0.74,0.74,3.70,5.23,0.92,22.07,0.83,0.75,13.50,2.60,0.43,0.90,0.14,0.05,0.19
275,1,35,12,30,11,50,16,37,13,0.74,0.35,0.34,0.15,0.31,0.39,35,35,35.00,35.00,0.70,0.70,3.50,4.95,0.91,18.63,0.81,0.77,7.69,1.96,0.27,0.75,0.14,0.08,0.22
276,1,38,14,35,13,50,16,41,13,0.82,0.32,0.37,0.15,0.45,0.47,38,38,38.00,38.00,0.76,0.76,3.80,5.37,0.93,24.22,0.85,0.80,12.80,2.53,0.39,0.88,0.07,0.05,0.12
277,1,32,11,27,10,50,14,34,10,0.68,0.29,0.34,0.08,0.08,0.20,32,32,32.00,32.00,0.64,0.64,3.20,4.53,0.89,14.89,0.79,0.77,7.69,1.96,0.29,0.79,0.15,0.03,0.18
279,1,40,14,35,12,50,17,38,14,0.76,0.37,0.35,0.21,0.64,0.57,40,40,40.00,40.00,0.80,0.80,4.00,5.66,0.94,29.79,0.92,1.00,14.00,2.65,0.37,0.73,0.26,0.08,0.34
281,1,34,14,29,12,50,18,36,12,0.72,0.33,0.41,0.13,0.27,0.37,34,34,34.00,34.00,0.68,0.68,3.40,4.81,0.90,17.23,0.81,0.73,8.07,2.01,0.31,0.82,0.22,0.03,0.25
285,1,34,11,29,10,50,18,39,15,0.78,0.38,0.32,0.07,0.07,0.18,34,34,34.00,34.00,0.68,0.68,3.40,4.81,0.90,17.23,0.74,0.87,11.27,2.37,0.33,0.56,0.13,0.05,0.18
287,1,37,11,33,9,50,13,38,9,0.76,0.24,0.30,0.10,0.19,0.31,37,37,37.00,37.00,0.74,0.74,3.70,5.23,0.92,22.07,0.87,0.81,13.76,2.62,0.45,0.89,0.18,0.03,0.21
290,1,35,9,30,7,50,11,35,7,0.70,0.20,0.26,0.07,0.07,0.18,35,35,35.00,35.00,0.70,0.70,3.50,4.95,0.91,18.63,0.86,0.87,11.27,2.37,0.37,0.82,0.14,0.09,0.23
291,1,35,11,30,10,50,13,36,10,0.72,0.28,0.31,0.08,0.08,0.20,35,35,35.00,35.00,0.70,0.70,3.50,4.95,0.91,18.63,0.83,0.69,6.23,1.77,0.25,0.83,0.22,0.08,0.31
292,1,40,12,34,10,50,14,39,11,0.78,0.28,0.30,0.12,0.25,0.35,40,40,40.00,40.00,0.80,0.80,4.00,5.66,0.94,29.79,0.87,0.94,14.06,2.65,0.38,0.75,0.18,0.08,0.26
293,1,34,11,31,10,50,15,36,11,0.72,0.31,0.32,0.06,0.06,0.18,34,34,34.00,34.00,0.68,0.68,3.40,4.81,0.90,17.23,0.86,0.88,12.25,2.47,0.39,0.83,0.14,0.06,0.19
295,1,36,9,32,8,50,11,38,9,0.76,0.24,0.25,0.11,0.22,0.33,36,36,36.00,36.00,0.72,0.72,3.60,5.09,0.92,20.23,0.84,0.83,12.50,2.50,0.39,0.73,0.13,0.11,0.24
297,1,32,10,28,9,50,17,37,12,0.74,0.32,0.31,0.12,0.25,0.35,32,32,32.00,32.00,0.64,0.64,3.20,4.53,0.89,14.89,0.76,0.81,10.56,2.30,0.35,0.60,0.14,0.03,0.16
299,1,37,11,32,10,50,15,37,11,0.74,0.30,0.30,0.08,0.08,0.20,37,37,37.00,37.00,0.74,0.74,3.70,5.23,0.92,22.07,0.86,0.92,11.08,2.35,0.32,0.71,0.24,0.03,0.27
301,1,39,11,34,10,50,12,39,10,0.78,0.26,0.28,0.11,0.22,0.33,39,39,39.00,39.00,0.78,0.78,3.90,5.52,0.94,26.75,0.87,0.83,12.50,2.50,0.38,0.82,0.15,0.10,0.26
306,1,34,10,30,9,50,13,38,12,0.76,0.32,0.29,0.12,0.24,0.34,34,34,34.00,34.00,0.68,0.68,3.40,4.81,0.90,17.23,0.79,0.88,13.24,2.57,0.39,0.57,0.16,0.03,0.18
308,1,36,10,32,9,50,15,38,10,0.76,0.26,0.28,0.16,0.47,0.49,36,36,36.00,36.00,0.72,0.72,3.60,5.09,0.92,20.23,0.84,0.84,13.47,2.60,0.42,0.80,0.13,0.08,0.21
310,1,36,10,31,9,50,14,37,9,0.74,0.24,0.28,0.07,0.07,0.19,36,36,36.00,36.00,0.72,0.72,3.60,5.09,0.92,20.23,0.84,0.79,8.64,2.08,0.30,0.83,0.22,0.05,0.27
314,1,33,10,29,9,50,12,36,10,0.72,0.28,0.30,0.12,0.25,0.35,33,33,33.00,33.00,0.66,0.66,3.30,4.67,0.89,16.00,0.81,0.75,9.00,2.12,0.33,0.77,0.14,0.06,0.19
315,1,32,9,28,8,50,11,37,8,0.74,0.22,0.28,0.00,0.00,0.00,32,32,32.00,32.00,0.64,0.64,3.20,4.53,0.89,14.89,0.76,0.79,8.64,2.08,0.30,0.73,0.14,0.03,0.16
316,1,34,10,28,8,50,11,35,8,0.70,0.23,0.29,0.20,0.60,0.55,34,34,34.00,34.00,0.68,0.68,3.40,4.81,0.90,17.23,0.80,0.80,9.60,2.19,0.34,0.70,0.20,0.06,0.26
320,1,33,14,29,12,50,19,33,12,0.66,0.36,0.42,0.20,0.60,0.55,33,33,33.00,33.00,0.66,0.66,3.30,4.67,0.89,16.00,0.88,0.87,11.27,2.37,0.39,0.83,0.18,0.00,0.18
321,1,36,10,30,8,50,10,36,8,0.72,0.22,0.28,0.06,0.06,0.17,36,36,36.00,36.00,0.72,0.72,3.60,5.09,0.92,20.23,0.83,0.72,9.39,2.17,0.36,1.00,0.08,0.11,0.19
322,1,34,16,29,14,50,21,33,14,0.66,0.42,0.47,0.23,0.69,0.59,34,34,34.00,34.00,0.68,0.68,3.40,4.81,0.90,17.23,0.88,0.85,9.31,2.16,0.33,0.86,0.15,0.03,0.18
323,1,33,11,28,10,50,12,34,10,0.68,0.29,0.33,0.09,0.09,0.21,33,33,33.00,33.00,0.66,0.66,3.30,4.67,0.89,16.00,0.82,0.73,5.82,1.71,0.24,0.77,0.21,0.09,0.29
327,1,36,11,31,10,50,14,35,10,0.70,0.29,0.31,0.07,0.07,0.19,36,36,36.00,36.00,0.72,0.72,3.60,5.09,0.92,20.23,0.89,0.86,10.29,2.27,0.34,0.85,0.17,0.06,0.23
328,1,34,10,29,8,50,17,36,10,0.72,0.28,0.29,0.13,0.27,0.37,34,34,34.00,34.00,0.68,0.68,3.40,4.81,0.90,17.23,0.81,0.87,11.27,2.37,0.36,0.80,0.17,0.06,0.22
332,1,33,10,28,9,50,17,36,11,0.72,0.31,0.30,0.00,0.00,0.00,33,33,33.00,33.00,0.66,0.66,3.30,4.67,0.89,16.00,0.78,0.77,7.69,1.96,0.28,0.77,0.11,0.11,0.22
337,1,35,14,31,13,50,19,37,14,0.74,0.38,0.40,0.07,0.07,0.19,35,35,35.00,35.00,0.70,0.70,3.50,4.95,0.91,18.63,0.84,0.79,8.64,2.08,0.30,0.77,0.24,0.03,0.27
340,1,34,13,29,12,50,16,34,12,0.68,0.35,0.38,0.00,0.00,0.00,34,34,34.00,34.00,0.68,0.68,3.40,4.81,0.90,17.23,0.85,0.67,4.00,1.41,0.18,0.92,0.29,0.06,0.35
342,1,38,9,33,8,50,12,37,8,0.74,0.22,0.24,0.06,0.06,0.17,38,38,38.00,38.00,0.76,0.76,3.80,5.37,0.93,24.22,0.89,0.89,14.22,2.67,0.43,0.82,0.19,0.03,0.22
345,1,42,10,36,9,50,12,41,10,0.82,0.24,0.24,0.05,0.05,0.16,42,42,42.00,42.00,0.84,0.84,4.20,5.94,0.96,38.12,0.88,0.79,11.84,2.43,0.37,0.90,0.20,0.10,0.29
346,1,37,10,32,9,50,11,40,9,0.80,0.23,0.27,0.09,0.18,0.30,37,37,37.00,37.00,0.74,0.74,3.70,5.23,0.92,22.07,0.80,0.77,13.14,2.56,0.42,0.78,0.12,0.07,0.20