filename,sentences,wordtypes,swordtypes,lextypes,slextypes,wordtokens,swordtokens,lextokens,slextokens,ld,ls1,ls2,vs1,vs2,cvs1,ndw,ndwz,ndwerz,ndwesz,ttr,msttr,cttr,rttr,logttr,uber,lv,vv1,svv1,cvv1,vv2,nv,adjv,advv,modv
U:\GitHub\StudyLanguage\src\..\data\indiv_files_truncated\STAT_C_EN_corrected\4a\646.txt,1,39,5,24,5,50,5,26,5,0.52,0.19,0.13,0.00,0.00,0.00,39,39,39.00,39.00,0.78,0.78,3.90,5.52,0.94,26.75,0.92,0.75,2.25,1.06,0.12,0.92,0.27,0.08,0.35
U:\GitHub\StudyLanguage\src\..\data\indiv_files_truncated\STAT_C_EN_corrected\4a\634.txt,1,34,5,21,5,50,6,26,6,0.52,0.23,0.15,0.14,0.14,0.27,34,34,34.00,34.00,0.68,0.68,3.40,4.81,0.90,17.23,0.81,1.00,7.00,1.87,0.27,0.69,0.15,0.04,0.19
U:\GitHub\StudyLanguage\src\..\data\indiv_files_truncated\STAT_C_EN_corrected\4a\921.txt,1,39,5,23,5,50,5,27,5,0.54,0.19,0.13,0.00,0.00,0.00,39,39,39.00,39.00,0.78,0.78,3.90,5.52,0.94,26.75,0.85,0.78,5.44,1.65,0.26,0.82,0.19,0.07,0.26
U:\GitHub\StudyLanguage\src\..\data\indiv_files_truncated\STAT_C_EN_corrected\4a\589.txt,1,36,3,24,3,50,3,29,3,0.58,0.10,0.08,0.12,0.12,0.25,36,36,36.00,36.00,0.72,0.72,3.60,5.09,0.92,20.23,0.83,0.88,6.12,1.75,0.24,0.75,0.17,0.10,0.28
U:\GitHub\StudyLanguage\src\..\data\indiv_files_truncated\STAT_C_EN_corrected\4a\705.txt,1,34,4,21,4,50,6,23,6,0.46,0.26,0.12,0.00,0.00,0.00,34,34,34.00,34.00,0.68,0.68,3.40,4.81,0.90,17.23,0.91,1.00,3.00,1.22,0.13,0.82,0.26,0.13,0.39
U:\GitHub\StudyLanguage\src\..\data\indiv_files_truncated\STAT_C_EN_corrected\4a\699.txt,1,37,4,25,4,50,6,29,6,0.58,0.21,0.11,0.17,0.17,0.29,37,37,37.00,37.00,0.74,0.74,3.70,5.23,0.92,22.07,0.86,1.00,6.00,1.73,0.21,0.90,0.24,0.10,0.34
U:\GitHub\StudyLanguage\src\..\data\indiv_files_truncated\STAT_C_EN_corrected\4a\738.txt,1,36,3,24,3,50,4,28,4,0.56,0.14,0.08,0.00,0.00,0.00,36,36,36.00,36.00,0.72,0.72,3.60,5.09,0.92,20.23,0.86,1.00,5.00,1.58,0.18,0.82,0.21,0.14,0.36
U:\GitHub\StudyLanguage\src\..\data\indiv_files_truncated\STAT_C_EN_corrected\4a\919.txt,1,37,2,25,2,50,2,27,2,0.54,0.07,0.05,0.00,0.00,0.00,37,37,37.00,37.00,0.74,0.74,3.70,5.23,0.92,22.07,0.93,1.00,5.00,1.58,0.19,0.92,0.30,0.04,0.33
U:\GitHub\StudyLanguage\src\..\data\indiv_files_truncated\STAT_C_EN_corrected\4a\587.txt,1,40,3,23,2,50,4,24,2,0.48,0.08,0.07,0.11,0.11,0.24,40,40,40.00,40.00,0.80,0.80,4.00,5.66,0.94,29.79,0.96,1.00,9.00,2.12,0.38,1.00,0.17,0.00,0.17
U:\GitHub\StudyLanguage\src\..\data\indiv_files_truncated\STAT_C_EN_corrected\4a\645.txt,1,36,2,22,2,50,2,27,2,0.54,0.07,0.06,0.00,0.00,0.00,36,36,36.00,36.00,0.72,0.72,3.60,5.09,0.92,20.23,0.81,1.00,9.00,2.12,0.33,0.60,0.15,0.11,0.26
U:\GitHub\StudyLanguage\src\..\data\indiv_files_truncated\STAT_C_EN_corrected\4a\703.txt,1,34,2,18,2,50,3,23,3,0.46,0.13,0.06,0.00,0.00,0.00,34,34,34.00,34.00,0.68,0.68,3.40,4.81,0.90,17.23,0.78,1.00,3.00,1.22,0.13,0.85,0.17,0.04,0.22
U:\GitHub\StudyLanguage\src\..\data\indiv_files_truncated\STAT_C_EN_corrected\4a\651.txt,1,34,2,19,2,50,2,26,2,0.52,0.08,0.06,0.12,0.12,0.25,34,34,34.00,34.00,0.68,0.68,3.40,4.81,0.90,17.23,0.73,1.00,8.00,2.00,0.31,0.55,0.12,0.08,0.19
U:\GitHub\StudyLanguage\src\..\data\indiv_files_truncated\STAT_C_EN_corrected\4a\610.txt,1,37,4,22,4,50,5,30,5,0.60,0.17,0.11,0.09,0.09,0.21,37,37,37.00,37.00,0.74,0.74,3.70,5.23,0.92,22.07,0.73,0.73,5.82,1.71,0.27,0.71,0.10,0.20,0.30
U:\GitHub\StudyLanguage\src\..\data\indiv_files_truncated\STAT_C_EN_corrected\4a\794.txt,1,35,4,23,4,50,4,28,4,0.56,0.14,0.11,0.00,0.00,0.00,35,35,35.00,35.00,0.70,0.70,3.50,4.95,0.91,18.63,0.82,0.75,4.50,1.50,0.21,0.73,0.18,0.14,0.32
U:\GitHub\StudyLanguage\src\..\data\indiv_files_truncated\STAT_C_EN_corrected\4a\647.txt,1,35,8,26,8,50,8,31,8,0.62,0.26,0.23,0.33,0.67,0.58,35,35,35.00,35.00,0.70,0.70,3.50,4.95,0.91,18.63,0.84,0.83,4.17,1.44,0.16,0.86,0.23,0.06,0.29
U:\GitHub\StudyLanguage\src\..\data\indiv_files_truncated\STAT_C_EN_corrected\4a\531.txt,1,36,4,26,4,50,6,28,6,0.56,0.21,0.11,0.00,0.00,0.00,36,36,36.00,36.00,0.72,0.72,3.60,5.09,0.92,20.23,0.93,1.00,5.00,1.58,0.18,0.92,0.25,0.07,0.32
U:\GitHub\StudyLanguage\src\..\data\indiv_files_truncated\STAT_C_EN_corrected\4a\521.txt,1,37,7,25,7,50,9,31,9,0.62,0.29,0.19,0.17,0.17,0.29,37,37,37.00,37.00,0.74,0.74,3.70,5.23,0.92,22.07,0.81,0.83,4.17,1.44,0.16,0.78,0.29,0.13,0.42
U:\GitHub\StudyLanguage\src\..\data\indiv_files_truncated\STAT_C_EN_corrected\4a\913.txt,1,45,5,26,5,50,5,27,5,0.54,0.19,0.11,0.00,0.00,0.00,45,45,45.00,45.00,0.90,0.90,4.50,6.36,0.97,63.08,0.96,0.88,6.12,1.75,0.26,1.00,0.22,0.15,0.37
U:\GitHub\StudyLanguage\src\..\data\indiv_files_truncated\STAT_C_EN_corrected\4a\846.txt,1,36,3,22,3,50,4,29,4,0.58,0.14,0.08,0.00,0.00,0.00,36,36,36.00,36.00,0.72,0.72,3.60,5.09,0.92,20.23,0.76,1.00,4.00,1.41,0.14,0.80,0.21,0.03,0.24
U:\GitHub\StudyLanguage\src\..\data\indiv_files_truncated\STAT_C_EN_corrected\4a\697.txt,1,35,2,21,2,50,2,29,2,0.58,0.07,0.06,0.00,0.00,0.00,35,35,35.00,35.00,0.70,0.70,3.50,4.95,0.91,18.63,0.72,0.67,2.67,1.15,0.14,0.77,0.14,0.10,0.24
U:\GitHub\StudyLanguage\src\..\data\indiv_files_truncated\STAT_C_EN_corrected\4a\519.txt,1,31,6,19,6,50,6,25,6,0.50,0.24,0.19,0.50,0.50,0.50,31,31,31.00,31.00,0.62,0.62,3.10,4.38,0.88,13.90,0.76,1.00,2.00,1.00,0.08,0.69,0.20,0.12,0.32
U:\GitHub\StudyLanguage\src\..\data\indiv_files_truncated\STAT_C_EN_corrected\4a\801.txt,1,36,5,21,5,50,9,30,9,0.60,0.30,0.14,0.20,0.20,0.32,36,36,36.00,36.00,0.72,0.72,3.60,5.09,0.92,20.23,0.70,1.00,5.00,1.58,0.17,0.59,0.17,0.07,0.23
U:\GitHub\StudyLanguage\src\..\data\indiv_files_truncated\STAT_C_EN_corrected\4a\868.txt,1,39,6,25,5,50,7,31,6,0.62,0.19,0.15,0.00,0.00,0.00,39,39,39.00,39.00,0.78,0.78,3.90,5.52,0.94,26.75,0.81,0.71,3.57,1.34,0.16,0.80,0.26,0.16,0.42
U:\GitHub\StudyLanguage\src\..\data\indiv_files_truncated\STAT_C_EN_corrected\4a\669.txt,1,40,3,23,3,50,4,26,4,0.52,0.15,0.07,0.00,0.00,0.00,40,40,40.00,40.00,0.80,0.80,4.00,5.66,0.94,29.79,0.88,1.00,5.00,1.58,0.19,0.92,0.23,0.04,0.27
U:\GitHub\StudyLanguage\src\..\data\indiv_files_truncated\STAT_C_EN_corrected\4a\563.txt,1,32,3,21,3,50,4,29,4,0.58,0.14,0.09,0.00,0.00,0.00,32,32,32.00,32.00,0.64,0.64,3.20,4.53,0.89,14.89,0.72,0.83,4.17,1.44,0.17,0.79,0.17,0.07,0.24
U:\GitHub\StudyLanguage\src\..\data\indiv_files_truncated\STAT_C_EN_corrected\4a\889.txt,1,33,2,20,2,50,2,26,2,0.52,0.08,0.06,0.00,0.00,0.00,33,33,33.00,33.00,0.66,0.66,3.30,4.67,0.89,16.00,0.77,0.71,3.57,1.34,0.19,0.82,0.19,0.08,0.27
U:\GitHub\StudyLanguage\src\..\data\indiv_files_truncated\STAT_C_EN_corrected\4a\742.txt,1,39,5,26,5,50,5,27,5,0.54,0.19,0.13,0.00,0.00,0.00,39,39,39.00,39.00,0.78,0.78,3.90,5.52,0.94,26.75,0.96,1.00,7.00,1.87,0.26,0.91,0.26,0.07,0.33
U:\GitHub\StudyLanguage\src\..\data\indiv_files_truncated\STAT_C_EN_corrected\4a\896.txt,1,33,3,23,3,50,5,29,5,0.58,0.17,0.09,0.17,0.17,0.29,33,33,33.00,33.00,0.66,0.66,3.30,4.67,0.89,16.00,0.79,1.00,6.00,1.73,0.21,0.86,0.14,0.14,0.28
U:\GitHub\StudyLanguage\src\..\data\indiv_files_truncated\STAT_C_EN_corrected\4a\591.txt,1,41,6,24,5,50,6,27,5,0.54,0.19,0.15,0.00,0.00,0.00,41,41,41.00,41.00,0.82,0.82,4.10,5.80,0.95,33.49,0.89,1.00,4.00,1.41,0.15,0.77,0.33,0.04,0.37
U:\GitHub\StudyLanguage\src\..\data\indiv_files_truncated\STAT_C_EN_corrected\4a\914.txt,1,41,10,26,9,50,11,29,10,0.58,0.34,0.24,0.00,0.00,0.00,41,41,41.00,41.00,0.82,0.82,4.10,5.80,0.95,33.49,0.90,1.00,5.00,1.58,0.17,0.85,0.21,0.14,0.34
U:\GitHub\StudyLanguage\src\..\data\indiv_files_truncated\STAT_C_EN_corrected\4a\736.txt,1,34,8,24,8,50,9,26,9,0.52,0.35,0.24,0.00,0.00,0.00,34,34,34.00,34.00,0.68,0.68,3.40,4.81,0.90,17.23,0.92,1.00,2.00,1.00,0.08,0.93,0.31,0.08,0.38
U:\GitHub\StudyLanguage\src\..\data\indiv_files_truncated\STAT_C_EN_corrected\4a\625.txt,1,39,7,24,7,50,9,27,9,0.54,0.33,0.18,0.50,1.00,0.71,39,39,39.00,39.00,0.78,0.78,3.90,5.52,0.94,26.75,0.89,1.00,4.00,1.41,0.15,0.85,0.30,0.04,0.33
U:\GitHub\StudyLanguage\src\..\data\indiv_files_truncated\STAT_C_EN_corrected\4a\733.txt,1,36,2,21,2,50,4,27,4,0.54,0.15,0.06,0.00,0.00,0.00,36,36,36.00,36.00,0.72,0.72,3.60,5.09,0.92,20.23,0.78,1.00,6.00,1.73,0.22,0.77,0.15,0.04,0.19
U:\GitHub\StudyLanguage\src\..\data\indiv_files_truncated\STAT_C_EN_corrected\4a\588.txt,1,31,4,20,4,50,4,27,4,0.54,0.15,0.13,0.17,0.17,0.29,31,31,31.00,31.00,0.62,0.62,3.10,4.38,0.88,13.90,0.74,1.00,6.00,1.73,0.22,0.64,0.15,0.07,0.22
U:\GitHub\StudyLanguage\src\..\data\indiv_files_truncated\STAT_C_EN_corrected\4a\779.txt,1,37,5,23,5,50,5,28,5,0.56,0.18,0.14,0.17,0.17,0.29,37,37,37.00,37.00,0.74,0.74,3.70,5.23,0.92,22.07,0.82,1.00,6.00,1.73,0.21,0.64,0.21,0.07,0.29
U:\GitHub\StudyLanguage\src\..\data\indiv_files_truncated\STAT_C_EN_corrected\4a\632.txt,1,39,4,22,4,50,4,25,4,0.50,0.16,0.10,0.00,0.00,0.00,39,39,39.00,39.00,0.78,0.78,3.90,5.52,0.94,26.75,0.88,0.70,4.90,1.57,0.28,1.00,0.12,0.20,0.32
U:\GitHub\StudyLanguage\src\..\data\indiv_files_truncated\STAT_C_EN_corrected\4a\678.txt,1,33,6,23,6,50,9,29,9,0.58,0.31,0.18,0.00,0.00,0.00,33,33,33.00,33.00,0.66,0.66,3.30,4.67,0.89,16.00,0.79,0.83,4.17,1.44,0.17,0.83,0.17,0.17,0.34
U:\GitHub\StudyLanguage\src\..\data\indiv_files_truncated\STAT_C_EN_corrected\4a\790.txt,1,42,2,26,2,50,2,27,2,0.54,0.07,0.05,0.00,0.00,0.00,42,42,42.00,42.00,0.84,0.84,4.20,5.94,0.96,38.12,0.96,0.86,5.14,1.60,0.22,1.00,0.26,0.19,0.44
U:\GitHub\StudyLanguage\src\..\data\indiv_files_truncated\STAT_C_EN_corrected\4a\754.txt,1,37,5,22,5,50,5,28,5,0.56,0.18,0.14,0.00,0.00,0.00,37,37,37.00,37.00,0.74,0.74,3.70,5.23,0.92,22.07,0.79,0.83,4.17,1.44,0.18,0.90,0.18,0.14,0.32
U:\GitHub\StudyLanguage\src\..\data\indiv_files_truncated\STAT_C_EN_corrected\4a\870.txt,1,38,5,21,5,50,6,26,6,0.52,0.23,0.13,0.00,0.00,0.00,38,38,38.00,38.00,0.76,0.76,3.80,5.37,0.93,24.22,0.81,0.75,2.25,1.06,0.12,0.87,0.19,0.04,0.23
U:\GitHub\StudyLanguage\src\..\data\indiv_files_truncated\STAT_C_EN_corrected\4a\753.txt,1,38,5,23,5,50,6,27,6,0.54,0.22,0.13,0.25,0.25,0.35,38,38,38.00,38.00,0.76,0.76,3.80,5.37,0.93,24.22,0.85,1.00,4.00,1.41,0.15,0.60,0.30,0.19,0.48
U:\GitHub\StudyLanguage\src\..\data\indiv_files_truncated\STAT_C_EN_corrected\4a\910.txt,1,39,6,23,6,50,7,27,7,0.54,0.26,0.15,0.00,0.00,0.00,39,39,39.00,39.00,0.78,0.78,3.90,5.52,0.94,26.75,0.85,1.00,5.00,1.58,0.19,0.82,0.26,0.07,0.33
U:\GitHub\StudyLanguage\src\..\data\indiv_files_truncated\STAT_C_EN_corrected\4a\581.txt,1,38,5,21,5,50,5,27,5,0.54,0.19,0.13,0.00,0.00,0.00,38,38,38.00,38.00,0.76,0.76,3.80,5.37,0.93,24.22,0.78,0.80,3.20,1.26,0.15,0.67,0.30,0.04,0.33
U:\GitHub\StudyLanguage\src\..\data\indiv_files_truncated\STAT_C_EN_corrected\4a\786.txt,1,33,3,19,3,50,4,25,4,0.50,0.16,0.09,0.00,0.00,0.00,33,33,33.00,33.00,0.66,0.66,3.30,4.67,0.89,16.00,0.76,0.75,2.25,1.06,0.12,0.77,0.16,0.08,0.24
U:\GitHub\StudyLanguage\src\..\data\indiv_files_truncated\STAT_C_EN_corrected\4a\665.txt,1,37,6,23,5,50,6,24,5,0.48,0.21,0.16,0.00,0.00,0.00,37,37,37.00,37.00,0.74,0.74,3.70,5.23,0.92,22.07,0.96,1.00,3.00,1.22,0.12,0.93,0.12,0.17,0.29
U:\GitHub\StudyLanguage\src\..\data\indiv_files_truncated\STAT_C_EN_corrected\4a\906.txt,1,36,3,22,3,50,5,25,5,0.50,0.20,0.08,0.00,0.00,0.00,36,36,36.00,36.00,0.72,0.72,3.60,5.09,0.92,20.23,0.88,1.00,6.00,1.73,0.24,0.85,0.16,0.08,0.24
U:\GitHub\StudyLanguage\src\..\data\indiv_files_truncated\STAT_C_EN_corrected\4a\847.txt,1,34,3,21,3,50,4,28,4,0.56,0.14,0.09,0.00,0.00,0.00,34,34,34.00,34.00,0.68,0.68,3.40,4.81,0.90,17.23,0.75,0.75,4.50,1.50,0.21,0.78,0.14,0.18,0.32
U:\GitHub\StudyLanguage\src\..\data\indiv_files_truncated\STAT_C_EN_corrected\4a\890.txt,1,36,6,22,6,50,6,25,6,0.50,0.24,0.17,0.20,0.20,0.32,36,36,36.00,36.00,0.72,0.72,3.60,5.09,0.92,20.23,0.88,1.00,5.00,1.58,0.20,0.82,0.24,0.08,0.32
U:\GitHub\StudyLanguage\src\..\data\indiv_files_truncated\STAT_C_EN_corrected\4a\854.txt,1,37,5,22,5,50,5,24,5,0.48,0.21,0.14,0.40,0.80,0.63,37,37,37.00,37.00,0.74,0.74,3.70,5.23,0.92,22.07,0.92,1.00,5.00,1.58,0.21,0.85,0.21,0.04,0.25
U:\GitHub\StudyLanguage\src\..\data\indiv_files_truncated\STAT_C_EN_corrected\4a\907.txt,1,41,6,26,6,50,6,27,6,0.54,0.22,0.15,0.20,0.20,0.32,41,41,41.00,41.00,0.82,0.82,4.10,5.80,0.95,33.49,0.96,1.00,5.00,1.58,0.19,0.93,0.19,0.07,0.26
U:\GitHub\StudyLanguage\src\..\data\indiv_files_truncated\STAT_C_EN_corrected\4a\762.txt,1,42,5,26,5,50,5,29,5,0.58,0.17,0.12,0.14,0.14,0.27,42,42,42.00,42.00,0.84,0.84,4.20,5.94,0.96,38.12,0.90,1.00,7.00,1.87,0.24,0.80,0.21,0.17,0.38
U:\GitHub\StudyLanguage\src\..\data\indiv_files_truncated\STAT_C_EN_corrected\4a\715.txt,1,44,8,28,8,50,8,29,8,0.58,0.28,0.18,0.20,0.40,0.45,44,44,44.00,44.00,0.88,0.88,4.40,6.22,0.97,51.99,0.97,1.00,10.00,2.24,0.34,1.00,0.14,0.14,0.28
U:\GitHub\StudyLanguage\src\..\data\indiv_files_truncated\STAT_C_EN_corrected\4a\884.txt,1,41,6,24,6,50,6,27,6,0.54,0.22,0.15,0.00,0.00,0.00,41,41,41.00,41.00,0.82,0.82,4.10,5.80,0.95,33.49,0.89,1.00,4.00,1.41,0.15,0.80,0.19,0.26,0.44
U:\GitHub\StudyLanguage\src\..\data\indiv_files_truncated\STAT_C_EN_corrected\4a\594.txt,1,40,6,27,6,50,6,30,6,0.60,0.20,0.15,0.00,0.00,0.00,40,40,40.00,40.00,0.80,0.80,4.00,5.66,0.94,29.79,0.90,0.86,5.14,1.60,0.20,0.93,0.17,0.10,0.27
U:\GitHub\StudyLanguage\src\..\data\indiv_files_truncated\STAT_C_EN_corrected\4a\660.txt,1,37,5,24,5,50,5,30,5,0.60,0.17,0.14,0.00,0.00,0.00,37,37,37.00,37.00,0.74,0.74,3.70,5.23,0.92,22.07,0.80,0.57,2.29,1.07,0.13,0.91,0.20,0.13,0.33
U:\GitHub\StudyLanguage\src\..\data\indiv_files_truncated\STAT_C_EN_corrected\4a\560.txt,1,35,2,21,2,50,2,28,2,0.56,0.07,0.06,0.17,0.17,0.29,35,35,35.00,35.00,0.70,0.70,3.50,4.95,0.91,18.63,0.75,1.00,6.00,1.73,0.21,0.77,0.07,0.11,0.18
U:\GitHub\StudyLanguage\src\..\data\indiv_files_truncated\STAT_C_EN_corrected\4a\576.txt,1,35,7,27,7,50,9,34,9,0.68,0.26,0.20,0.00,0.00,0.00,35,35,35.00,35.00,0.70,0.70,3.50,4.95,0.91,18.63,0.79,0.88,6.12,1.75,0.21,0.79,0.12,0.15,0.26
U:\GitHub\StudyLanguage\src\..\data\indiv_files_truncated\STAT_C_EN_corrected\4a\675.txt,1,35,5,23,5,50,6,27,6,0.54,0.22,0.14,0.17,0.17,0.29,35,35,35.00,35.00,0.70,0.70,3.50,4.95,0.91,18.63,0.85,0.83,4.17,1.44,0.19,0.93,0.22,0.00,0.22
U:\GitHub\StudyLanguage\src\..\data\indiv_files_truncated\STAT_C_EN_corrected\4a\820.txt,1,34,6,22,6,50,6,31,6,0.62,0.19,0.18,0.00,0.00,0.00,34,34,34.00,34.00,0.68,0.68,3.40,4.81,0.90,17.23,0.71,0.80,3.20,1.26,0.13,0.64,0.26,0.03,0.29
U:\GitHub\StudyLanguage\src\..\data\indiv_files_truncated\STAT_C_EN_corrected\4a\596.txt,1,39,6,25,6,50,7,26,7,0.52,0.27,0.15,0.00,0.00,0.00,39,39,39.00,39.00,0.78,0.78,3.90,5.52,0.94,26.75,0.96,1.00,2.00,1.00,0.08,0.92,0.38,0.08,0.46
U:\GitHub\StudyLanguage\src\..\data\indiv_files_truncated\STAT_C_EN_corrected\4a\878.txt,1,31,3,18,2,50,4,26,3,0.52,0.12,0.10,0.00,0.00,0.00,31,31,31.00,31.00,0.62,0.62,3.10,4.38,0.88,13.90,0.69,0.62,3.12,1.25,0.19,0.64,0.19,0.08,0.27
U:\GitHub\StudyLanguage\src\..\data\indiv_files_truncated\STAT_C_EN_corrected\4a\706.txt,1,33,3,20,3,50,6,26,6,0.52,0.23,0.09,0.00,0.00,0.00,33,33,33.00,33.00,0.66,0.66,3.30,4.67,0.89,16.00,0.77,0.86,5.14,1.60,0.23,0.67,0.12,0.12,0.23
U:\GitHub\StudyLanguage\src\..\data\indiv_files_truncated\STAT_C_EN_corrected\4a\724.txt,1,37,6,21,5,50,6,28,5,0.56,0.18,0.16,0.00,0.00,0.00,37,37,37.00,37.00,0.74,0.74,3.70,5.23,0.92,22.07,0.75,0.83,4.17,1.44,0.18,0.71,0.11,0.04,0.14
U:\GitHub\StudyLanguage\src\..\data\indiv_files_truncated\STAT_C_EN_corrected\4a\561.txt,1,36,2,18,2,50,2,24,2,0.48,0.08,0.06,0.00,0.00,0.00,36,36,36.00,36.00,0.72,0.72,3.60,5.09,0.92,20.23,0.75,1.00,5.00,1.58,0.21,0.67,0.21,0.17,0.38
U:\GitHub\StudyLanguage\src\..\data\indiv_files_truncated\STAT_C_EN_corrected\4a\735.txt,1,35,1,21,1,50,1,23,1,0.46,0.04,0.03,0.00,0.00,0.00,35,35,35.00,35.00,0.70,0.70,3.50,4.95,0.91,18.63,0.91,0.88,6.12,1.75,0.30,0.90,0.17,0.04,0.22
U:\GitHub\StudyLanguage\src\..\data\indiv_files_truncated\STAT_C_EN_corrected\4a\796.txt,1,34,4,19,4,50,4,27,4,0.54,0.15,0.12,0.00,0.00,0.00,34,34,34.00,34.00,0.68,0.68,3.40,4.81,0.90,17.23,0.70,1.00,4.00,1.41,0.15,0.56,0.15,0.07,0.22
U:\GitHub\StudyLanguage\src\..\data\indiv_files_truncated\STAT_C_EN_corrected\4a\605.txt,1,37,4,22,3,50,4,25,3,0.50,0.12,0.11,0.14,0.14,0.27,37,37,37.00,37.00,0.74,0.74,3.70,5.23,0.92,22.07,0.88,1.00,7.00,1.87,0.28,0.75,0.20,0.16,0.36
U:\GitHub\StudyLanguage\src\..\data\indiv_files_truncated\STAT_C_EN_corrected\4a\760.txt,1,35,5,22,5,50,5,28,5,0.56,0.18,0.14,0.00,0.00,0.00,35,35,35.00,35.00,0.70,0.70,3.50,4.95,0.91,18.63,0.79,0.57,2.29,1.07,0.14,0.90,0.21,0.14,0.36
U:\GitHub\StudyLanguage\src\..\data\indiv_files_truncated\STAT_C_EN_corrected\4a\860.txt,1,35,5,24,5,50,7,30,7,0.60,0.23,0.14,0.17,0.33,0.41,35,35,35.00,35.00,0.70,0.70,3.50,4.95,0.91,18.63,0.80,0.92,10.08,2.25,0.37,0.78,0.23,0.03,0.27
U:\GitHub\StudyLanguage\src\..\data\indiv_files_truncated\STAT_C_EN_corrected\4a\711.txt,1,37,2,24,2,50,2,29,2,0.58,0.07,0.05,0.00,0.00,0.00,37,37,37.00,37.00,0.74,0.74,3.70,5.23,0.92,22.07,0.83,1.00,8.00,2.00,0.28,0.67,0.24,0.10,0.34
U:\GitHub\StudyLanguage\src\..\data\indiv_files_truncated\STAT_C_EN_corrected\4a\633.txt,1,34,5,23,5,50,5,32,5,0.64,0.16,0.15,0.00,0.00,0.00,34,34,34.00,34.00,0.68,0.68,3.40,4.81,0.90,17.23,0.72,0.75,4.50,1.50,0.19,0.64,0.28,0.03,0.31
U:\GitHub\StudyLanguage\src\..\data\indiv_files_truncated\STAT_C_EN_corrected\4a\757.txt,1,36,3,24,3,50,4,26,4,0.52,0.15,0.08,0.22,0.44,0.47,36,36,36.00,36.00,0.72,0.72,3.60,5.09,0.92,20.23,0.92,1.00,9.00,2.12,0.35,0.89,0.19,0.08,0.27
U:\GitHub\StudyLanguage\src\..\data\indiv_files_truncated\STAT_C_EN_corrected\4a\752.txt,1,36,5,25,5,50,6,27,6,0.54,0.22,0.14,0.33,0.67,0.58,36,36,36.00,36.00,0.72,0.72,3.60,5.09,0.92,20.23,0.93,1.00,6.00,1.73,0.22,0.92,0.26,0.04,0.30
U:\GitHub\StudyLanguage\src\..\data\indiv_files_truncated\STAT_C_EN_corrected\4a\826.txt,1,31,6,19,5,50,8,27,7,0.54,0.26,0.19,0.00,0.00,0.00,31,31,31.00,31.00,0.62,0.62,3.10,4.38,0.88,13.90,0.70,0.75,2.25,1.06,0.11,0.73,0.19,0.15,0.33
U:\GitHub\StudyLanguage\src\..\data\indiv_files_truncated\STAT_C_EN_corrected\4a\922.txt,1,42,4,26,4,50,4,26,4,0.52,0.15,0.10,0.12,0.12,0.25,42,42,42.00,42.00,0.84,0.84,4.20,5.94,0.96,38.12,1.00,1.00,8.00,2.00,0.31,1.00,0.12,0.19,0.31
U:\GitHub\StudyLanguage\src\..\data\indiv_files_truncated\STAT_C_EN_corrected\4a\795.txt,1,38,4,24,4,50,5,29,5,0.58,0.17,0.11,0.00,0.00,0.00,38,38,38.00,38.00,0.76,0.76,3.80,5.37,0.93,24.22,0.83,0.83,4.17,1.44,0.17,0.85,0.17,0.10,0.28
U:\GitHub\StudyLanguage\src\..\data\indiv_files_truncated\STAT_C_EN_corrected\4a\905.txt,1,35,3,17,3,50,6,23,5,0.46,0.22,0.09,0.00,0.00,0.00,35,35,35.00,35.00,0.70,0.70,3.50,4.95,0.91,18.63,0.74,0.80,3.20,1.26,0.17,0.85,0.17,0.04,0.22
U:\GitHub\StudyLanguage\src\..\data\indiv_files_truncated\STAT_C_EN_corrected\4a\784.txt,1,35,2,20,2,50,3,24,3,0.48,0.12,0.06,0.00,0.00,0.00,35,35,35.00,35.00,0.70,0.70,3.50,4.95,0.91,18.63,0.83,1.00,6.00,1.73,0.25,0.75,0.17,0.08,0.25
U:\GitHub\StudyLanguage\src\..\data\indiv_files_truncated\STAT_C_EN_corrected\4a\558.txt,1,37,4,23,4,50,5,27,5,0.54,0.19,0.11,0.00,0.00,0.00,37,37,37.00,37.00,0.74,0.74,3.70,5.23,0.92,22.07,0.85,1.00,6.00,1.73,0.22,0.83,0.22,0.07,0.30
U:\GitHub\StudyLanguage\src\..\data\indiv_files_truncated\STAT_C_EN_corrected\4a\533.txt,1,37,3,23,3,50,3,27,3,0.54,0.11,0.08,0.10,0.10,0.22,37,37,37.00,37.00,0.74,0.74,3.70,5.23,0.92,22.07,0.85,0.80,6.40,1.79,0.30,0.75,0.15,0.19,0.33
U:\GitHub\StudyLanguage\src\..\data\indiv_files_truncated\STAT_C_EN_corrected\4a\917.txt,1,37,4,23,3,50,5,27,4,0.54,0.15,0.11,0.00,0.00,0.00,37,37,37.00,37.00,0.74,0.74,3.70,5.23,0.92,22.07,0.85,1.00,6.00,1.73,0.22,0.78,0.15,0.22,0.37
U:\GitHub\StudyLanguage\src\..\data\indiv_files_truncated\STAT_C_EN_corrected\4a\582.txt,1,28,3,17,3,50,5,28,4,0.56,0.14,0.11,0.17,0.17,0.29,28,28,28.00,28.00,0.56,0.56,2.80,3.96,0.85,11.46,0.61,0.83,4.17,1.44,0.18,0.50,0.04,0.11,0.14
U:\GitHub\StudyLanguage\src\..\data\indiv_files_truncated\STAT_C_EN_corrected\4a\652.txt,1,33,8,21,8,50,9,25,9,0.50,0.36,0.24,0.25,0.25,0.35,33,33,33.00,33.00,0.66,0.66,3.30,4.67,0.89,16.00,0.84,1.00,4.00,1.41,0.16,0.73,0.20,0.20,0.40
U:\GitHub\StudyLanguage\src\..\data\indiv_files_truncated\STAT_C_EN_corrected\4a\748.txt,1,37,4,22,3,50,4,25,3,0.50,0.12,0.11,0.09,0.09,0.21,37,37,37.00,37.00,0.74,0.74,3.70,5.23,0.92,22.07,0.88,0.82,7.36,1.92,0.36,0.83,0.24,0.08,0.32
U:\GitHub\StudyLanguage\src\..\data\indiv_files_truncated\STAT_C_EN_corrected\4a\549.txt,1,36,7,21,7,50,8,26,8,0.52,0.31,0.19,0.29,0.57,0.53,36,36,36.00,36.00,0.72,0.72,3.60,5.09,0.92,20.23,0.81,0.86,5.14,1.60,0.23,0.67,0.19,0.08,0.27
U:\GitHub\StudyLanguage\src\..\data\indiv_files_truncated\STAT_C_EN_corrected\4a\511.txt,1,38,2,24,2,50,2,32,2,0.64,0.06,0.05,0.00,0.00,0.00,38,38,38.00,38.00,0.76,0.76,3.80,5.37,0.93,24.22,0.75,0.67,4.00,1.41,0.19,0.88,0.19,0.19,0.38
U:\GitHub\StudyLanguage\src\..\data\indiv_files_truncated\STAT_C_EN_corrected\4a\509.txt,1,31,3,18,3,50,3,23,3,0.46,0.13,0.10,0.00,0.00,0.00,31,31,31.00,31.00,0.62,0.62,3.10,4.38,0.88,13.90,0.78,0.67,1.33,0.82,0.09,0.69,0.22,0.09,0.30
U:\GitHub\StudyLanguage\src\..\data\indiv_files_truncated\STAT_C_EN_corrected\4a\698.txt,1,36,4,24,4,50,7,31,6,0.62,0.19,0.11,0.00,0.00,0.00,36,36,36.00,36.00,0.72,0.72,3.60,5.09,0.92,20.23,0.77,0.75,4.50,1.50,0.19,0.85,0.19,0.13,0.32
U:\GitHub\StudyLanguage\src\..\data\indiv_files_truncated\STAT_C_EN_corrected\4a\659.txt,1,39,5,22,5,50,5,26,5,0.52,0.19,0.13,0.00,0.00,0.00,39,39,39.00,39.00,0.78,0.78,3.90,5.52,0.94,26.75,0.85,0.83,4.17,1.44,0.19,0.78,0.23,0.15,0.38
U:\GitHub\StudyLanguage\src\..\data\indiv_files_truncated\STAT_C_EN_corrected\4a\644.txt,1,34,2,19,2,50,2,28,2,0.56,0.07,0.06,0.00,0.00,0.00,34,34,34.00,34.00,0.68,0.68,3.40,4.81,0.90,17.23,0.68,0.75,4.50,1.50,0.21,0.75,0.11,0.14,0.25
U:\GitHub\StudyLanguage\src\..\data\indiv_files_truncated\STAT_C_EN_corrected\4a\616.txt,1,37,5,23,4,50,7,31,6,0.62,0.19,0.14,0.17,0.17,0.29,37,37,37.00,37.00,0.74,0.74,3.70,5.23,0.92,22.07,0.74,0.83,4.17,1.44,0.16,0.72,0.10,0.06,0.16
U:\GitHub\StudyLanguage\src\..\data\indiv_files_truncated\STAT_C_EN_corrected\4a\850.txt,1,43,4,26,4,50,5,30,5,0.60,0.17,0.09,0.17,0.17,0.29,43,43,43.00,43.00,0.86,0.86,4.30,6.08,0.96,44.07,0.87,1.00,6.00,1.73,0.20,0.80,0.20,0.07,0.27
U:\GitHub\StudyLanguage\src\..\data\indiv_files_truncated\STAT_C_EN_corrected\4a\908.txt,1,32,6,20,6,50,7,24,7,0.48,0.29,0.19,0.00,0.00,0.00,32,32,32.00,32.00,0.64,0.64,3.20,4.53,0.89,14.89,0.83,1.00,3.00,1.22,0.12,0.79,0.21,0.04,0.25
U:\GitHub\StudyLanguage\src\..\data\indiv_files_truncated\STAT_C_EN_corrected\4a\609.txt,1,32,3,21,3,50,3,25,3,0.50,0.12,0.09,0.00,0.00,0.00,32,32,32.00,32.00,0.64,0.64,3.20,4.53,0.89,14.89,0.84,1.00,2.00,1.00,0.08,0.79,0.28,0.04,0.32
U:\GitHub\StudyLanguage\src\..\data\indiv_files_truncated\STAT_C_EN_corrected\4a\776.txt,1,40,4,24,3,50,4,25,3,0.50,0.12,0.10,0.00,0.00,0.00,40,40,40.00,40.00,0.80,0.80,4.00,5.66,0.94,29.79,0.96,1.00,7.00,1.87,0.28,1.00,0.24,0.08,0.32
U:\GitHub\StudyLanguage\src\..\data\indiv_files_truncated\STAT_C_EN_corrected\4a\544.txt,1,38,4,23,4,50,5,25,5,0.50,0.20,0.11,0.20,0.20,0.32,38,38,38.00,38.00,0.76,0.76,3.80,5.37,0.93,24.22,0.92,1.00,5.00,1.58,0.20,0.93,0.16,0.08,0.24
U:\GitHub\StudyLanguage\src\..\data\indiv_files_truncated\STAT_C_EN_corrected\4a\856.txt,1,40,7,26,7,50,9,30,9,0.60,0.30,0.17,0.50,1.00,0.71,40,40,40.00,40.00,0.80,0.80,4.00,5.66,0.94,29.79,0.87,1.00,4.00,1.41,0.13,0.85,0.27,0.13,0.40
U:\GitHub\StudyLanguage\src\..\data\indiv_files_truncated\STAT_C_EN_corrected\4a\536.txt,1,42,7,26,7,50,7,26,7,0.52,0.27,0.17,0.00,0.00,0.00,42,42,42.00,42.00,0.84,0.84,4.20,5.94,0.96,38.12,1.00,1.00,5.00,1.58,0.19,1.00,0.27,0.04,0.31
U:\GitHub\StudyLanguage\src\..\data\indiv_files_truncated\STAT_C_EN_corrected\4a\787.txt,1,35,3,19,3,50,4,23,4,0.46,0.17,0.09,0.00,0.00,0.00,35,35,35.00,35.00,0.70,0.70,3.50,4.95,0.91,18.63,0.83,1.00,6.00,1.73,0.26,0.80,0.09,0.17,0.26
U:\GitHub\StudyLanguage\src\..\data\indiv_files_truncated\STAT_C_EN_corrected\4a\723.txt,1,36,4,20,4,50,5,24,5,0.48,0.21,0.11,0.17,0.17,0.29,36,36,36.00,36.00,0.72,0.72,3.60,5.09,0.92,20.23,0.83,1.00,6.00,1.73,0.25,0.82,0.21,0.04,0.25
U:\GitHub\StudyLanguage\src\..\data\indiv_files_truncated\STAT_C_EN_corrected\4a\863.txt,1,39,5,27,5,50,6,29,6,0.58,0.21,0.13,0.17,0.17,0.29,39,39,39.00,39.00,0.78,0.78,3.90,5.52,0.94,26.75,0.93,1.00,6.00,1.73,0.21,1.00,0.24,0.14,0.38
U:\GitHub\StudyLanguage\src\..\data\indiv_files_truncated\STAT_C_EN_corrected\4a\556.txt,1,36,2,19,2,50,2,24,2,0.48,0.08,0.06,0.00,0.00,0.00,36,36,36.00,36.00,0.72,0.72,3.60,5.09,0.92,20.23,0.79,1.00,4.00,1.41,0.17,0.73,0.21,0.08,0.29
U:\GitHub\StudyLanguage\src\..\data\indiv_files_truncated\STAT_C_EN_corrected\4a\617.txt,1,37,4,24,4,50,4,26,4,0.52,0.15,0.11,0.00,0.00,0.00,37,37,37.00,37.00,0.74,0.74,3.70,5.23,0.92,22.07,0.92,1.00,5.00,1.58,0.19,0.82,0.35,0.04,0.38
U:\GitHub\StudyLanguage\src\..\data\indiv_files_truncated\STAT_C_EN_corrected\4a\833.txt,1,35,5,18,5,50,5,22,5,0.44,0.23,0.14,0.20,0.20,0.32,35,35,35.00,35.00,0.70,0.70,3.50,4.95,0.91,18.63,0.82,0.80,3.20,1.26,0.18,0.78,0.32,0.00,0.32
U:\GitHub\StudyLanguage\src\..\data\indiv_files_truncated\STAT_C_EN_corrected\4a\830.txt,1,35,2,21,2,50,2,24,2,0.48,0.08,0.06,0.00,0.00,0.00,35,35,35.00,35.00,0.70,0.70,3.50,4.95,0.91,18.63,0.88,1.00,4.00,1.41,0.17,0.88,0.38,0.08,0.46
U:\GitHub\StudyLanguage\src\..\data\indiv_files_truncated\STAT_C_EN_corrected\4a\858.txt,1,34,5,24,5,50,6,27,6,0.54,0.22,0.15,0.14,0.14,0.27,34,34,34.00,34.00,0.68,0.68,3.40,4.81,0.90,17.23,0.89,0.86,5.14,1.60,0.22,0.91,0.26,0.04,0.30
U:\GitHub\StudyLanguage\src\..\data\indiv_files_truncated\STAT_C_EN_corrected\4a\916.txt,1,33,4,20,4,50,4,28,4,0.56,0.14,0.12,0.29,0.57,0.53,33,33,33.00,33.00,0.66,0.66,3.30,4.67,0.89,16.00,0.71,0.86,5.14,1.60,0.21,0.75,0.18,0.00,0.18
U:\GitHub\StudyLanguage\src\..\data\indiv_files_truncated\STAT_C_EN_corrected\4a\577.txt,1,34,4,22,4,50,6,30,6,0.60,0.20,0.12,0.00,0.00,0.00,34,34,34.00,34.00,0.68,0.68,3.40,4.81,0.90,17.23,0.73,1.00,4.00,1.41,0.13,0.67,0.27,0.07,0.33
U:\GitHub\StudyLanguage\src\..\data\indiv_files_truncated\STAT_C_EN_corrected\4a\798.txt,1,41,6,23,5,50,7,25,6,0.50,0.24,0.15,0.12,0.12,0.25,41,41,41.00,41.00,0.82,0.82,4.10,5.80,0.95,33.49,0.92,0.88,6.12,1.75,0.28,0.91,0.16,0.08,0.24
U:\GitHub\StudyLanguage\src\..\data\indiv_files_truncated\STAT_C_EN_corrected\4a\593.txt,1,37,3,21,3,50,4,25,4,0.50,0.16,0.08,0.25,0.25,0.35,37,37,37.00,37.00,0.74,0.74,3.70,5.23,0.92,22.07,0.84,0.75,2.25,1.06,0.12,0.82,0.24,0.16,0.40
U:\GitHub\StudyLanguage\src\..\data\indiv_files_truncated\STAT_C_EN_corrected\4a\534.txt,1,34,3,21,3,50,5,28,5,0.56,0.18,0.09,0.00,0.00,0.00,34,34,34.00,34.00,0.68,0.68,3.40,4.81,0.90,17.23,0.75,0.88,6.12,1.75,0.25,0.71,0.18,0.04,0.21
U:\GitHub\StudyLanguage\src\..\data\indiv_files_truncated\STAT_C_EN_corrected\4a\898.txt,1,37,3,22,3,50,3,25,3,0.50,0.12,0.08,0.50,0.50,0.50,37,37,37.00,37.00,0.74,0.74,3.70,5.23,0.92,22.07,0.88,1.00,2.00,1.00,0.08,0.92,0.24,0.08,0.32
U:\GitHub\StudyLanguage\src\..\data\indiv_files_truncated\STAT_C_EN_corrected\4a\637.txt,1,32,3,17,3,50,4,22,4,0.44,0.18,0.09,0.11,0.11,0.24,32,32,32.00,32.00,0.64,0.64,3.20,4.53,0.89,14.89,0.77,0.78,5.44,1.65,0.32,0.75,0.14,0.05,0.18
U:\GitHub\StudyLanguage\src\..\data\indiv_files_truncated\STAT_C_EN_corrected\4a\620.txt,1,38,8,26,8,50,10,28,10,0.56,0.36,0.21,0.00,0.00,0.00,38,38,38.00,38.00,0.76,0.76,3.80,5.37,0.93,24.22,0.93,1.00,3.00,1.22,0.11,0.93,0.21,0.14,0.36
U:\GitHub\StudyLanguage\src\..\data\indiv_files_truncated\STAT_C_EN_corrected\4a\767.txt,1,39,2,19,2,50,2,22,2,0.44,0.09,0.05,0.33,0.33,0.41,39,39,39.00,39.00,0.78,0.78,3.90,5.52,0.94,26.75,0.86,0.67,1.33,0.82,0.09,0.89,0.27,0.14,0.41
U:\GitHub\StudyLanguage\src\..\data\indiv_files_truncated\STAT_C_EN_corrected\4a\780.txt,1,36,6,25,6,50,6,30,6,0.60,0.20,0.17,0.00,0.00,0.00,36,36,36.00,36.00,0.72,0.72,3.60,5.09,0.92,20.23,0.83,1.00,6.00,1.73,0.20,0.82,0.23,0.13,0.37
U:\GitHub\StudyLanguage\src\..\data\indiv_files_truncated\STAT_C_EN_corrected\4a\693.txt,1,37,3,25,3,50,3,28,3,0.56,0.11,0.08,0.00,0.00,0.00,37,37,37.00,37.00,0.74,0.74,3.70,5.23,0.92,22.07,0.89,1.00,5.00,1.58,0.18,0.85,0.21,0.11,0.32
U:\GitHub\StudyLanguage\src\..\data\indiv_files_truncated\STAT_C_EN_corrected\4a\744.txt,1,31,4,18,4,50,5,23,5,0.46,0.22,0.13,0.14,0.14,0.27,31,31,31.00,31.00,0.62,0.62,3.10,4.38,0.88,13.90,0.78,0.86,5.14,1.60,0.26,0.82,0.17,0.00,0.17
U:\GitHub\StudyLanguage\src\..\data\indiv_files_truncated\STAT_C_EN_corrected\4a\764.txt,1,38,4,28,4,50,7,35,7,0.70,0.20,0.11,0.11,0.11,0.24,38,38,38.00,38.00,0.76,0.76,3.80,5.37,0.93,24.22,0.80,0.89,7.11,1.89,0.23,0.80,0.20,0.06,0.26
U:\GitHub\StudyLanguage\src\..\data\indiv_files_truncated\STAT_C_EN_corrected\4a\867.txt,1,38,3,24,3,50,4,28,4,0.56,0.14,0.08,0.12,0.12,0.25,38,38,38.00,38.00,0.76,0.76,3.80,5.37,0.93,24.22,0.86,1.00,8.00,2.00,0.29,0.75,0.14,0.11,0.25
U:\GitHub\StudyLanguage\src\..\data\indiv_files_truncated\STAT_C_EN_corrected\4a\893.txt,1,33,2,16,2,50,2,23,2,0.46,0.09,0.06,0.00,0.00,0.00,33,33,33.00,33.00,0.66,0.66,3.30,4.67,0.89,16.00,0.70,0.57,2.29,1.07,0.17,0.62,0.22,0.09,0.30
U:\GitHub\StudyLanguage\src\..\data\indiv_files_truncated\STAT_C_EN_corrected\4a\535.txt,1,36,2,25,2,50,2,29,2,0.58,0.07,0.06,0.00,0.00,0.00,36,36,36.00,36.00,0.72,0.72,3.60,5.09,0.92,20.23,0.86,0.70,4.90,1.57,0.24,0.90,0.17,0.14,0.31
U:\GitHub\StudyLanguage\src\..\data\indiv_files_truncated\STAT_C_EN_corrected\4a\573.txt,1,34,1,19,1,50,1,24,1,0.48,0.04,0.03,0.00,0.00,0.00,34,34,34.00,34.00,0.68,0.68,3.40,4.81,0.90,17.23,0.79,0.62,3.12,1.25,0.21,0.75,0.29,0.04,0.33
U:\GitHub\StudyLanguage\src\..\data\indiv_files_truncated\STAT_C_EN_corrected\4a\539.txt,1,36,4,21,4,50,4,24,4,0.48,0.17,0.11,0.00,0.00,0.00,36,36,36.00,36.00,0.72,0.72,3.60,5.09,0.92,20.23,0.88,1.00,4.00,1.41,0.17,0.80,0.25,0.12,0.38
U:\GitHub\StudyLanguage\src\..\data\indiv_files_truncated\STAT_C_EN_corrected\4a\728.txt,1,32,2,19,2,50,2,22,2,0.44,0.09,0.06,0.14,0.14,0.27,32,32,32.00,32.00,0.64,0.64,3.20,4.53,0.89,14.89,0.86,0.71,3.57,1.34,0.23,1.00,0.14,0.18,0.32
U:\GitHub\StudyLanguage\src\..\data\indiv_files_truncated\STAT_C_EN_corrected\4a\743.txt,1,38,2,20,2,50,2,25,2,0.50,0.08,0.05,0.00,0.00,0.00,38,38,38.00,38.00,0.76,0.76,3.80,5.37,0.93,24.22,0.80,0.83,4.17,1.44,0.20,0.75,0.24,0.00,0.24
U:\GitHub\StudyLanguage\src\..\data\indiv_files_truncated\STAT_C_EN_corrected\4a\792.txt,1,40,4,26,4,50,4,28,4,0.56,0.14,0.10,0.00,0.00,0.00,40,40,40.00,40.00,0.80,0.80,4.00,5.66,0.94,29.79,0.93,1.00,5.00,1.58,0.18,0.89,0.39,0.07,0.46
U:\GitHub\StudyLanguage\src\..\data\indiv_files_truncated\STAT_C_EN_corrected\4a\618.txt,1,38,7,24,7,50,7,26,7,0.52,0.27,0.18,0.29,0.57,0.53,38,38,38.00,38.00,0.76,0.76,3.80,5.37,0.93,24.22,0.92,0.86,5.14,1.60,0.23,0.89,0.19,0.19,0.38
U:\GitHub\StudyLanguage\src\..\data\indiv_files_truncated\STAT_C_EN_corrected\4a\568.txt,1,39,5,26,5,50,5,29,5,0.58,0.17,0.13,0.00,0.00,0.00,39,39,39.00,39.00,0.78,0.78,3.90,5.52,0.94,26.75,0.90,1.00,7.00,1.87,0.24,0.85,0.14,0.14,0.28
U:\GitHub\StudyLanguage\src\..\data\indiv_files_truncated\STAT_C_EN_corrected\4a\586.txt,1,33,6,21,6,50,7,29,7,0.58,0.24,0.18,0.25,0.25,0.35,33,33,33.00,33.00,0.66,0.66,3.30,4.67,0.89,16.00,0.72,1.00,4.00,1.41,0.14,0.69,0.17,0.07,0.24
U:\GitHub\StudyLanguage\src\..\data\indiv_files_truncated\STAT_C_EN_corrected\4a\554.txt,1,37,3,23,3,50,3,27,3,0.54,0.11,0.08,0.00,0.00,0.00,37,37,37.00,37.00,0.74,0.74,3.70,5.23,0.92,22.07,0.85,0.83,4.17,1.44,0.19,0.82,0.19,0.15,0.33
U:\GitHub\StudyLanguage\src\..\data\indiv_files_truncated\STAT_C_EN_corrected\4a\713.txt,1,35,3,21,3,50,5,25,5,0.50,0.20,0.09,0.17,0.17,0.29,35,35,35.00,35.00,0.70,0.70,3.50,4.95,0.91,18.63,0.84,0.67,2.67,1.15,0.16,0.82,0.16,0.16,0.32
U:\GitHub\StudyLanguage\src\..\data\indiv_files_truncated\STAT_C_EN_corrected\4a\613.txt,1,38,4,21,4,50,5,26,5,0.52,0.19,0.11,0.17,0.17,0.29,38,38,38.00,38.00,0.76,0.76,3.80,5.37,0.93,24.22,0.81,1.00,6.00,1.73,0.23,0.83,0.19,0.04,0.23
U:\GitHub\StudyLanguage\src\..\data\indiv_files_truncated\STAT_C_EN_corrected\4a\911.txt,1,35,9,22,7,50,11,32,9,0.64,0.28,0.26,0.25,0.50,0.50,35,35,35.00,35.00,0.70,0.70,3.50,4.95,0.91,18.63,0.69,1.00,8.00,2.00,0.25,0.56,0.16,0.03,0.19
U:\GitHub\StudyLanguage\src\..\data\indiv_files_truncated\STAT_C_EN_corrected\4a\872.txt,1,35,4,22,4,50,5,28,5,0.56,0.18,0.11,0.00,0.00,0.00,35,35,35.00,35.00,0.70,0.70,3.50,4.95,0.91,18.63,0.79,1.00,2.00,1.00,0.07,0.82,0.29,0.11,0.39
U:\GitHub\StudyLanguage\src\..\data\indiv_files_truncated\STAT_C_EN_corrected\4a\808.txt,1,37,5,20,5,50,5,24,5,0.48,0.21,0.14,0.00,0.00,0.00,37,37,37.00,37.00,0.74,0.74,3.70,5.23,0.92,22.07,0.83,0.67,1.33,0.82,0.08,0.85,0.21,0.12,0.33
U:\GitHub\StudyLanguage\src\..\data\indiv_files_truncated\STAT_C_EN_corrected\4a\875.txt,1,35,4,19,4,50,5,23,5,0.46,0.22,0.11,0.20,0.20,0.32,35,35,35.00,35.00,0.70,0.70,3.50,4.95,0.91,18.63,0.83,1.00,5.00,1.58,0.22,0.75,0.13,0.09,0.22
U:\GitHub\StudyLanguage\src\..\data\indiv_files_truncated\STAT_C_EN_corrected\4a\829.txt,1,37,5,23,5,50,6,28,6,0.56,0.21,0.14,0.00,0.00,0.00,37,37,37.00,37.00,0.74,0.74,3.70,5.23,0.92,22.07,0.82,1.00,4.00,1.41,0.14,0.80,0.29,0.00,0.29
U:\GitHub\StudyLanguage\src\..\data\indiv_files_truncated\STAT_C_EN_corrected\4a\827.txt,1,39,4,24,3,50,6,27,4,0.54,0.15,0.10,0.00,0.00,0.00,39,39,39.00,39.00,0.78,0.78,3.90,5.52,0.94,26.75,0.89,0.86,5.14,1.60,0.22,0.83,0.22,0.07,0.30
U:\GitHub\StudyLanguage\src\..\data\indiv_files_truncated\STAT_C_EN_corrected\4a\507.txt,1,33,3,19,3,50,3,25,3,0.50,0.12,0.09,0.11,0.11,0.24,33,33,33.00,33.00,0.66,0.66,3.30,4.67,0.89,16.00,0.76,0.67,4.00,1.41,0.24,0.80,0.08,0.16,0.24
U:\GitHub\StudyLanguage\src\..\data\indiv_files_truncated\STAT_C_EN_corrected\4a\714.txt,1,34,3,20,3,50,3,26,3,0.52,0.12,0.09,0.00,0.00,0.00,34,34,34.00,34.00,0.68,0.68,3.40,4.81,0.90,17.23,0.77,0.56,2.78,1.18,0.19,0.80,0.23,0.04,0.27
U:\GitHub\StudyLanguage\src\..\data\indiv_files_truncated\STAT_C_EN_corrected\4a\761.txt,1,36,2,25,2,50,2,27,2,0.54,0.07,0.06,0.00,0.00,0.00,36,36,36.00,36.00,0.72,0.72,3.60,5.09,0.92,20.23,0.93,0.83,4.17,1.44,0.19,0.90,0.30,0.11,0.41
U:\GitHub\StudyLanguage\src\..\data\indiv_files_truncated\STAT_C_EN_corrected\4a\614.txt,1,36,1,22,1,50,1,25,1,0.50,0.04,0.03,0.00,0.00,0.00,36,36,36.00,36.00,0.72,0.72,3.60,5.09,0.92,20.23,0.88,1.00,5.00,1.58,0.20,0.80,0.20,0.16,0.36
U:\GitHub\StudyLanguage\src\..\data\indiv_files_truncated\STAT_C_EN_corrected\4a\716.txt,1,37,5,26,5,50,6,31,6,0.62,0.19,0.14,0.00,0.00,0.00,37,37,37.00,37.00,0.74,0.74,3.70,5.23,0.92,22.07,0.84,0.62,3.12,1.25,0.16,0.90,0.26,0.16,0.42
U:\GitHub\StudyLanguage\src\..\data\indiv_files_truncated\STAT_C_EN_corrected\4a\837.txt,1,40,7,26,7,50,7,31,7,0.62,0.23,0.17,0.14,0.14,0.27,40,40,40.00,40.00,0.80,0.80,4.00,5.66,0.94,29.79,0.84,0.86,5.14,1.60,0.19,0.83,0.19,0.13,0.32
U:\GitHub\StudyLanguage\src\..\data\indiv_files_truncated\STAT_C_EN_corrected\4a\835.txt,1,37,3,22,3,50,5,28,5,0.56,0.18,0.08,0.00,0.00,0.00,37,37,37.00,37.00,0.74,0.74,3.70,5.23,0.92,22.07,0.79,0.83,4.17,1.44,0.18,0.87,0.11,0.11,0.21
U:\GitHub\StudyLanguage\src\..\data\indiv_files_truncated\STAT_C_EN_corrected\4a\696.txt,1,35,2,22,2,50,2,28,2,0.56,0.07,0.06,0.00,0.00,0.00,35,35,35.00,35.00,0.70,0.70,3.50,4.95,0.91,18.63,0.79,0.64,4.45,1.49,0.25,1.00,0.14,0.11,0.25
U:\GitHub\StudyLanguage\src\..\data\indiv_files_truncated\STAT_C_EN_corrected\4a\548.txt,1,34,5,25,5,50,5,27,5,0.54,0.19,0.15,0.00,0.00,0.00,34,34,34.00,34.00,0.68,0.68,3.40,4.81,0.90,17.23,0.93,1.00,4.00,1.41,0.15,0.93,0.22,0.07,0.30
U:\GitHub\StudyLanguage\src\..\data\indiv_files_truncated\STAT_C_EN_corrected\4a\559.txt,1,39,4,25,4,50,5,29,5,0.58,0.17,0.10,0.00,0.00,0.00,39,39,39.00,39.00,0.78,0.78,3.90,5.52,0.94,26.75,0.86,1.00,4.00,1.41,0.14,0.80,0.24,0.07,0.31
U:\GitHub\StudyLanguage\src\..\data\indiv_files_truncated\STAT_C_EN_corrected\4a\663.txt,1,39,4,26,4,50,4,27,4,0.54,0.15,0.10,0.00,0.00,0.00,39,39,39.00,39.00,0.78,0.78,3.90,5.52,0.94,26.75,0.96,1.00,7.00,1.87,0.26,0.92,0.22,0.07,0.30
U:\GitHub\StudyLanguage\src\..\data\indiv_files_truncated\STAT_C_EN_corrected\4a\506.txt,1,36,5,18,5,50,5,24,5,0.48,0.21,0.14,0.00,0.00,0.00,36,36,36.00,36.00,0.72,0.72,3.60,5.09,0.92,20.23,0.75,0.50,1.50,0.87,0.12,0.70,0.25,0.08,0.33
U:\GitHub\StudyLanguage\src\..\data\indiv_files_truncated\STAT_C_EN_corrected\4a\789.txt,1,35,3,21,3,50,3,26,3,0.52,0.12,0.09,0.00,0.00,0.00,35,35,35.00,35.00,0.70,0.70,3.50,4.95,0.91,18.63,0.81,0.75,2.25,1.06,0.12,0.78,0.31,0.12,0.42
U:\GitHub\StudyLanguage\src\..\data\indiv_files_truncated\STAT_C_EN_corrected\4a\572.txt,1,39,8,26,8,50,10,29,10,0.58,0.34,0.21,0.20,0.20,0.32,39,39,39.00,39.00,0.78,0.78,3.90,5.52,0.94,26.75,0.90,1.00,5.00,1.58,0.17,0.87,0.24,0.03,0.28