filename,sentences,wordtypes,swordtypes,lextypes,slextypes,wordtokens,swordtokens,lextokens,slextokens,ld,ls1,ls2,vs1,vs2,cvs1,ndw,ndwz,ndwerz,ndwesz,ttr,msttr,cttr,rttr,logttr,uber,lv,vv1,svv1,cvv1,vv2,nv,adjv,advv,modv
100.txt,1,32,7,25,4,50,11,39,6,0.78,0.15,0.22,0.06,0.06,0.18,32,32,32.00,32.00,0.64,0.64,3.20,4.53,0.89,14.89,0.64,0.75,9.00,2.12,0.31,0.50,0.10,0.05,0.15
101.txt,1,34,7,28,4,50,11,41,6,0.82,0.15,0.21,0.05,0.05,0.16,34,34,34.00,34.00,0.68,0.68,3.40,4.81,0.90,17.23,0.68,0.79,11.84,2.43,0.37,0.54,0.10,0.05,0.15
103.txt,1,36,8,32,7,50,9,38,7,0.76,0.18,0.22,0.05,0.05,0.15,36,36,36.00,36.00,0.72,0.72,3.60,5.09,0.92,20.23,0.84,0.90,17.19,2.93,0.50,0.71,0.03,0.05,0.08
106.txt,1,32,7,27,6,50,15,39,10,0.78,0.26,0.22,0.05,0.05,0.15,32,32,32.00,32.00,0.64,0.64,3.20,4.53,0.89,14.89,0.69,0.68,10.23,2.26,0.38,0.62,0.03,0.08,0.10
109.txt,1,28,5,23,2,50,11,40,4,0.80,0.10,0.18,0.00,0.00,0.00,28,28,28.00,28.00,0.56,0.56,2.80,3.96,0.85,11.46,0.57,0.61,6.72,1.83,0.28,0.50,0.07,0.03,0.10
110.txt,1,30,7,26,6,50,13,37,7,0.74,0.19,0.23,0.06,0.06,0.17,30,30,30.00,30.00,0.60,0.60,3.00,4.24,0.87,13.01,0.70,0.82,11.53,2.40,0.38,0.56,0.03,0.03,0.05
111.txt,1,34,6,30,5,50,11,40,8,0.80,0.20,0.18,0.00,0.00,0.00,34,34,34.00,34.00,0.68,0.68,3.40,4.81,0.90,17.23,0.75,0.82,14.73,2.71,0.45,0.62,0.05,0.00,0.05
113.txt,1,35,8,32,7,50,12,41,8,0.82,0.20,0.23,0.00,0.00,0.00,35,35,35.00,35.00,0.70,0.70,3.50,4.95,0.91,18.63,0.78,0.76,12.19,2.47,0.39,0.79,0.12,0.00,0.12
115.txt,1,30,3,26,2,50,5,44,4,0.88,0.09,0.10,0.00,0.00,0.00,30,30,30.00,30.00,0.60,0.60,3.00,4.24,0.87,13.01,0.59,0.61,8.52,2.06,0.32,0.50,0.11,0.02,0.14
116.txt,1,35,10,32,8,50,13,42,10,0.84,0.24,0.29,0.09,0.17,0.29,35,35,35.00,35.00,0.70,0.70,3.50,4.95,0.91,18.63,0.76,0.70,11.13,2.36,0.38,0.79,0.07,0.05,0.12
117.txt,1,36,6,31,5,50,10,39,5,0.78,0.13,0.17,0.00,0.00,0.00,36,36,36.00,36.00,0.72,0.72,3.60,5.09,0.92,20.23,0.79,0.82,14.73,2.71,0.46,0.69,0.05,0.05,0.10
118.txt,1,28,1,24,0,50,1,42,0,0.84,0.00,0.04,0.00,0.00,0.00,28,28,28.00,28.00,0.56,0.56,2.80,3.96,0.85,11.46,0.57,0.59,7.68,1.96,0.31,0.64,0.07,0.02,0.10
119.txt,1,30,6,25,5,50,15,37,10,0.74,0.27,0.20,0.05,0.05,0.15,30,30,30.00,30.00,0.60,0.60,3.00,4.24,0.87,13.01,0.68,0.76,12.19,2.47,0.43,0.53,0.00,0.03,0.03
121.txt,1,29,3,25,2,50,5,39,2,0.78,0.05,0.10,0.00,0.00,0.00,29,29,29.00,29.00,0.58,0.58,2.90,4.10,0.86,12.20,0.64,0.70,9.80,2.21,0.36,0.55,0.10,0.03,0.13
122.txt,1,36,4,32,3,50,11,42,6,0.84,0.14,0.11,0.00,0.00,0.00,36,36,36.00,36.00,0.72,0.72,3.60,5.09,0.92,20.23,0.76,0.79,15.04,2.74,0.45,0.64,0.05,0.05,0.10
123.txt,1,37,9,31,6,50,11,39,6,0.78,0.15,0.24,0.00,0.00,0.00,37,37,37.00,37.00,0.74,0.74,3.70,5.23,0.92,22.07,0.79,0.71,10.71,2.31,0.38,0.88,0.03,0.03,0.05
124.txt,1,28,1,24,0,50,3,38,0,0.76,0.00,0.04,0.00,0.00,0.00,28,28,28.00,28.00,0.56,0.56,2.80,3.96,0.85,11.46,0.63,0.67,8.00,2.00,0.32,0.58,0.08,0.05,0.13
126.txt,1,35,9,30,8,50,10,40,9,0.80,0.23,0.26,0.06,0.06,0.17,35,35,35.00,35.00,0.70,0.70,3.50,4.95,0.91,18.63,0.75,0.76,9.94,2.23,0.33,0.79,0.12,0.03,0.15
129.txt,1,33,3,30,2,50,6,39,2,0.78,0.05,0.09,0.04,0.04,0.14,33,33,33.00,33.00,0.66,0.66,3.30,4.67,0.89,16.00,0.77,0.75,13.50,2.60,0.46,0.73,0.08,0.03,0.10
130.txt,1,35,6,30,4,50,10,37,4,0.74,0.11,0.17,0.00,0.00,0.00,35,35,35.00,35.00,0.70,0.70,3.50,4.95,0.91,18.63,0.81,0.83,12.50,2.50,0.41,0.73,0.11,0.00,0.11
134.txt,1,34,4,29,3,50,6,40,4,0.80,0.10,0.12,0.00,0.00,0.00,34,34,34.00,34.00,0.68,0.68,3.40,4.81,0.90,17.23,0.72,0.83,12.50,2.50,0.38,0.60,0.10,0.03,0.12
135.txt,1,32,3,28,2,50,6,42,4,0.84,0.10,0.09,0.00,0.00,0.00,32,32,32.00,32.00,0.64,0.64,3.20,4.53,0.89,14.89,0.67,0.77,13.14,2.56,0.40,0.47,0.05,0.02,0.07
137.txt,1,31,5,24,2,50,6,39,3,0.78,0.08,0.16,0.00,0.00,0.00,31,31,31.00,31.00,0.62,0.62,3.10,4.38,0.88,13.90,0.62,0.65,8.45,2.06,0.33,0.50,0.08,0.05,0.13
138.txt,1,34,1,31,0,50,1,42,0,0.84,0.00,0.03,0.00,0.00,0.00,34,34,34.00,34.00,0.68,0.68,3.40,4.81,0.90,17.23,0.74,0.76,12.19,2.47,0.38,0.69,0.07,0.07,0.14
139.txt,1,30,4,26,3,50,8,39,4,0.78,0.10,0.13,0.05,0.05,0.16,30,30,30.00,30.00,0.60,0.60,3.00,4.24,0.87,13.01,0.67,0.79,11.84,2.43,0.38,0.50,0.08,0.03,0.10
141.txt,1,38,8,35,7,50,11,43,9,0.86,0.21,0.21,0.00,0.00,0.00,38,38,38.00,38.00,0.76,0.76,3.80,5.37,0.93,24.22,0.81,0.82,18.89,3.07,0.53,0.77,0.05,0.00,0.05
142.txt,1,35,8,30,6,50,14,37,8,0.74,0.22,0.23,0.05,0.05,0.15,35,35,35.00,35.00,0.70,0.70,3.50,4.95,0.91,18.63,0.81,0.81,13.76,2.62,0.46,0.73,0.11,0.03,0.14
143.txt,1,28,3,26,2,50,6,43,2,0.86,0.05,0.11,0.05,0.05,0.15,28,28,28.00,28.00,0.56,0.56,2.80,3.96,0.85,11.46,0.60,0.50,5.50,1.66,0.26,0.73,0.14,0.02,0.16
144.txt,1,33,8,30,7,50,12,43,10,0.86,0.23,0.24,0.00,0.00,0.00,33,33,33.00,33.00,0.66,0.66,3.30,4.67,0.89,16.00,0.70,0.70,11.13,2.36,0.37,0.65,0.02,0.05,0.07
145.txt,1,39,8,34,7,50,13,38,8,0.76,0.21,0.21,0.00,0.00,0.00,39,39,39.00,39.00,0.78,0.78,3.90,5.52,0.94,26.75,0.89,0.83,12.50,2.50,0.39,0.93,0.05,0.08,0.13
147.txt,1,31,5,28,4,50,7,40,5,0.80,0.12,0.16,0.05,0.05,0.15,31,31,31.00,31.00,0.62,0.62,3.10,4.38,0.88,13.90,0.70,0.71,10.71,2.31,0.38,0.54,0.10,0.05,0.15
148.txt,1,31,1,27,0,50,1,43,0,0.86,0.00,0.03,0.00,0.00,0.00,31,31,31.00,31.00,0.62,0.62,3.10,4.38,0.88,13.90,0.63,0.65,11.12,2.36,0.40,0.57,0.05,0.00,0.05
149.txt,1,34,8,29,7,50,18,37,11,0.74,0.30,0.24,0.05,0.05,0.16,34,34,34.00,34.00,0.68,0.68,3.40,4.81,0.90,17.23,0.78,0.84,13.47,2.60,0.43,0.71,0.08,0.00,0.08
150.txt,1,34,6,31,5,50,10,43,7,0.86,0.16,0.18,0.03,0.03,0.13,34,34,34.00,34.00,0.68,0.68,3.40,4.81,0.90,17.23,0.72,0.72,15.21,2.76,0.49,0.69,0.00,0.02,0.02
152.txt,1,35,6,30,5,50,11,41,8,0.82,0.20,0.17,0.00,0.00,0.00,35,35,35.00,35.00,0.70,0.70,3.50,4.95,0.91,18.63,0.73,0.70,11.13,2.36,0.39,0.64,0.10,0.07,0.17
153.txt,1,32,7,27,5,50,10,43,8,0.86,0.19,0.22,0.05,0.05,0.15,32,32,32.00,32.00,0.64,0.64,3.20,4.53,0.89,14.89,0.63,0.77,13.14,2.56,0.40,0.40,0.09,0.00,0.09
154.txt,1,34,2,31,1,50,3,45,2,0.90,0.04,0.06,0.00,0.00,0.00,34,34,34.00,34.00,0.68,0.68,3.40,4.81,0.90,17.23,0.69,0.68,14.23,2.67,0.47,0.67,0.09,0.00,0.09
155.txt,1,38,11,32,8,50,17,38,9,0.76,0.24,0.29,0.10,0.19,0.31,38,38,38.00,38.00,0.76,0.76,3.80,5.37,0.93,24.22,0.84,0.90,17.19,2.93,0.50,0.69,0.03,0.08,0.11
156.txt,1,40,8,36,7,50,12,39,7,0.78,0.18,0.20,0.09,0.18,0.30,40,40,40.00,40.00,0.80,0.80,4.00,5.66,0.94,29.79,0.92,0.95,20.05,3.17,0.54,0.86,0.05,0.03,0.08
157.txt,1,31,2,27,1,50,5,43,2,0.86,0.05,0.06,0.00,0.00,0.00,31,31,31.00,31.00,0.62,0.62,3.10,4.38,0.88,13.90,0.63,0.64,11.57,2.41,0.42,0.60,0.07,0.00,0.07
158.txt,1,27,2,24,1,50,4,44,1,0.88,0.02,0.07,0.00,0.00,0.00,27,27,27.00,27.00,0.54,0.54,2.70,3.82,0.84,10.79,0.55,0.50,5.50,1.66,0.25,0.54,0.11,0.02,0.14
159.txt,1,36,11,32,9,50,16,42,11,0.84,0.26,0.31,0.05,0.05,0.16,36,36,36.00,36.00,0.72,0.72,3.60,5.09,0.92,20.23,0.76,0.74,10.32,2.27,0.33,0.75,0.02,0.05,0.07
160.txt,1,35,5,30,3,50,5,39,3,0.78,0.08,0.14,0.00,0.00,0.00,35,35,35.00,35.00,0.70,0.70,3.50,4.95,0.91,18.63,0.77,0.77,13.14,2.56,0.44,0.69,0.10,0.00,0.10
161.txt,1,37,7,32,6,50,10,38,6,0.76,0.16,0.19,0.00,0.00,0.00,37,37,37.00,37.00,0.74,0.74,3.70,5.23,0.92,22.07,0.84,0.80,9.60,2.19,0.32,0.87,0.11,0.08,0.18
163.txt,1,31,3,28,2,50,5,42,3,0.84,0.07,0.10,0.05,0.05,0.15,31,31,31.00,31.00,0.62,0.62,3.10,4.38,0.88,13.90,0.67,0.71,10.71,2.31,0.36,0.58,0.12,0.02,0.14
164.txt,1,29,7,25,6,50,17,40,11,0.80,0.28,0.24,0.05,0.05,0.15,29,29,29.00,29.00,0.58,0.58,2.90,4.10,0.86,12.20,0.62,0.67,9.33,2.16,0.35,0.58,0.00,0.00,0.00
165.txt,1,28,4,25,3,50,5,42,4,0.84,0.10,0.14,0.00,0.00,0.00,28,28,28.00,28.00,0.56,0.56,2.80,3.96,0.85,11.46,0.60,0.59,7.68,1.96,0.31,0.64,0.07,0.00,0.07
166.txt,1,28,3,24,2,50,5,41,4,0.82,0.10,0.11,0.00,0.00,0.00,28,28,28.00,28.00,0.56,0.56,2.80,3.96,0.85,11.46,0.59,0.61,8.52,2.06,0.34,0.45,0.12,0.00,0.12
167.txt,1,37,12,30,9,50,17,39,11,0.78,0.28,0.32,0.04,0.04,0.15,37,37,37.00,37.00,0.74,0.74,3.70,5.23,0.92,22.07,0.77,0.78,14.09,2.65,0.46,0.70,0.08,0.05,0.13
169.txt,1,32,0,30,0,50,0,44,0,0.88,0.00,0.00,0.00,0.00,0.00,32,32,32.00,32.00,0.64,0.64,3.20,4.53,0.89,14.89,0.68,0.62,9.38,2.17,0.34,0.62,0.09,0.07,0.16
170.txt,1,24,3,19,2,50,6,39,4,0.78,0.10,0.12,0.00,0.00,0.00,24,24,24.00,24.00,0.48,0.48,2.40,3.39,0.81,9.06,0.49,0.50,4.50,1.50,0.23,0.42,0.13,0.00,0.13
171.txt,1,34,6,30,5,50,11,39,6,0.78,0.15,0.18,0.00,0.00,0.00,34,34,34.00,34.00,0.68,0.68,3.40,4.81,0.90,17.23,0.77,0.89,14.22,2.67,0.41,0.58,0.10,0.08,0.18
172.txt,1,29,4,25,3,50,5,39,3,0.78,0.08,0.14,0.06,0.06,0.17,29,29,29.00,29.00,0.58,0.58,2.90,4.10,0.86,12.20,0.64,0.71,8.47,2.06,0.31,0.62,0.10,0.03,0.13
173.txt,1,32,6,26,4,50,7,40,4,0.80,0.10,0.19,0.00,0.00,0.00,32,32,32.00,32.00,0.64,0.64,3.20,4.53,0.89,14.89,0.65,0.58,8.17,2.02,0.35,0.73,0.10,0.00,0.10
174.txt,1,39,6,35,4,50,7,43,5,0.86,0.12,0.15,0.00,0.00,0.00,39,39,39.00,39.00,0.78,0.78,3.90,5.52,0.94,26.75,0.81,0.82,14.73,2.71,0.42,0.82,0.12,0.07,0.19
175.txt,1,37,10,31,7,50,18,36,10,0.72,0.28,0.27,0.05,0.05,0.16,37,37,37.00,37.00,0.74,0.74,3.70,5.23,0.92,22.07,0.86,0.79,11.84,2.43,0.42,0.91,0.11,0.06,0.17
176.txt,1,27,5,22,4,50,9,37,6,0.74,0.16,0.19,0.00,0.00,0.00,27,27,27.00,27.00,0.54,0.54,2.70,3.82,0.84,10.79,0.59,0.61,6.72,1.83,0.30,0.53,0.08,0.00,0.08
177.txt,1,39,8,34,6,50,9,39,6,0.78,0.15,0.21,0.10,0.20,0.32,39,39,39.00,39.00,0.78,0.78,3.90,5.52,0.94,26.75,0.87,0.90,16.20,2.85,0.46,0.80,0.13,0.08,0.21
178.txt,1,29,2,26,1,50,5,39,2,0.78,0.05,0.07,0.00,0.00,0.00,29,29,29.00,29.00,0.58,0.58,2.90,4.10,0.86,12.20,0.67,0.76,9.94,2.23,0.33,0.60,0.10,0.00,0.10
179.txt,1,36,6,33,5,50,12,40,6,0.80,0.15,0.17,0.00,0.00,0.00,36,36,36.00,36.00,0.72,0.72,3.60,5.09,0.92,20.23,0.82,0.85,14.45,2.69,0.42,0.69,0.12,0.05,0.17
181.txt,1,27,4,23,3,50,11,39,6,0.78,0.15,0.15,0.06,0.06,0.17,27,27,27.00,27.00,0.54,0.54,2.70,3.82,0.84,10.79,0.59,0.67,8.00,2.00,0.31,0.46,0.10,0.03,0.13
182.txt,1,28,9,26,8,50,18,38,13,0.76,0.34,0.32,0.16,0.47,0.49,28,28,28.00,28.00,0.56,0.56,2.80,3.96,0.85,11.46,0.68,0.74,10.32,2.27,0.37,0.53,0.05,0.05,0.11
183.txt,1,31,5,26,4,50,14,37,7,0.74,0.19,0.16,0.05,0.05,0.15,31,31,31.00,31.00,0.62,0.62,3.10,4.38,0.88,13.90,0.70,0.81,13.76,2.62,0.46,0.50,0.03,0.03,0.05
185.txt,1,35,5,29,3,50,7,41,3,0.82,0.07,0.14,0.00,0.00,0.00,35,35,35.00,35.00,0.70,0.70,3.50,4.95,0.91,18.63,0.71,0.70,9.80,2.21,0.34,0.58,0.12,0.07,0.20
186.txt,1,34,6,31,5,50,16,39,12,0.78,0.31,0.18,0.11,0.21,0.32,34,34,34.00,34.00,0.68,0.68,3.40,4.81,0.90,17.23,0.79,0.95,17.05,2.92,0.46,0.64,0.08,0.08,0.15
187.txt,1,35,10,30,8,50,13,40,8,0.80,0.20,0.29,0.05,0.05,0.15,35,35,35.00,35.00,0.70,0.70,3.50,4.95,0.91,18.63,0.75,0.64,8.91,2.11,0.35,1.00,0.10,0.03,0.12
188.txt,1,31,11,26,8,50,22,37,13,0.74,0.35,0.35,0.05,0.05,0.16,31,31,31.00,31.00,0.62,0.62,3.10,4.38,0.88,13.90,0.70,0.74,10.32,2.27,0.38,0.64,0.05,0.03,0.08
189.txt,1,33,5,26,2,50,6,38,2,0.76,0.05,0.15,0.00,0.00,0.00,33,33,33.00,33.00,0.66,0.66,3.30,4.67,0.89,16.00,0.68,0.76,12.19,2.47,0.42,0.55,0.11,0.00,0.11
191.txt,1,25,2,20,1,50,3,37,2,0.74,0.05,0.08,0.00,0.00,0.00,25,25,25.00,25.00,0.50,0.50,2.50,3.54,0.82,9.59,0.54,0.62,8.05,2.01,0.35,0.31,0.08,0.00,0.08
193.txt,1,33,7,29,6,50,9,42,8,0.84,0.19,0.21,0.07,0.07,0.19,33,33,33.00,33.00,0.66,0.66,3.30,4.67,0.89,16.00,0.69,0.79,8.64,2.08,0.26,0.54,0.21,0.05,0.26
194.txt,1,31,2,28,1,50,5,37,1,0.74,0.03,0.06,0.00,0.00,0.00,31,31,31.00,31.00,0.62,0.62,3.10,4.38,0.88,13.90,0.76,0.79,11.84,2.43,0.41,0.73,0.08,0.05,0.14
195.txt,1,32,2,30,1,50,4,43,1,0.86,0.02,0.06,0.00,0.00,0.00,32,32,32.00,32.00,0.64,0.64,3.20,4.53,0.89,14.89,0.70,0.73,13.88,2.63,0.44,0.67,0.05,0.07,0.12
196.txt,1,30,8,28,7,50,12,42,9,0.84,0.21,0.27,0.04,0.04,0.14,30,30,30.00,30.00,0.60,0.60,3.00,4.24,0.87,13.01,0.67,0.58,8.65,2.08,0.36,0.85,0.02,0.05,0.07
197.txt,1,35,12,27,9,50,19,33,12,0.66,0.36,0.34,0.06,0.06,0.17,35,35,35.00,35.00,0.70,0.70,3.50,4.95,0.91,18.63,0.82,0.88,13.24,2.57,0.45,0.71,0.06,0.00,0.06
198.txt,1,35,4,30,3,50,8,38,5,0.76,0.13,0.11,0.05,0.05,0.16,35,35,35.00,35.00,0.70,0.70,3.50,4.95,0.91,18.63,0.79,0.80,12.80,2.53,0.42,0.73,0.13,0.03,0.16
199.txt,1,37,8,32,7,50,15,37,9,0.74,0.24,0.22,0.12,0.24,0.34,37,37,37.00,37.00,0.74,0.74,3.70,5.23,0.92,22.07,0.86,0.88,13.24,2.57,0.41,0.77,0.05,0.14,0.19
200.txt,1,32,5,29,4,50,9,43,6,0.86,0.14,0.16,0.13,0.39,0.44,32,32,32.00,32.00,0.64,0.64,3.20,4.53,0.89,14.89,0.67,0.83,15.70,2.80,0.44,0.45,0.09,0.05,0.14
202.txt,1,36,6,32,5,50,11,36,5,0.72,0.14,0.17,0.00,0.00,0.00,36,36,36.00,36.00,0.72,0.72,3.60,5.09,0.92,20.23,0.89,0.78,10.89,2.33,0.39,1.00,0.14,0.06,0.19
204.txt,1,29,1,24,0,50,2,37,0,0.74,0.00,0.03,0.00,0.00,0.00,29,29,29.00,29.00,0.58,0.58,2.90,4.10,0.86,12.20,0.65,0.67,8.00,2.00,0.32,0.60,0.08,0.00,0.08
205.txt,1,36,10,32,9,50,11,38,9,0.76,0.24,0.28,0.05,0.05,0.15,36,36,36.00,36.00,0.72,0.72,3.60,5.09,0.92,20.23,0.84,0.76,12.19,2.47,0.42,0.90,0.13,0.05,0.18
206.txt,1,30,1,26,0,50,3,36,0,0.72,0.00,0.03,0.00,0.00,0.00,30,30,30.00,30.00,0.60,0.60,3.00,4.24,0.87,13.01,0.72,0.79,11.84,2.43,0.42,0.56,0.14,0.03,0.17
207.txt,1,32,9,29,8,50,14,41,11,0.82,0.27,0.28,0.04,0.04,0.14,32,32,32.00,32.00,0.64,0.64,3.20,4.53,0.89,14.89,0.71,0.68,11.56,2.40,0.41,0.69,0.05,0.02,0.07
208.txt,1,33,9,27,6,50,14,36,8,0.72,0.22,0.27,0.00,0.00,0.00,33,33,33.00,33.00,0.66,0.66,3.30,4.67,0.89,16.00,0.75,0.78,10.89,2.33,0.39,0.67,0.08,0.00,0.08
209.txt,1,29,6,26,5,50,13,40,6,0.80,0.15,0.21,0.05,0.05,0.16,29,29,29.00,29.00,0.58,0.58,2.90,4.10,0.86,12.20,0.65,0.70,9.80,2.21,0.35,0.43,0.12,0.03,0.15
210.txt,1,36,4,33,3,50,7,44,4,0.88,0.09,0.11,0.00,0.00,0.00,36,36,36.00,36.00,0.72,0.72,3.60,5.09,0.92,20.23,0.75,0.82,14.73,2.71,0.41,0.67,0.09,0.02,0.11
211.txt,1,34,8,28,4,50,16,38,8,0.76,0.21,0.24,0.00,0.00,0.00,34,34,34.00,34.00,0.68,0.68,3.40,4.81,0.90,17.23,0.74,0.76,9.94,2.23,0.34,0.64,0.11,0.05,0.16
213.txt,1,36,7,34,6,50,12,42,9,0.84,0.21,0.19,0.04,0.04,0.14,36,36,36.00,36.00,0.72,0.72,3.60,5.09,0.92,20.23,0.81,0.88,18.38,3.03,0.50,0.62,0.07,0.05,0.12
214.txt,1,35,9,29,8,50,13,38,9,0.76,0.24,0.26,0.15,0.45,0.47,35,35,35.00,35.00,0.70,0.70,3.50,4.95,0.91,18.63,0.76,0.85,14.45,2.69,0.45,0.62,0.03,0.08,0.11
215.txt,1,30,7,25,6,50,15,38,13,0.76,0.34,0.23,0.05,0.05,0.15,30,30,30.00,30.00,0.60,0.60,3.00,4.24,0.87,13.01,0.66,0.71,10.71,2.31,0.39,0.50,0.11,0.03,0.13
218.txt,1,28,1,22,0,50,3,32,0,0.64,0.00,0.04,0.00,0.00,0.00,28,28,28.00,28.00,0.56,0.56,2.80,3.96,0.85,11.46,0.69,0.71,7.14,1.89,0.31,0.69,0.09,0.00,0.09
220.txt,1,35,5,28,2,50,7,39,3,0.78,0.08,0.14,0.00,0.00,0.00,35,35,35.00,35.00,0.70,0.70,3.50,4.95,0.91,18.63,0.72,0.79,11.84,2.43,0.38,0.54,0.10,0.05,0.15
221.txt,1,29,5,23,2,50,9,40,4,0.80,0.10,0.17,0.00,0.00,0.00,29,29,29.00,29.00,0.58,0.58,2.90,4.10,0.86,12.20,0.57,0.60,7.20,1.90,0.30,0.46,0.10,0.03,0.12
222.txt,1,33,6,30,5,50,9,39,5,0.78,0.13,0.18,0.00,0.00,0.00,33,33,33.00,33.00,0.66,0.66,3.30,4.67,0.89,16.00,0.77,0.79,15.04,2.74,0.49,0.69,0.05,0.00,0.05
224.txt,1,34,10,29,8,50,14,40,10,0.80,0.25,0.29,0.00,0.00,0.00,34,34,34.00,34.00,0.68,0.68,3.40,4.81,0.90,17.23,0.72,0.71,8.47,2.06,0.30,0.55,0.12,0.15,0.28
226.txt,1,28,1,25,1,50,1,43,1,0.86,0.02,0.04,0.00,0.00,0.00,28,28,28.00,28.00,0.56,0.56,2.80,3.96,0.85,11.46,0.58,0.61,8.52,2.06,0.33,0.50,0.12,0.02,0.14
227.txt,1,35,6,31,5,50,9,41,6,0.82,0.15,0.17,0.00,0.00,0.00,35,35,35.00,35.00,0.70,0.70,3.50,4.95,0.91,18.63,0.76,0.78,10.89,2.33,0.34,0.64,0.15,0.05,0.20
228.txt,1,31,5,27,4,50,9,40,6,0.80,0.15,0.16,0.05,0.05,0.16,31,31,31.00,31.00,0.62,0.62,3.10,4.38,0.88,13.90,0.68,0.75,11.25,2.37,0.38,0.57,0.10,0.00,0.10
230.txt,1,38,8,36,7,50,10,42,7,0.84,0.17,0.21,0.04,0.04,0.14,38,38,38.00,38.00,0.76,0.76,3.80,5.37,0.93,24.22,0.86,0.88,19.36,3.11,0.52,0.79,0.02,0.05,0.07
233.txt,1,35,5,33,4,50,6,44,4,0.88,0.09,0.14,0.00,0.00,0.00,35,35,35.00,35.00,0.70,0.70,3.50,4.95,0.91,18.63,0.75,0.67,12.00,2.45,0.41,0.80,0.00,0.16,0.16
234.txt,1,28,1,24,0,50,5,35,0,0.70,0.00,0.04,0.00,0.00,0.00,28,28,28.00,28.00,0.56,0.56,2.80,3.96,0.85,11.46,0.69,0.78,10.89,2.33,0.40,0.58,0.09,0.00,0.09
235.txt,1,37,8,34,7,50,12,40,9,0.80,0.23,0.22,0.08,0.15,0.28,37,37,37.00,37.00,0.74,0.74,3.70,5.23,0.92,22.07,0.85,0.88,20.35,3.19,0.57,0.82,0.03,0.05,0.07
237.txt,1,36,7,30,6,50,11,39,8,0.78,0.21,0.19,0.04,0.04,0.15,36,36,36.00,36.00,0.72,0.72,3.60,5.09,0.92,20.23,0.77,0.78,14.09,2.65,0.46,0.71,0.03,0.03,0.05
240.txt,1,35,5,30,4,50,10,36,4,0.72,0.11,0.14,0.06,0.06,0.17,35,35,35.00,35.00,0.70,0.70,3.50,4.95,0.91,18.63,0.83,0.94,15.06,2.74,0.44,0.71,0.08,0.03,0.11
241.txt,1,33,3,28,2,50,5,39,3,0.78,0.08,0.09,0.00,0.00,0.00,33,33,33.00,33.00,0.66,0.66,3.30,4.67,0.89,16.00,0.72,0.74,10.32,2.27,0.36,0.80,0.13,0.03,0.15
243.txt,1,33,14,26,9,50,24,35,13,0.70,0.37,0.42,0.00,0.00,0.00,33,33,33.00,33.00,0.66,0.66,3.30,4.67,0.89,16.00,0.74,0.69,7.56,1.94,0.31,0.79,0.11,0.00,0.11
244.txt,1,36,6,30,3,50,7,41,4,0.82,0.10,0.17,0.00,0.00,0.00,36,36,36.00,36.00,0.72,0.72,3.60,5.09,0.92,20.23,0.73,0.71,10.71,2.31,0.37,0.75,0.12,0.02,0.15
245.txt,1,29,3,25,2,50,7,40,4,0.80,0.10,0.10,0.00,0.00,0.00,29,29,29.00,29.00,0.58,0.58,2.90,4.10,0.86,12.20,0.62,0.74,10.32,2.27,0.35,0.50,0.17,0.00,0.17
246.txt,1,31,2,27,1,50,4,41,2,0.82,0.05,0.06,0.00,0.00,0.00,31,31,31.00,31.00,0.62,0.62,3.10,4.38,0.88,13.90,0.66,0.68,10.23,2.26,0.37,0.50,0.07,0.07,0.15
247.txt,1,38,6,35,5,50,7,45,6,0.90,0.13,0.16,0.00,0.00,0.00,38,38,38.00,38.00,0.76,0.76,3.80,5.37,0.93,24.22,0.78,0.83,16.67,2.89,0.44,0.71,0.09,0.04,0.13
248.txt,1,30,5,26,4,50,7,41,5,0.82,0.12,0.17,0.00,0.00,0.00,30,30,30.00,30.00,0.60,0.60,3.00,4.24,0.87,13.01,0.63,0.58,6.37,1.78,0.27,0.71,0.12,0.00,0.12
249.txt,1,36,13,31,12,50,18,41,15,0.82,0.37,0.36,0.19,0.93,0.68,36,36,36.00,36.00,0.72,0.72,3.60,5.09,0.92,20.23,0.76,0.78,16.33,2.86,0.51,0.64,0.05,0.02,0.07
251.txt,1,29,3,25,2,50,4,41,2,0.82,0.05,0.10,0.00,0.00,0.00,29,29,29.00,29.00,0.58,0.58,2.90,4.10,0.86,12.20,0.61,0.61,8.52,2.06,0.34,0.67,0.10,0.02,0.12
252.txt,1,34,7,28,6,50,11,38,8,0.76,0.21,0.21,0.00,0.00,0.00,34,34,34.00,34.00,0.68,0.68,3.40,4.81,0.90,17.23,0.74,0.74,12.57,2.51,0.45,0.69,0.03,0.03,0.05
253.txt,1,36,5,33,4,50,9,45,6,0.90,0.13,0.14,0.00,0.00,0.00,36,36,36.00,36.00,0.72,0.72,3.60,5.09,0.92,20.23,0.73,0.74,17.06,2.92,0.51,0.70,0.04,0.02,0.07
254.txt,1,32,3,27,2,50,4,38,2,0.76,0.05,0.09,0.00,0.00,0.00,32,32,32.00,32.00,0.64,0.64,3.20,4.53,0.89,14.89,0.71,0.65,9.78,2.21,0.39,0.70,0.13,0.00,0.13
255.txt,1,38,10,32,8,50,14,36,9,0.72,0.25,0.26,0.12,0.24,0.34,38,38,38.00,38.00,0.76,0.76,3.80,5.37,0.93,24.22,0.89,0.88,13.24,2.57,0.42,0.83,0.14,0.06,0.19
256.txt,1,30,5,26,4,50,7,39,5,0.78,0.13,0.17,0.07,0.07,0.19,30,30,30.00,30.00,0.60,0.60,3.00,4.24,0.87,13.01,0.67,0.79,8.64,2.08,0.28,0.53,0.13,0.05,0.18
257.txt,1,31,2,27,1,50,5,40,2,0.80,0.05,0.06,0.00,0.00,0.00,31,31,31.00,31.00,0.62,0.62,3.10,4.38,0.88,13.90,0.68,0.71,10.71,2.31,0.38,0.62,0.07,0.03,0.10
258.txt,1,33,8,30,7,50,15,41,9,0.82,0.22,0.24,0.04,0.04,0.14,33,33,33.00,33.00,0.66,0.66,3.30,4.67,0.89,16.00,0.73,0.71,12.04,2.45,0.41,0.73,0.07,0.05,0.12
260.txt,1,33,8,30,7,50,13,41,11,0.82,0.27,0.24,0.10,0.19,0.31,33,33,33.00,33.00,0.66,0.66,3.30,4.67,0.89,16.00,0.73,0.76,12.19,2.47,0.39,0.60,0.02,0.10,0.12
261.txt,1,29,2,26,1,50,4,40,1,0.80,0.03,0.07,0.05,0.05,0.15,29,29,29.00,29.00,0.58,0.58,2.90,4.10,0.86,12.20,0.65,0.76,12.19,2.47,0.40,0.43,0.05,0.05,0.10
262.txt,1,30,8,27,7,50,18,37,11,0.74,0.30,0.27,0.06,0.06,0.17,30,30,30.00,30.00,0.60,0.60,3.00,4.24,0.87,13.01,0.73,0.83,12.50,2.50,0.41,0.57,0.08,0.03,0.11
263.txt,1,34,2,30,1,50,2,42,1,0.84,0.02,0.06,0.00,0.00,0.00,34,34,34.00,34.00,0.68,0.68,3.40,4.81,0.90,17.23,0.71,0.65,11.12,2.36,0.40,0.75,0.07,0.02,0.10
264.txt,1,34,11,28,10,50,14,38,13,0.76,0.34,0.32,0.06,0.06,0.17,34,34,34.00,34.00,0.68,0.68,3.40,4.81,0.90,17.23,0.74,0.76,9.94,2.23,0.34,0.67,0.03,0.05,0.08
265.txt,1,34,4,28,3,50,5,40,4,0.80,0.10,0.12,0.00,0.00,0.00,34,34,34.00,34.00,0.68,0.68,3.40,4.81,0.90,17.23,0.70,0.70,9.80,2.21,0.35,0.58,0.10,0.07,0.17
266.txt,1,29,4,25,3,50,6,41,4,0.82,0.10,0.14,0.05,0.05,0.15,29,29,29.00,29.00,0.58,0.58,2.90,4.10,0.86,12.20,0.61,0.64,8.91,2.11,0.34,0.54,0.10,0.00,0.10
268.txt,1,37,5,31,3,50,5,43,3,0.86,0.07,0.14,0.05,0.05,0.15,37,37,37.00,37.00,0.74,0.74,3.70,5.23,0.92,22.07,0.72,0.73,11.64,2.41,0.37,0.77,0.09,0.02,0.12
269.txt,1,38,11,33,8,50,14,40,10,0.80,0.25,0.29,0.00,0.00,0.00,38,38,38.00,38.00,0.76,0.76,3.80,5.37,0.93,24.22,0.82,0.79,11.84,2.43,0.38,0.81,0.10,0.03,0.12
271.txt,1,29,8,26,7,50,12,37,10,0.74,0.27,0.28,0.05,0.05,0.16,29,29,29.00,29.00,0.58,0.58,2.90,4.10,0.86,12.20,0.70,0.79,11.84,2.43,0.41,0.54,0.05,0.05,0.11
272.txt,1,37,7,31,6,50,10,37,8,0.74,0.22,0.19,0.15,0.45,0.47,37,37,37.00,37.00,0.74,0.74,3.70,5.23,0.92,22.07,0.84,0.90,16.20,2.85,0.49,0.67,0.11,0.03,0.14
273.txt,1,37,4,35,3,50,7,44,5,0.88,0.11,0.11,0.00,0.00,0.00,37,37,37.00,37.00,0.74,0.74,3.70,5.23,0.92,22.07,0.80,0.78,16.33,2.86,0.48,0.62,0.09,0.11,0.20
274.txt,1,34,5,28,4,50,9,40,7,0.80,0.17,0.15,0.00,0.00,0.00,34,34,34.00,34.00,0.68,0.68,3.40,4.81,0.90,17.23,0.70,0.76,14.44,2.69,0.47,0.54,0.00,0.05,0.05
275.txt,1,35,3,33,2,50,4,45,2,0.90,0.04,0.09,0.07,0.15,0.27,35,35,35.00,35.00,0.70,0.70,3.50,4.95,0.91,18.63,0.73,0.74,14.81,2.72,0.44,0.69,0.07,0.04,0.11
276.txt,1,35,6,30,4,50,8,43,5,0.86,0.12,0.17,0.00,0.00,0.00,35,35,35.00,35.00,0.70,0.70,3.50,4.95,0.91,18.63,0.70,0.71,10.71,2.31,0.35,0.69,0.09,0.00,0.09
277.txt,1,36,6,33,5,50,13,44,9,0.88,0.20,0.17,0.00,0.00,0.00,36,36,36.00,36.00,0.72,0.72,3.60,5.09,0.92,20.23,0.75,0.78,16.33,2.86,0.48,0.67,0.02,0.07,0.09
278.txt,1,26,3,23,2,50,7,39,2,0.78,0.05,0.12,0.00,0.00,0.00,26,26,26.00,26.00,0.52,0.52,2.60,3.68,0.83,10.16,0.59,0.67,6.67,1.83,0.26,0.54,0.13,0.03,0.15
279.txt,1,32,9,29,8,50,12,44,10,0.88,0.23,0.28,0.04,0.04,0.14,32,32,32.00,32.00,0.64,0.64,3.20,4.53,0.89,14.89,0.66,0.68,11.56,2.40,0.39,0.59,0.05,0.00,0.05
280.txt,1,33,2,29,1,50,2,43,1,0.86,0.02,0.06,0.00,0.00,0.00,33,33,33.00,33.00,0.66,0.66,3.30,4.67,0.89,16.00,0.67,0.68,11.56,2.40,0.40,0.62,0.09,0.00,0.09
281.txt,1,33,8,29,6,50,10,42,8,0.84,0.19,0.24,0.05,0.05,0.15,33,33,33.00,33.00,0.66,0.66,3.30,4.67,0.89,16.00,0.69,0.77,13.14,2.56,0.40,0.46,0.10,0.05,0.14
282.txt,1,33,7,29,6,50,12,41,9,0.82,0.22,0.21,0.04,0.04,0.15,33,33,33.00,33.00,0.66,0.66,3.30,4.67,0.89,16.00,0.71,0.74,12.57,2.51,0.41,0.65,0.00,0.02,0.02
284.txt,1,31,4,26,3,50,7,40,5,0.80,0.12,0.13,0.00,0.00,0.00,31,31,31.00,31.00,0.62,0.62,3.10,4.38,0.88,13.90,0.65,0.63,7.58,1.95,0.30,0.60,0.12,0.00,0.12
285.txt,1,30,3,24,1,50,7,38,2,0.76,0.05,0.10,0.00,0.00,0.00,30,30,30.00,30.00,0.60,0.60,3.00,4.24,0.87,13.01,0.63,0.65,8.45,2.06,0.34,0.57,0.05,0.03,0.08
287.txt,1,35,9,31,8,50,11,43,8,0.86,0.19,0.26,0.12,0.36,0.42,35,35,35.00,35.00,0.70,0.70,3.50,4.95,0.91,18.63,0.72,0.76,14.44,2.69,0.44,0.65,0.02,0.00,0.02
289.txt,1,40,6,34,5,50,8,39,5,0.78,0.13,0.15,0.00,0.00,0.00,40,40,40.00,40.00,0.80,0.80,4.00,5.66,0.94,29.79,0.87,0.85,14.45,2.69,0.44,0.87,0.05,0.05,0.10
290.txt,1,29,5,26,4,50,10,37,5,0.74,0.14,0.17,0.05,0.05,0.15,29,29,29.00,29.00,0.58,0.58,2.90,4.10,0.86,12.20,0.70,0.76,12.19,2.47,0.43,0.57,0.05,0.00,0.05
291.txt,1,32,2,28,1,50,4,40,1,0.80,0.03,0.06,0.05,0.05,0.15,32,32,32.00,32.00,0.64,0.64,3.20,4.53,0.89,14.89,0.70,0.77,13.14,2.56,0.42,0.62,0.07,0.00,0.07
292.txt,1,30,3,26,2,50,7,41,3,0.82,0.07,0.10,0.00,0.00,0.00,30,30,30.00,30.00,0.60,0.60,3.00,4.24,0.87,13.01,0.63,0.73,11.64,2.41,0.39,0.54,0.07,0.00,0.07
293.txt,1,36,7,32,5,50,11,42,6,0.84,0.14,0.19,0.04,0.04,0.14,36,36,36.00,36.00,0.72,0.72,3.60,5.09,0.92,20.23,0.76,0.79,15.04,2.74,0.45,0.64,0.02,0.07,0.10
294.txt,1,36,10,31,9,50,16,40,12,0.80,0.30,0.28,0.06,0.06,0.17,36,36,36.00,36.00,0.72,0.72,3.60,5.09,0.92,20.23,0.78,0.88,13.24,2.57,0.38,0.60,0.15,0.03,0.17
295.txt,1,36,10,29,7,50,12,39,7,0.78,0.18,0.28,0.08,0.16,0.28,36,36,36.00,36.00,0.72,0.72,3.60,5.09,0.92,20.23,0.74,0.76,14.44,2.69,0.49,0.67,0.05,0.00,0.05
297.txt,1,26,6,22,6,50,16,39,15,0.78,0.38,0.23,0.00,0.00,0.00,26,26,26.00,26.00,0.52,0.52,2.60,3.68,0.83,10.16,0.56,0.67,6.67,1.83,0.26,0.48,0.00,0.05,0.05
298.txt,1,29,5,25,4,50,10,40,6,0.80,0.15,0.17,0.00,0.00,0.00,29,29,29.00,29.00,0.58,0.58,2.90,4.10,0.86,12.20,0.62,0.62,8.05,2.01,0.33,0.67,0.10,0.00,0.10
299.txt,1,36,5,30,3,50,9,40,5,0.80,0.12,0.14,0.00,0.00,0.00,36,36,36.00,36.00,0.72,0.72,3.60,5.09,0.92,20.23,0.75,0.85,14.45,2.69,0.42,0.67,0.10,0.03,0.12
300.txt,1,28,7,25,6,50,14,41,11,0.82,0.27,0.25,0.08,0.16,0.28,28,28,28.00,28.00,0.56,0.56,2.80,3.96,0.85,11.46,0.61,0.72,12.96,2.55,0.44,0.43,0.00,0.05,0.05
301.txt,1,32,5,28,3,50,8,44,5,0.88,0.11,0.16,0.00,0.00,0.00,32,32,32.00,32.00,0.64,0.64,3.20,4.53,0.89,14.89,0.64,0.76,12.19,2.47,0.36,0.54,0.09,0.02,0.11
302.txt,1,36,8,32,7,50,14,41,9,0.82,0.22,0.22,0.00,0.00,0.00,36,36,36.00,36.00,0.72,0.72,3.60,5.09,0.92,20.23,0.78,0.77,13.14,2.56,0.41,0.79,0.07,0.02,0.10
303.txt,1,33,2,31,2,50,2,42,2,0.84,0.05,0.06,0.04,0.04,0.15,33,33,33.00,33.00,0.66,0.66,3.30,4.67,0.89,16.00,0.74,0.74,12.57,2.51,0.40,0.69,0.05,0.10,0.14
305.txt,1,38,5,33,4,50,6,40,4,0.80,0.10,0.13,0.11,0.21,0.32,38,38,38.00,38.00,0.76,0.76,3.80,5.37,0.93,24.22,0.82,0.84,13.47,2.60,0.40,0.82,0.10,0.10,0.20
306.txt,1,33,7,28,4,50,9,43,5,0.86,0.12,0.21,0.00,0.00,0.00,33,33,33.00,33.00,0.66,0.66,3.30,4.67,0.89,16.00,0.65,0.68,10.23,2.26,0.35,0.64,0.09,0.00,0.09
308.txt,1,35,6,31,5,50,7,43,6,0.86,0.14,0.17,0.04,0.04,0.13,35,35,35.00,35.00,0.70,0.70,3.50,4.95,0.91,18.63,0.72,0.71,14.29,2.67,0.47,0.60,0.00,0.12,0.12
309.txt,1,32,9,26,6,50,16,37,9,0.74,0.24,0.28,0.15,0.45,0.47,32,32,32.00,32.00,0.64,0.64,3.20,4.53,0.89,14.89,0.70,0.75,11.25,2.37,0.41,0.67,0.03,0.08,0.11
310.txt,1,29,7,27,6,50,14,40,7,0.80,0.17,0.24,0.09,0.17,0.29,29,29,29.00,29.00,0.58,0.58,2.90,4.10,0.86,12.20,0.68,0.78,14.09,2.65,0.45,0.50,0.03,0.03,0.05
312.txt,1,39,3,33,2,50,5,40,3,0.80,0.07,0.08,0.00,0.00,0.00,39,39,39.00,39.00,0.78,0.78,3.90,5.52,0.94,26.75,0.82,0.95,20.05,3.17,0.53,0.62,0.00,0.05,0.05
314.txt,1,28,2,26,2,50,2,44,2,0.88,0.05,0.07,0.00,0.00,0.00,28,28,28.00,28.00,0.56,0.56,2.80,3.96,0.85,11.46,0.59,0.65,9.78,2.21,0.34,0.50,0.11,0.00,0.11
315.txt,1,31,7,28,6,50,14,41,10,0.82,0.24,0.23,0.04,0.04,0.15,31,31,31.00,31.00,0.62,0.62,3.10,4.38,0.88,13.90,0.68,0.70,11.13,2.36,0.39,0.62,0.05,0.00,0.05
316.txt,1,32,5,28,4,50,10,40,6,0.80,0.15,0.16,0.05,0.05,0.15,32,32,32.00,32.00,0.64,0.64,3.20,4.53,0.89,14.89,0.70,0.73,11.64,2.41,0.40,0.57,0.10,0.00,0.10
317.txt,1,39,10,35,9,50,14,43,11,0.86,0.26,0.26,0.08,0.16,0.28,39,39,39.00,39.00,0.78,0.78,3.90,5.52,0.94,26.75,0.81,0.80,16.00,2.83,0.47,0.77,0.09,0.02,0.12
318.txt,1,32,5,29,4,50,6,42,4,0.84,0.10,0.16,0.00,0.00,0.00,32,32,32.00,32.00,0.64,0.64,3.20,4.53,0.89,14.89,0.69,0.72,9.39,2.17,0.31,0.64,0.12,0.05,0.17
319.txt,1,35,10,33,9,50,15,44,12,0.88,0.27,0.29,0.00,0.00,0.00,35,35,35.00,35.00,0.70,0.70,3.50,4.95,0.91,18.63,0.75,0.86,16.41,2.86,0.43,0.53,0.09,0.02,0.11
321.txt,1,32,6,28,5,50,16,38,10,0.76,0.26,0.19,0.00,0.00,0.00,32,32,32.00,32.00,0.64,0.64,3.20,4.53,0.89,14.89,0.74,0.85,14.45,2.69,0.45,0.59,0.00,0.03,0.03
322.txt,1,32,9,29,8,50,13,41,10,0.82,0.24,0.28,0.05,0.05,0.16,32,32,32.00,32.00,0.64,0.64,3.20,4.53,0.89,14.89,0.71,0.60,7.20,1.90,0.29,0.73,0.12,0.02,0.15
323.txt,1,28,3,24,2,50,7,37,3,0.74,0.08,0.11,0.00,0.00,0.00,28,28,28.00,28.00,0.56,0.56,2.80,3.96,0.85,11.46,0.65,0.65,8.45,2.06,0.35,0.78,0.08,0.03,0.11
324.txt,1,28,3,24,2,50,5,40,3,0.80,0.07,0.11,0.05,0.05,0.15,28,28,28.00,28.00,0.56,0.56,2.80,3.96,0.85,11.46,0.60,0.62,8.05,2.01,0.33,0.45,0.10,0.05,0.15
325.txt,1,31,8,26,5,50,12,42,8,0.84,0.19,0.26,0.00,0.00,0.00,31,31,31.00,31.00,0.62,0.62,3.10,4.38,0.88,13.90,0.62,0.64,10.24,2.26,0.38,0.53,0.02,0.02,0.05
326.txt,1,31,5,27,3,50,9,39,3,0.78,0.08,0.16,0.00,0.00,0.00,31,31,31.00,31.00,0.62,0.62,3.10,4.38,0.88,13.90,0.69,0.78,10.89,2.33,0.36,0.58,0.10,0.05,0.15
327.txt,1,31,2,26,1,50,4,41,1,0.82,0.02,0.06,0.05,0.05,0.16,31,31,31.00,31.00,0.62,0.62,3.10,4.38,0.88,13.90,0.63,0.74,10.32,2.27,0.34,0.53,0.07,0.02,0.10
329.txt,1,29,3,25,2,50,5,38,2,0.76,0.05,0.10,0.00,0.00,0.00,29,29,29.00,29.00,0.58,0.58,2.90,4.10,0.86,12.20,0.66,0.71,8.47,2.06,0.32,0.64,0.08,0.03,0.11
330.txt,1,31,7,26,6,50,15,36,10,0.72,0.28,0.23,0.11,0.22,0.33,31,31,31.00,31.00,0.62,0.62,3.10,4.38,0.88,13.90,0.72,0.83,12.50,2.50,0.42,0.60,0.06,0.03,0.08
332.txt,1,30,3,28,3,50,3,43,3,0.86,0.07,0.10,0.08,0.17,0.29,30,30,30.00,30.00,0.60,0.60,3.00,4.24,0.87,13.01,0.65,0.67,10.67,2.31,0.37,0.64,0.12,0.00,0.12
334.txt,1,34,4,31,3,50,6,41,3,0.82,0.07,0.12,0.04,0.04,0.14,34,34,34.00,34.00,0.68,0.68,3.40,4.81,0.90,17.23,0.76,0.79,15.04,2.74,0.46,0.82,0.10,0.00,0.10
336.txt,1,35,9,30,8,50,12,40,8,0.80,0.20,0.26,0.00,0.00,0.00,35,35,35.00,35.00,0.70,0.70,3.50,4.95,0.91,18.63,0.75,0.65,7.12,1.89,0.28,0.69,0.15,0.10,0.25
337.txt,1,38,9,35,8,50,11,43,9,0.86,0.21,0.24,0.04,0.04,0.14,38,38,38.00,38.00,0.76,0.76,3.80,5.37,0.93,24.22,0.81,0.81,17.93,2.99,0.51,0.73,0.05,0.07,0.12
339.txt,1,31,3,28,2,50,5,44,3,0.88,0.07,0.10,0.00,0.00,0.00,31,31,31.00,31.00,0.62,0.62,3.10,4.38,0.88,13.90,0.64,0.61,8.52,2.06,0.32,0.64,0.09,0.02,0.11
340.txt,1,25,4,20,1,50,6,36,1,0.72,0.03,0.16,0.00,0.00,0.00,25,25,25.00,25.00,0.50,0.50,2.50,3.54,0.82,9.59,0.56,0.50,4.00,1.41,0.22,0.54,0.14,0.00,0.14
342.txt,1,35,8,31,7,50,10,40,9,0.80,0.23,0.23,0.05,0.05,0.15,35,35,35.00,35.00,0.70,0.70,3.50,4.95,0.91,18.63,0.78,0.73,11.64,2.41,0.40,0.75,0.07,0.07,0.15
343.txt,1,28,2,24,1,50,8,36,2,0.72,0.06,0.07,0.00,0.00,0.00,28,28,28.00,28.00,0.56,0.56,2.80,3.96,0.85,11.46,0.67,0.69,7.56,1.94,0.31,0.71,0.08,0.00,0.08
344.txt,1,36,10,31,9,50,15,40,10,0.80,0.25,0.28,0.09,0.17,0.29,36,36,36.00,36.00,0.72,0.72,3.60,5.09,0.92,20.23,0.78,0.74,12.57,2.51,0.42,0.75,0.10,0.03,0.12
345.txt,1,35,11,32,10,50,16,43,12,0.86,0.28,0.31,0.04,0.04,0.14,35,35,35.00,35.00,0.70,0.70,3.50,4.95,0.91,18.63,0.74,0.69,12.46,2.50,0.42,0.79,0.05,0.02,0.07
346.txt,1,31,2,27,1,50,3,42,1,0.84,0.02,0.06,0.05,0.05,0.15,31,31,31.00,31.00,0.62,0.62,3.10,4.38,0.88,13.90,0.64,0.71,10.71,2.31,0.36,0.58,0.12,0.00,0.12