filename,sentences,wordtypes,swordtypes,lextypes,slextypes,wordtokens,swordtokens,lextokens,slextokens,ld,ls1,ls2,vs1,vs2,cvs1,ndw,ndwz,ndwerz,ndwesz,ttr,msttr,cttr,rttr,logttr,uber,lv,vv1,svv1,cvv1,vv2,nv,adjv,advv,modv
100.txt,1,43,14,37,13,55,18,40,14,0.73,0.35,0.33,0.06,0.06,0.17,43,39,40.00,39.00,0.78,0.78,4.10,5.80,0.94,28.34,0.93,0.89,14.22,2.67,0.40,0.93,0.17,0.03,0.20
101.txt,1,81,15,75,12,135,29,106,17,0.79,0.16,0.19,0.06,0.17,0.29,81,39,40.30,40.30,0.60,0.80,4.93,6.97,0.90,20.46,0.71,0.67,23.56,3.43,0.33,0.74,0.11,0.13,0.25
105.txt,1,61,16,56,14,105,23,78,14,0.74,0.18,0.26,0.10,0.38,0.44,61,34,35.50,34.20,0.58,0.68,4.21,5.95,0.88,17.32,0.72,0.64,17.36,2.95,0.35,0.79,0.12,0.06,0.18
106.txt,1,39,16,36,15,57,19,43,17,0.75,0.40,0.41,0.17,0.50,0.50,39,34,35.50,34.80,0.68,0.68,3.65,5.17,0.91,18.71,0.84,0.83,12.50,2.50,0.35,0.73,0.19,0.05,0.23
109.txt,1,46,19,42,18,67,23,50,19,0.75,0.38,0.41,0.17,0.50,0.50,46,35,37.50,34.20,0.69,0.70,3.97,5.62,0.91,20.42,0.84,0.78,10.89,2.33,0.28,0.84,0.18,0.06,0.24
110.txt,1,40,11,34,8,59,16,40,9,0.68,0.23,0.28,0.07,0.07,0.18,40,34,35.10,33.70,0.68,0.68,3.68,5.21,0.90,18.58,0.85,0.87,11.27,2.37,0.33,0.75,0.17,0.12,0.30
111.txt,1,49,13,44,12,73,18,54,13,0.74,0.24,0.27,0.12,0.35,0.42,49,36,35.90,37.00,0.67,0.72,4.06,5.74,0.91,20.05,0.81,0.81,16.96,2.91,0.39,0.76,0.15,0.04,0.19
113.txt,1,51,15,42,12,66,19,50,14,0.76,0.28,0.29,0.09,0.17,0.29,51,42,40.90,41.40,0.77,0.84,4.44,6.28,0.94,29.57,0.84,0.83,15.70,2.80,0.38,0.75,0.18,0.04,0.22
115.txt,1,41,14,38,13,70,25,56,19,0.80,0.34,0.34,0.11,0.33,0.41,41,33,33.60,31.50,0.59,0.66,3.47,4.90,0.87,14.65,0.68,0.67,12.00,2.45,0.32,0.53,0.12,0.07,0.20
116.txt,1,15,4,13,3,15,4,13,3,0.87,0.23,0.27,0.17,0.17,0.29,15,15,15,15,1.00,1.00,2.74,3.87,1.00,NaN,1.00,1.00,6.00,1.73,0.46,1.00,0.15,0.08,0.23
118.txt,1,49,16,45,15,83,27,60,20,0.72,0.33,0.33,0.11,0.32,0.40,49,31,34.30,34.30,0.59,0.62,3.80,5.38,0.88,16.09,0.75,0.75,15.75,2.81,0.35,0.64,0.12,0.05,0.17
120.txt,1,37,16,32,14,49,21,35,14,0.71,0.40,0.43,0.21,0.64,0.57,37,37,37,37,0.76,0.76,3.74,5.29,0.93,23.42,0.91,0.86,10.29,2.27,0.34,0.92,0.17,0.09,0.26
121.txt,1,51,12,45,11,74,20,53,12,0.72,0.23,0.24,0.10,0.19,0.31,51,35,38.40,36.70,0.69,0.70,4.19,5.93,0.91,21.61,0.85,0.86,15.43,2.78,0.34,0.75,0.19,0.09,0.28
122.txt,1,45,13,40,12,63,18,46,14,0.73,0.30,0.29,0.06,0.06,0.17,45,35,37.00,34.80,0.71,0.70,4.01,5.67,0.92,22.16,0.87,0.89,14.22,2.67,0.35,0.76,0.13,0.11,0.24
123.txt,1,44,13,40,12,65,20,50,15,0.77,0.30,0.30,0.11,0.21,0.32,44,31,36.30,32.00,0.68,0.62,3.86,5.46,0.91,19.39,0.80,0.79,11.84,2.43,0.30,0.71,0.10,0.10,0.20
124.txt,1,46,12,42,11,70,16,53,12,0.76,0.23,0.26,0.11,0.33,0.41,46,37,36.00,36.80,0.66,0.74,3.89,5.50,0.90,18.67,0.79,0.74,14.81,2.72,0.38,0.79,0.15,0.06,0.21
126.txt,1,50,20,45,18,82,30,60,22,0.73,0.37,0.40,0.19,0.93,0.68,50,29,34.90,27.50,0.61,0.58,3.90,5.52,0.89,17.05,0.75,0.78,16.33,2.86,0.35,0.65,0.12,0.07,0.18
130.txt,1,44,12,38,9,66,15,46,10,0.70,0.22,0.27,0.05,0.05,0.15,44,34,36.10,36.20,0.67,0.68,3.83,5.42,0.90,18.80,0.83,0.81,13.76,2.62,0.37,0.75,0.22,0.07,0.28
132.txt,1,32,13,26,11,44,17,30,12,0.68,0.40,0.41,0.23,0.69,0.59,32,32,32,32,0.73,0.73,3.41,4.82,0.92,19.53,0.87,0.85,9.31,2.16,0.37,0.82,0.10,0.10,0.20
134.txt,1,48,13,41,11,86,26,63,18,0.73,0.29,0.27,0.09,0.26,0.36,48,33,34.20,28.40,0.56,0.66,3.66,5.18,0.87,14.78,0.65,0.65,14.24,2.67,0.35,0.50,0.11,0.05,0.16
135.txt,1,24,9,21,8,40,15,30,11,0.75,0.37,0.38,0.17,0.33,0.41,24,24,24,24,0.60,0.60,2.68,3.79,0.86,11.57,0.70,0.75,6.75,1.84,0.30,0.54,0.13,0.03,0.17
137.txt,1,36,14,32,13,53,20,38,14,0.72,0.37,0.39,0.19,0.56,0.53,36,35,34.20,34.40,0.68,0.70,3.50,4.94,0.90,17.70,0.84,0.88,12.25,2.47,0.37,0.71,0.18,0.03,0.21
138.txt,1,23,7,18,6,24,8,18,6,0.75,0.33,0.30,0.17,0.17,0.29,23,23,23,23,0.96,0.96,3.32,4.69,0.99,103.06,1.00,1.00,6.00,1.73,0.33,1.00,0.22,0.06,0.28
141.txt,1,42,13,37,11,59,17,42,12,0.71,0.29,0.31,0.16,0.47,0.49,42,37,37.20,36.90,0.71,0.74,3.87,5.47,0.92,21.25,0.88,0.95,17.05,2.92,0.43,0.77,0.12,0.10,0.21
142.txt,1,50,22,43,18,92,39,65,27,0.71,0.42,0.44,0.18,0.89,0.67,50,30,32.80,31.40,0.54,0.60,3.69,5.21,0.87,14.56,0.66,0.68,12.89,2.54,0.29,0.56,0.12,0.05,0.17
143.txt,1,22,8,18,7,37,12,27,10,0.73,0.37,0.36,0.11,0.11,0.24,22,22,22,22,0.59,0.59,2.56,3.62,0.86,10.89,0.67,0.67,4.00,1.41,0.22,0.54,0.15,0.04,0.19
144.txt,1,33,11,28,9,41,13,31,10,0.76,0.32,0.33,0.00,0.00,0.00,33,33,33,33,0.80,0.80,3.64,5.15,0.94,27.59,0.90,1.00,10.00,2.24,0.32,0.83,0.16,0.10,0.26
145.txt,1,22,7,18,6,28,8,19,6,0.68,0.32,0.32,0.00,0.00,0.00,22,22,22,22,0.79,0.79,2.94,4.16,0.93,20.00,0.95,1.00,7.00,1.87,0.37,0.88,0.16,0.05,0.21
147.txt,1,38,13,33,12,56,17,42,14,0.75,0.33,0.34,0.29,1.47,0.86,38,32,34.90,32.30,0.68,0.64,3.59,5.08,0.90,18.15,0.79,0.76,9.94,2.23,0.31,0.64,0.14,0.12,0.26
148.txt,1,24,10,21,9,29,11,24,10,0.83,0.42,0.42,0.27,1.07,0.73,24,24,24,24,0.83,0.83,3.15,4.46,0.94,26.02,0.88,0.87,11.27,2.37,0.54,1.00,0.04,0.04,0.08
150.txt,1,19,7,15,6,23,7,16,6,0.70,0.38,0.37,0.00,0.00,0.00,19,19,19,19,0.83,0.83,2.80,3.96,0.94,22.35,0.94,1.00,4.00,1.41,0.25,0.88,0.19,0.06,0.25
152.txt,1,2,2,2,2,2,2,2,2,1.00,1.00,1.00,0,0,0,2,2,2,2,1.00,1.00,1.00,1.41,1.00,NaN,1.00,0,0,0,0.00,1.00,0.50,0.00,0.50
153.txt,1,24,9,19,7,32,12,23,8,0.72,0.35,0.38,0.00,0.00,0.00,24,24,24,24,0.75,0.75,3.00,4.24,0.92,18.13,0.83,0.71,3.57,1.34,0.22,1.00,0.17,0.13,0.30
154.txt,1,36,11,32,10,56,16,40,13,0.71,0.33,0.31,0.07,0.07,0.18,36,34,33.00,33.00,0.64,0.68,3.40,4.81,0.89,15.93,0.80,0.87,11.27,2.37,0.33,0.67,0.28,0.00,0.28
155.txt,1,24,7,19,5,27,8,19,5,0.70,0.26,0.29,0.00,0.00,0.00,24,24,24,24,0.89,0.89,3.27,4.62,0.96,40.05,1.00,1.00,10.00,2.24,0.53,1.00,0.21,0.00,0.21
156.txt,1,37,13,32,11,50,14,37,11,0.74,0.30,0.35,0.22,0.89,0.67,37,37,37.00,37.00,0.74,0.74,3.70,5.23,0.92,22.07,0.86,0.83,12.50,2.50,0.41,0.82,0.19,0.03,0.22
157.txt,1,41,14,37,13,56,20,43,14,0.77,0.33,0.34,0.19,0.56,0.53,41,35,37.30,35.50,0.73,0.70,3.87,5.48,0.92,22.57,0.86,0.94,14.06,2.65,0.35,0.75,0.19,0.12,0.30
159.txt,1,42,14,36,11,56,20,41,12,0.73,0.29,0.33,0.18,0.53,0.51,42,39,38.60,36.80,0.75,0.78,3.97,5.61,0.93,24.46,0.88,0.88,13.24,2.57,0.37,0.79,0.20,0.05,0.24
160.txt,1,21,8,18,7,34,13,23,9,0.68,0.39,0.38,0.14,0.14,0.27,21,21,21,21,0.62,0.62,2.55,3.60,0.86,11.21,0.78,0.86,5.14,1.60,0.26,0.67,0.13,0.04,0.17
161.txt,1,48,11,43,10,74,15,54,12,0.73,0.22,0.23,0.09,0.17,0.29,48,35,35.90,35.10,0.65,0.70,3.95,5.58,0.90,18.59,0.80,0.74,12.57,2.51,0.31,0.69,0.17,0.11,0.28
163.txt,1,46,15,42,13,72,24,55,15,0.76,0.27,0.33,0.10,0.30,0.39,46,36,35.80,32.30,0.64,0.72,3.83,5.42,0.90,17.73,0.76,0.70,14.70,2.71,0.38,0.69,0.15,0.07,0.22
164.txt,1,41,13,36,11,64,20,47,13,0.73,0.28,0.32,0.04,0.04,0.15,41,33,34.80,33.30,0.64,0.66,3.62,5.12,0.89,16.87,0.77,0.74,12.57,2.51,0.36,0.71,0.13,0.02,0.15
165.txt,1,34,9,30,8,55,13,40,10,0.73,0.25,0.26,0.05,0.05,0.16,34,31,32.10,31.00,0.62,0.62,3.24,4.58,0.88,14.50,0.75,0.74,10.32,2.27,0.35,0.64,0.12,0.05,0.17
166.txt,1,56,13,50,11,93,23,72,16,0.77,0.22,0.23,0.10,0.39,0.44,56,37,37.30,35.00,0.60,0.74,4.11,5.81,0.89,17.59,0.69,0.63,16.49,2.87,0.36,0.62,0.12,0.07,0.19
167.txt,1,36,12,31,10,55,19,39,13,0.71,0.33,0.33,0.07,0.07,0.19,36,35,33.60,34.30,0.65,0.70,3.43,4.85,0.89,16.46,0.79,0.86,10.29,2.27,0.31,0.62,0.15,0.08,0.23
168.txt,1,46,13,43,12,60,17,50,13,0.83,0.26,0.28,0.11,0.32,0.40,46,42,40.30,41.30,0.77,0.84,4.20,5.94,0.94,27.40,0.86,0.79,17.29,2.94,0.44,1.00,0.10,0.08,0.18
170.txt,1,45,13,40,12,64,18,50,13,0.78,0.26,0.29,0.08,0.16,0.28,45,36,36.30,36.70,0.70,0.72,3.98,5.62,0.92,21.33,0.80,0.76,14.44,2.69,0.38,0.80,0.10,0.08,0.18
171.txt,1,48,13,44,12,67,13,51,12,0.76,0.24,0.27,0.12,0.36,0.42,48,37,38.00,37.90,0.72,0.74,4.15,5.86,0.92,23.02,0.86,0.80,16.00,2.83,0.39,1.00,0.10,0.08,0.18
172.txt,1,25,8,22,7,47,14,36,9,0.77,0.25,0.32,0.00,0.00,0.00,25,25,25,25,0.53,0.53,2.58,3.65,0.84,10.20,0.61,0.46,2.77,1.18,0.17,0.60,0.19,0.00,0.19
173.txt,1,48,11,43,10,68,13,54,10,0.79,0.19,0.23,0.03,0.03,0.12,48,40,38.30,38.70,0.71,0.80,4.12,5.82,0.92,22.20,0.80,0.73,17.45,2.95,0.44,0.92,0.06,0.07,0.13
174.txt,1,31,9,27,8,56,20,39,12,0.70,0.31,0.29,0.13,0.27,0.37,31,30,28.90,28.50,0.55,0.60,2.93,4.14,0.85,11.90,0.69,0.73,8.07,2.01,0.28,0.56,0.15,0.05,0.21
175.txt,1,54,10,49,8,75,14,60,10,0.80,0.17,0.19,0.06,0.11,0.24,54,39,39.40,37.30,0.72,0.78,4.41,6.24,0.92,24.64,0.82,0.75,20.25,3.18,0.45,0.90,0.10,0.12,0.22
177.txt,1,17,6,13,5,20,8,13,5,0.65,0.38,0.35,0.00,0.00,0.00,17,17,17,17,0.85,0.85,2.69,3.80,0.95,23.98,1.00,1.00,4.00,1.41,0.31,1.00,0.08,0.08,0.15
179.txt,1,32,10,28,9,50,16,36,12,0.72,0.33,0.31,0.12,0.25,0.35,32,32,32.00,32.00,0.64,0.64,3.20,4.53,0.89,14.89,0.78,0.88,12.25,2.47,0.39,0.57,0.11,0.06,0.17
182.txt,1,21,7,17,6,37,12,25,9,0.68,0.36,0.33,0.00,0.00,0.00,21,21,21,21,0.57,0.57,2.44,3.45,0.84,10.00,0.68,0.71,3.57,1.34,0.20,0.54,0.16,0.04,0.20
183.txt,1,34,12,29,11,52,16,37,11,0.71,0.30,0.35,0.11,0.21,0.32,34,33,33.10,32.60,0.65,0.66,3.33,4.71,0.89,15.96,0.78,0.68,8.89,2.11,0.35,0.93,0.05,0.03,0.08
185.txt,1,34,12,27,8,40,14,30,8,0.75,0.27,0.35,0.19,0.56,0.53,34,34,34,34,0.85,0.85,3.80,5.38,0.96,36.36,0.90,0.81,10.56,2.30,0.43,1.00,0.13,0.07,0.20
186.txt,1,37,9,33,8,53,12,42,10,0.79,0.24,0.24,0.12,0.24,0.34,37,37,35.40,35.10,0.70,0.74,3.59,5.08,0.91,19.05,0.79,0.82,11.53,2.40,0.33,0.64,0.14,0.14,0.29
189.txt,1,39,11,34,10,50,13,38,10,0.76,0.26,0.28,0.11,0.22,0.33,39,39,39.00,39.00,0.78,0.78,3.90,5.52,0.94,26.75,0.89,0.89,14.22,2.67,0.42,0.83,0.18,0.03,0.21
191.txt,1,42,12,38,11,70,22,54,18,0.77,0.33,0.29,0.11,0.32,0.40,42,34,33.10,31.50,0.60,0.68,3.55,5.02,0.88,15.35,0.70,0.71,14.29,2.67,0.37,0.53,0.11,0.06,0.17
193.txt,1,29,10,24,8,43,16,28,8,0.65,0.29,0.34,0.10,0.10,0.22,29,29,29,29,0.67,0.67,3.13,4.42,0.90,15.60,0.86,0.80,6.40,1.79,0.29,0.80,0.21,0.07,0.29
194.txt,1,38,9,33,7,51,10,39,7,0.76,0.18,0.24,0.05,0.05,0.16,38,38,37.40,37.50,0.75,0.76,3.76,5.32,0.93,22.82,0.85,0.74,10.32,2.27,0.36,0.91,0.13,0.10,0.23
195.txt,1,41,13,37,12,72,21,57,18,0.79,0.32,0.32,0.03,0.03,0.13,41,35,33.10,32.90,0.57,0.70,3.42,4.83,0.87,14.11,0.65,0.59,9.97,2.23,0.30,0.59,0.14,0.04,0.18
196.txt,1,23,8,19,7,27,9,19,7,0.70,0.37,0.35,0.00,0.00,0.00,23,23,23,23,0.85,0.85,3.13,4.43,0.95,29.42,1.00,1.00,6.00,1.73,0.32,1.00,0.26,0.05,0.32
197.txt,1,46,11,42,10,71,20,54,13,0.76,0.24,0.24,0.09,0.18,0.30,46,37,36.50,36.80,0.65,0.74,3.86,5.46,0.90,18.18,0.78,0.77,13.14,2.56,0.31,0.72,0.17,0.06,0.22
198.txt,1,32,10,26,7,40,14,28,7,0.70,0.25,0.31,0.00,0.00,0.00,32,32,32,32,0.80,0.80,3.58,5.06,0.94,26.48,0.93,0.92,11.08,2.35,0.43,0.89,0.21,0.00,0.21
199.txt,1,40,14,36,13,67,22,46,16,0.69,0.35,0.35,0.08,0.08,0.20,40,34,33.40,32.70,0.60,0.68,3.46,4.89,0.88,14.89,0.78,0.69,6.23,1.77,0.20,0.75,0.22,0.04,0.26
200.txt,1,32,11,27,9,49,14,34,11,0.69,0.32,0.34,0.17,0.33,0.41,32,32,32,32,0.65,0.65,3.23,4.57,0.89,15.44,0.79,0.75,6.75,1.84,0.26,0.64,0.26,0.06,0.32
202.txt,1,38,14,33,13,55,19,39,14,0.71,0.36,0.37,0.25,0.75,0.61,38,34,35.20,33.50,0.69,0.68,3.62,5.12,0.91,18.86,0.85,0.92,10.08,2.25,0.28,0.79,0.18,0.10,0.28
203.txt,1,26,7,23,6,35,8,25,6,0.71,0.24,0.27,0.00,0.00,0.00,26,26,26,26,0.74,0.74,3.11,4.39,0.92,18.47,0.92,0.90,8.10,2.01,0.36,0.88,0.24,0.04,0.28
206.txt,1,65,17,61,16,111,31,85,23,0.77,0.27,0.26,0.09,0.27,0.37,65,34,35.70,35.10,0.59,0.70,4.36,6.17,0.89,18.00,0.72,0.76,18.94,3.08,0.29,0.64,0.12,0.12,0.24
207.txt,1,39,11,34,10,55,15,37,10,0.67,0.27,0.28,0.07,0.07,0.19,39,36,36.30,35.50,0.71,0.72,3.72,5.26,0.91,20.29,0.92,0.93,12.07,2.46,0.35,0.87,0.16,0.05,0.22
208.txt,1,51,15,47,14,78,18,61,15,0.78,0.25,0.29,0.03,0.03,0.13,51,35,37.00,34.60,0.65,0.70,4.08,5.77,0.90,19.40,0.77,0.70,14.70,2.71,0.34,0.88,0.10,0.10,0.20
209.txt,1,38,12,33,10,52,18,38,12,0.73,0.32,0.32,0.20,0.60,0.55,38,36,36.70,36.00,0.73,0.72,3.73,5.27,0.92,21.62,0.87,0.93,13.07,2.56,0.37,0.69,0.18,0.08,0.26
210.txt,1,12,6,9,5,12,6,9,5,0.75,0.56,0.50,0.00,0.00,0.00,12,12,12,12,1.00,1.00,2.45,3.46,1.00,NaN,1.00,1.00,1.00,0.71,0.11,1.00,0.11,0.11,0.22
212.txt,1,43,10,40,9,60,14,46,9,0.77,0.20,0.23,0.05,0.05,0.16,43,36,37.20,36.10,0.72,0.72,3.93,5.55,0.92,21.85,0.87,0.85,14.45,2.69,0.37,0.83,0.20,0.09,0.28
213.txt,1,62,17,57,16,93,25,71,17,0.76,0.24,0.27,0.03,0.03,0.12,62,36,37.10,38.20,0.67,0.72,4.55,6.43,0.91,22.01,0.80,0.73,17.45,2.95,0.34,0.86,0.15,0.06,0.21
214.txt,1,56,15,51,14,99,29,75,21,0.76,0.28,0.27,0.06,0.12,0.24,56,34,34.20,32.90,0.57,0.68,3.98,5.63,0.88,16.09,0.68,0.68,15.56,2.79,0.31,0.59,0.12,0.05,0.17
215.txt,1,26,8,22,8,36,10,25,10,0.69,0.40,0.31,0.25,0.50,0.50,26,26,26,26,0.72,0.72,3.06,4.33,0.91,17.14,0.88,1.00,8.00,2.00,0.32,0.80,0.12,0.12,0.24
216.txt,1,20,6,17,5,26,6,18,5,0.69,0.28,0.30,0.00,0.00,0.00,20,20,20,20,0.77,0.77,2.77,3.92,0.92,17.57,0.94,0.83,4.17,1.44,0.28,1.00,0.22,0.06,0.28
217.txt,1,24,7,21,7,28,7,21,7,0.75,0.33,0.29,0.00,0.00,0.00,24,24,24,24,0.86,0.86,3.21,4.54,0.95,31.28,1.00,1.00,8.00,2.00,0.38,1.00,0.19,0.10,0.29
218.txt,1,48,14,42,12,74,21,54,15,0.73,0.28,0.29,0.04,0.04,0.15,48,32,36.50,33.20,0.65,0.64,3.95,5.58,0.90,18.59,0.78,0.87,17.39,2.95,0.37,0.65,0.20,0.02,0.22
219.txt,1,44,14,40,12,61,17,47,14,0.77,0.30,0.32,0.10,0.19,0.31,44,36,36.80,36.30,0.72,0.72,3.98,5.63,0.92,22.47,0.85,0.90,17.19,2.93,0.40,0.71,0.17,0.06,0.23
220.txt,1,36,14,31,13,54,19,37,14,0.69,0.38,0.39,0.14,0.29,0.38,36,33,34.30,32.40,0.67,0.66,3.46,4.90,0.90,17.04,0.84,0.86,10.29,2.27,0.32,0.75,0.14,0.05,0.19
221.txt,1,51,12,46,11,86,28,65,17,0.76,0.26,0.24,0.08,0.16,0.28,51,34,34.00,31.70,0.59,0.68,3.89,5.50,0.88,16.49,0.71,0.72,12.96,2.55,0.28,0.64,0.12,0.06,0.18
222.txt,1,56,13,50,10,96,18,79,14,0.82,0.18,0.23,0.07,0.30,0.38,56,38,36.60,38.00,0.58,0.76,4.04,5.72,0.88,16.79,0.63,0.57,17.80,2.98,0.39,0.50,0.08,0.09,0.16
224.txt,1,42,6,38,6,67,12,57,12,0.85,0.21,0.14,0.00,0.00,0.00,42,32,33.80,33.10,0.63,0.64,3.63,5.13,0.89,16.44,0.67,0.72,12.96,2.55,0.32,0.50,0.09,0.16,0.25
225.txt,1,53,16,49,15,74,23,56,16,0.76,0.29,0.30,0.14,0.41,0.45,53,36,39.50,35.80,0.72,0.72,4.36,6.16,0.92,24.10,0.88,0.86,16.41,2.86,0.34,0.86,0.20,0.12,0.32
226.txt,1,38,10,34,9,52,17,39,11,0.75,0.28,0.26,0.11,0.21,0.32,38,37,37.10,36.30,0.73,0.74,3.73,5.27,0.92,21.62,0.87,0.95,17.05,2.92,0.46,0.69,0.15,0.03,0.18
228.txt,1,70,18,66,17,130,36,101,23,0.78,0.23,0.26,0.08,0.32,0.40,70,36,35.60,35.00,0.54,0.70,4.34,6.14,0.87,16.62,0.65,0.60,18.00,3.00,0.30,0.67,0.15,0.07,0.22
230.txt,1,52,13,48,12,72,17,58,14,0.81,0.24,0.25,0.07,0.15,0.27,52,36,39.50,36.00,0.72,0.72,4.33,6.13,0.92,24.41,0.83,0.81,17.93,2.99,0.38,0.72,0.12,0.10,0.22
232.txt,1,30,10,26,9,38,14,27,9,0.71,0.33,0.33,0.08,0.08,0.20,30,30,30,30,0.79,0.79,3.44,4.87,0.94,24.31,0.96,0.92,10.08,2.25,0.41,1.00,0.15,0.04,0.19
233.txt,1,37,12,33,11,59,13,46,11,0.78,0.24,0.32,0.16,0.47,0.49,37,35,33.10,34.40,0.63,0.70,3.41,4.82,0.89,15.47,0.72,0.63,7.58,1.95,0.26,0.78,0.17,0.13,0.30
234.txt,1,25,6,23,6,32,6,26,6,0.81,0.23,0.24,0.08,0.08,0.20,25,25,25,25,0.78,0.78,3.12,4.42,0.93,21.13,0.88,0.83,8.33,2.04,0.38,0.86,0.19,0.08,0.27
235.txt,1,32,10,25,7,39,10,30,7,0.77,0.23,0.31,0.06,0.06,0.18,32,32,32,32,0.82,0.82,3.62,5.12,0.95,29.47,0.83,0.75,9.00,2.12,0.40,0.88,0.07,0.13,0.20
237.txt,1,43,15,38,14,60,17,44,14,0.73,0.32,0.35,0.05,0.05,0.16,43,36,37.40,35.50,0.72,0.72,3.93,5.55,0.92,21.85,0.86,0.80,12.80,2.53,0.36,0.93,0.14,0.05,0.18
240.txt,1,41,14,35,13,60,18,45,14,0.75,0.31,0.34,0.23,1.14,0.75,41,37,36.30,35.40,0.68,0.74,3.74,5.29,0.91,19.12,0.78,0.77,13.14,2.56,0.38,0.73,0.16,0.07,0.22
241.txt,1,25,9,18,6,29,10,18,6,0.62,0.33,0.36,0.00,0.00,0.00,25,25,25,25,0.86,0.86,3.28,4.64,0.96,33.18,1.00,1.00,5.00,1.58,0.28,1.00,0.33,0.00,0.33
242.txt,1,39,12,35,11,52,18,40,11,0.77,0.28,0.31,0.05,0.05,0.16,39,37,37.80,37.00,0.75,0.74,3.82,5.41,0.93,23.57,0.88,0.89,15.21,2.76,0.42,0.83,0.12,0.07,0.20
243.txt,1,48,13,43,12,87,23,63,15,0.72,0.24,0.27,0.06,0.13,0.25,48,37,34.10,30.80,0.55,0.74,3.64,5.15,0.87,14.56,0.68,0.61,11.65,2.41,0.30,0.71,0.13,0.02,0.14
246.txt,1,38,11,33,10,70,21,54,18,0.77,0.33,0.29,0.13,0.39,0.44,38,36,31.60,29.80,0.54,0.72,3.21,4.54,0.86,12.83,0.61,0.61,8.52,2.06,0.26,0.53,0.11,0.06,0.17
248.txt,1,40,13,35,12,61,20,44,14,0.72,0.32,0.33,0.06,0.06,0.17,40,32,34.20,33.40,0.66,0.64,3.62,5.12,0.90,17.39,0.80,0.71,8.47,2.06,0.27,0.78,0.18,0.02,0.20
249.txt,1,49,16,44,14,71,23,54,16,0.76,0.30,0.33,0.12,0.38,0.43,49,37,38.10,38.60,0.69,0.74,4.11,5.82,0.91,21.28,0.81,0.92,20.17,3.18,0.41,0.76,0.13,0.06,0.19
251.txt,1,45,9,41,7,66,18,51,10,0.77,0.20,0.20,0.04,0.04,0.14,45,32,36.70,34.90,0.68,0.64,3.92,5.54,0.91,19.90,0.80,0.85,19.59,3.13,0.45,0.71,0.10,0.02,0.12
252.txt,1,42,13,38,11,56,18,43,12,0.77,0.28,0.31,0.13,0.39,0.44,42,41,37.30,39.30,0.75,0.82,3.97,5.61,0.93,24.46,0.88,0.87,17.39,2.95,0.47,0.90,0.14,0.07,0.21
253.txt,1,39,13,35,12,77,28,54,18,0.70,0.33,0.33,0.09,0.18,0.30,39,33,31.20,30.20,0.51,0.66,3.14,4.44,0.84,12.05,0.65,0.64,8.91,2.11,0.26,0.50,0.15,0.04,0.19
254.txt,1,33,12,29,11,50,15,36,12,0.72,0.33,0.36,0.25,1.00,0.71,33,33,33.00,33.00,0.66,0.66,3.30,4.67,0.89,16.00,0.81,0.81,10.56,2.30,0.36,0.67,0.17,0.06,0.22
256.txt,1,55,14,51,13,104,29,79,21,0.76,0.27,0.25,0.08,0.25,0.35,55,30,35.90,32.50,0.53,0.65,3.81,5.39,0.86,14.70,0.65,0.72,18.78,3.06,0.33,0.42,0.11,0.06,0.18
257.txt,1,53,11,47,9,77,18,57,13,0.74,0.23,0.21,0.00,0.00,0.00,53,37,38.00,34.50,0.69,0.74,4.27,6.04,0.91,21.94,0.82,0.82,18.89,3.07,0.40,0.71,0.11,0.11,0.21
258.txt,1,32,16,26,13,44,17,30,13,0.68,0.43,0.50,0.08,0.08,0.20,32,32,32,32,0.73,0.73,3.41,4.82,0.92,19.53,0.87,0.67,5.33,1.63,0.27,1.00,0.20,0.03,0.23
260.txt,1,38,12,32,10,55,18,39,10,0.71,0.26,0.32,0.06,0.06,0.17,38,36,35.20,34.60,0.69,0.72,3.62,5.12,0.91,18.86,0.82,0.76,9.94,2.23,0.33,0.83,0.18,0.05,0.23
261.txt,1,59,18,54,16,87,25,67,19,0.77,0.28,0.31,0.09,0.28,0.38,59,36,38.60,37.00,0.68,0.72,4.47,6.33,0.91,22.30,0.81,0.84,22.78,3.38,0.40,0.76,0.10,0.06,0.16
262.txt,1,45,12,41,10,73,19,56,16,0.77,0.29,0.27,0.08,0.16,0.28,45,34,34.60,34.60,0.62,0.68,3.72,5.27,0.89,16.52,0.73,0.80,16.00,2.83,0.36,0.50,0.18,0.07,0.25
263.txt,1,52,16,48,15,83,27,62,18,0.75,0.29,0.31,0.04,0.04,0.14,52,36,36.20,35.00,0.63,0.72,4.04,5.71,0.89,18.14,0.77,0.76,14.44,2.69,0.31,0.74,0.18,0.08,0.26
264.txt,1,47,11,43,10,60,13,52,11,0.87,0.21,0.23,0.03,0.03,0.13,47,40,40.20,39.50,0.78,0.80,4.29,6.07,0.94,29.81,0.83,0.77,17.63,2.97,0.44,0.92,0.10,0.08,0.17
265.txt,1,35,10,31,9,54,18,41,12,0.76,0.29,0.29,0.11,0.21,0.32,35,34,33.20,33.00,0.65,0.68,3.37,4.76,0.89,15.94,0.76,0.68,8.89,2.11,0.32,0.70,0.20,0.07,0.27
266.txt,1,38,14,33,12,50,21,36,12,0.72,0.33,0.37,0.07,0.07,0.19,38,38,38.00,38.00,0.76,0.76,3.80,5.37,0.93,24.22,0.92,0.86,10.29,2.27,0.33,1.00,0.17,0.03,0.19
272.txt,1,37,10,31,9,49,14,37,11,0.76,0.30,0.27,0.16,0.47,0.49,37,37,37,37,0.76,0.76,3.74,5.29,0.93,23.42,0.84,0.79,11.84,2.43,0.41,0.82,0.11,0.08,0.19
273.txt,1,40,10,38,9,54,12,45,10,0.83,0.22,0.25,0.04,0.04,0.14,40,37,37.20,37.20,0.74,0.74,3.85,5.44,0.92,23.03,0.84,0.75,13.50,2.60,0.40,0.90,0.16,0.09,0.24
274.txt,1,17,6,12,4,18,6,12,4,0.67,0.33,0.35,0.14,0.14,0.27,17,17,17,17,0.94,0.94,2.83,4.01,0.98,63.48,1.00,1.00,7.00,1.87,0.58,1.00,0.08,0.00,0.08
275.txt,1,37,13,32,12,56,18,41,14,0.73,0.34,0.35,0.13,0.27,0.37,37,35,34.00,33.10,0.66,0.70,3.50,4.94,0.90,16.98,0.78,0.73,8.07,2.01,0.27,0.72,0.12,0.07,0.20
276.txt,1,42,15,39,14,55,18,45,14,0.82,0.31,0.36,0.14,0.43,0.46,42,38,38.70,37.30,0.76,0.76,4.00,5.66,0.93,25.86,0.87,0.81,13.76,2.62,0.38,0.89,0.07,0.07,0.13
277.txt,1,36,12,31,11,69,20,47,14,0.68,0.30,0.33,0.05,0.05,0.16,36,32,29.80,28.00,0.52,0.64,3.06,4.33,0.85,11.97,0.66,0.63,7.58,1.95,0.26,0.63,0.11,0.04,0.15
278.txt,1,33,10,28,8,42,10,33,8,0.79,0.24,0.30,0.12,0.24,0.34,33,33,33,33,0.79,0.79,3.60,5.09,0.94,25.16,0.85,0.71,8.47,2.06,0.36,1.00,0.15,0.12,0.27
279.txt,1,43,15,38,13,56,19,43,16,0.77,0.37,0.35,0.18,0.53,0.51,43,40,38.60,39.90,0.77,0.80,4.06,5.75,0.93,26.64,0.88,0.94,15.06,2.74,0.37,0.69,0.23,0.07,0.30
281.txt,1,42,16,37,14,61,21,45,14,0.74,0.31,0.38,0.19,0.76,0.62,42,34,36.20,34.20,0.69,0.68,3.80,5.38,0.91,19.67,0.82,0.76,12.19,2.47,0.36,0.85,0.18,0.04,0.22
282.txt,1,19,8,16,7,24,8,17,7,0.71,0.41,0.42,0.00,0.00,0.00,19,19,19,19,0.79,0.79,2.74,3.88,0.93,18.78,0.94,1.00,5.00,1.58,0.29,0.88,0.24,0.00,0.24
284.txt,1,2,2,2,2,2,2,2,2,1.00,1.00,1.00,0,0,0,2,2,2,2,1.00,1.00,1.00,1.41,1.00,NaN,1.00,0,0,0,0.00,1.00,0.50,0.00,0.50
285.txt,1,38,11,33,10,57,18,46,15,0.81,0.33,0.29,0.05,0.05,0.16,38,34,35.10,33.30,0.67,0.68,3.56,5.03,0.90,17.51,0.72,0.75,11.25,2.37,0.33,0.56,0.11,0.09,0.20
287.txt,1,47,16,43,14,66,19,52,15,0.79,0.29,0.34,0.11,0.32,0.40,47,37,36.70,37.40,0.71,0.74,4.09,5.79,0.92,22.45,0.83,0.79,17.29,2.94,0.42,0.85,0.15,0.04,0.19
288.txt,1,36,12,31,11,48,14,37,11,0.77,0.30,0.33,0.22,0.89,0.67,36,36,36,36,0.75,0.75,3.67,5.20,0.93,22.62,0.84,0.83,12.50,2.50,0.41,0.80,0.14,0.08,0.22
290.txt,1,37,9,32,7,56,13,40,9,0.71,0.23,0.24,0.06,0.06,0.17,37,35,33.90,33.90,0.66,0.70,3.50,4.94,0.90,16.98,0.80,0.82,11.53,2.40,0.35,0.69,0.12,0.10,0.23
291.txt,1,46,14,40,12,64,16,47,12,0.73,0.26,0.30,0.15,0.45,0.47,46,35,37.90,36.10,0.72,0.70,4.07,5.75,0.92,22.75,0.85,0.80,12.80,2.53,0.34,0.83,0.19,0.11,0.30
292.txt,1,45,13,39,11,70,19,56,15,0.80,0.27,0.29,0.08,0.16,0.28,45,40,36.70,36.60,0.64,0.80,3.80,5.38,0.90,17.74,0.70,0.72,12.96,2.55,0.32,0.56,0.14,0.07,0.21
293.txt,1,39,11,36,10,63,21,47,15,0.75,0.32,0.28,0.05,0.05,0.16,39,34,33.10,32.70,0.62,0.68,3.47,4.91,0.88,15.54,0.77,0.85,14.45,2.69,0.36,0.67,0.11,0.09,0.19
294.txt,1,35,11,30,9,46,16,35,11,0.76,0.31,0.31,0.08,0.08,0.20,35,35,35,35,0.76,0.76,3.65,5.16,0.93,23.29,0.86,1.00,12.00,2.45,0.34,0.73,0.14,0.14,0.29
295.txt,1,38,9,34,8,52,11,40,9,0.77,0.23,0.24,0.11,0.21,0.32,38,36,36.70,36.00,0.73,0.72,3.73,5.27,0.92,21.62,0.85,0.84,13.47,2.60,0.40,0.75,0.12,0.10,0.23
297.txt,1,42,14,37,12,75,25,56,17,0.75,0.30,0.33,0.11,0.32,0.40,42,32,32.00,29.60,0.56,0.64,3.43,4.85,0.87,13.96,0.66,0.64,11.57,2.41,0.32,0.61,0.09,0.05,0.14
299.txt,1,51,14,45,12,76,22,59,15,0.78,0.25,0.27,0.11,0.32,0.40,51,37,36.50,35.70,0.67,0.74,4.14,5.85,0.91,20.42,0.76,0.79,17.29,2.94,0.37,0.65,0.17,0.03,0.20
300.txt,1,33,10,28,7,48,16,33,7,0.69,0.21,0.30,0.12,0.25,0.35,33,33,33,33,0.69,0.69,3.37,4.76,0.90,17.37,0.85,0.88,12.25,2.47,0.42,0.86,0.15,0.09,0.24
301.txt,1,51,11,46,10,66,15,54,12,0.82,0.22,0.22,0.07,0.15,0.27,51,39,40.00,38.20,0.77,0.78,4.44,6.28,0.94,29.57,0.85,0.81,17.93,2.99,0.41,0.77,0.15,0.11,0.26
303.txt,1,18,8,15,7,21,8,16,7,0.76,0.44,0.44,0.00,0.00,0.00,18,18,18,18,0.86,0.86,2.78,3.93,0.95,26.11,0.94,1.00,5.00,1.58,0.31,0.86,0.25,0.00,0.25
305.txt,1,18,7,14,6,19,7,14,6,0.74,0.43,0.39,0.00,0.00,0.00,18,18,18,18,0.95,0.95,2.92,4.13,0.98,69.64,1.00,1.00,6.00,1.73,0.43,1.00,0.14,0.00,0.14
306.txt,1,53,12,49,11,84,19,67,17,0.80,0.25,0.23,0.09,0.26,0.36,53,34,37.10,36.60,0.63,0.68,4.09,5.78,0.90,18.51,0.73,0.82,23.06,3.40,0.42,0.53,0.13,0.03,0.16
307.txt,1,33,8,30,7,45,11,36,8,0.80,0.22,0.24,0.00,0.00,0.00,33,33,33,33,0.73,0.73,3.48,4.92,0.92,20.29,0.83,0.81,10.56,2.30,0.36,0.83,0.11,0.08,0.19
308.txt,1,44,12,39,10,66,19,50,12,0.76,0.24,0.27,0.11,0.32,0.40,44,36,36.00,35.80,0.67,0.72,3.83,5.42,0.90,18.80,0.78,0.75,15.75,2.81,0.42,0.75,0.12,0.06,0.18
309.txt,1,34,8,28,6,42,9,31,6,0.74,0.19,0.24,0.20,0.40,0.45,34,34,34,34,0.81,0.81,3.71,5.25,0.94,28.71,0.90,1.00,10.00,2.24,0.32,0.88,0.26,0.10,0.35
310.txt,1,39,12,34,11,55,17,41,11,0.75,0.27,0.31,0.06,0.06,0.18,39,36,36.10,34.70,0.71,0.72,3.72,5.26,0.91,20.29,0.83,0.75,9.00,2.12,0.29,0.86,0.20,0.05,0.24
314.txt,1,48,11,45,10,83,18,64,15,0.77,0.23,0.23,0.06,0.12,0.25,48,33,34.50,34.40,0.58,0.66,3.73,5.27,0.88,15.48,0.70,0.75,18.00,3.00,0.38,0.58,0.09,0.06,0.16
315.txt,1,72,18,68,17,118,28,94,19,0.80,0.20,0.25,0.04,0.08,0.20,72,32,37.00,35.50,0.61,0.73,4.69,6.63,0.90,20.01,0.72,0.69,22.69,3.37,0.35,0.77,0.10,0.06,0.16
316.txt,1,40,11,34,9,57,12,41,9,0.72,0.22,0.28,0.17,0.50,0.50,40,34,36.40,35.50,0.70,0.68,3.75,5.30,0.91,20.04,0.83,0.83,12.50,2.50,0.37,0.75,0.17,0.07,0.24
317.txt,1,28,12,22,10,42,17,29,13,0.69,0.45,0.43,0.36,1.79,0.94,28,28,28,28,0.67,0.67,3.06,4.32,0.89,14.96,0.76,0.79,8.64,2.08,0.38,0.67,0.07,0.03,0.10
318.txt,1,27,8,23,7,43,12,31,9,0.72,0.29,0.30,0.18,0.36,0.43,27,27,27,27,0.63,0.63,2.91,4.12,0.88,13.20,0.74,0.82,7.36,1.92,0.29,0.54,0.13,0.10,0.23
320.txt,1,52,20,45,17,107,37,77,25,0.72,0.32,0.38,0.08,0.25,0.35,52,33,33.10,31.90,0.49,0.67,3.55,5.03,0.85,13.14,0.58,0.53,10.03,2.24,0.25,0.52,0.10,0.04,0.14
321.txt,1,56,15,50,13,91,21,70,17,0.77,0.24,0.27,0.08,0.24,0.34,56,36,37.10,35.20,0.62,0.72,4.15,5.87,0.89,18.20,0.71,0.68,17.79,2.98,0.37,0.67,0.10,0.07,0.17
322.txt,1,46,20,40,17,66,28,45,18,0.68,0.40,0.43,0.20,0.80,0.63,46,34,37.80,33.50,0.70,0.68,4.00,5.66,0.91,21.12,0.89,0.90,16.20,2.85,0.40,0.81,0.13,0.07,0.20
323.txt,1,34,11,29,10,57,16,39,13,0.68,0.33,0.32,0.08,0.08,0.20,34,33,31.40,30.80,0.60,0.66,3.18,4.50,0.87,13.74,0.74,0.69,6.23,1.77,0.23,0.62,0.18,0.08,0.26
324.txt,1,28,7,24,6,38,9,29,7,0.76,0.24,0.25,0.07,0.07,0.18,28,28,28,28,0.74,0.74,3.21,4.54,0.92,18.82,0.83,0.80,9.60,2.19,0.41,0.80,0.10,0.03,0.14
325.txt,1,20,6,15,5,24,6,16,5,0.67,0.31,0.30,0.00,0.00,0.00,20,20,20,20,0.83,0.83,2.89,4.08,0.94,24.06,0.94,0.83,4.17,1.44,0.31,1.00,0.12,0.06,0.19
326.txt,1,22,9,16,8,28,11,20,10,0.71,0.50,0.41,0.17,0.17,0.29,22,22,22,22,0.79,0.79,2.94,4.16,0.93,20.00,0.80,0.83,4.17,1.44,0.25,0.75,0.10,0.00,0.10
327.txt,1,42,12,37,11,63,19,45,14,0.71,0.31,0.29,0.11,0.22,0.33,42,36,35.50,33.60,0.67,0.72,3.74,5.29,0.90,18.39,0.82,0.83,12.50,2.50,0.33,0.69,0.16,0.09,0.24
328.txt,1,40,12,35,10,59,20,43,12,0.73,0.28,0.30,0.17,0.50,0.50,40,34,35.20,35.20,0.68,0.68,3.68,5.21,0.90,18.58,0.81,0.83,12.50,2.50,0.35,0.83,0.19,0.05,0.23
329.txt,1,26,10,22,9,41,12,30,11,0.73,0.37,0.38,0.25,0.75,0.61,26,26,26,26,0.63,0.63,2.87,4.06,0.88,13.15,0.73,0.75,6.75,1.84,0.30,0.56,0.20,0.07,0.27
330.txt,1,22,6,17,5,28,6,17,5,0.61,0.29,0.27,0.00,0.00,0.00,22,22,22,22,0.79,0.79,2.94,4.16,0.93,20.00,1.00,1.00,4.00,1.41,0.24,1.00,0.18,0.12,0.29
332.txt,1,52,13,47,11,77,22,61,15,0.79,0.25,0.25,0.04,0.04,0.14,52,33,36.80,37.80,0.68,0.66,4.19,5.93,0.91,20.87,0.77,0.74,14.81,2.72,0.33,0.71,0.11,0.13,0.25
336.txt,1,26,10,22,9,31,10,23,9,0.74,0.39,0.38,0.12,0.12,0.25,26,26,26,26,0.84,0.84,3.30,4.67,0.95,29.12,0.96,0.88,6.12,1.75,0.30,1.00,0.17,0.13,0.30
337.txt,1,52,20,46,18,107,41,81,28,0.76,0.35,0.38,0.09,0.26,0.36,52,35,32.80,29.90,0.49,0.64,3.55,5.03,0.85,13.14,0.57,0.49,8.26,2.03,0.21,0.55,0.12,0.04,0.16
339.txt,1,35,6,31,5,46,10,36,6,0.78,0.17,0.17,0.07,0.07,0.19,35,35,35,35,0.76,0.76,3.65,5.16,0.93,23.29,0.86,0.79,8.64,2.08,0.31,1.00,0.19,0.14,0.33
340.txt,1,40,14,35,13,59,18,42,14,0.71,0.33,0.35,0.07,0.07,0.18,40,34,35.00,34.80,0.68,0.68,3.68,5.21,0.90,18.58,0.83,0.73,8.07,2.01,0.26,0.86,0.24,0.05,0.29
342.txt,1,53,12,48,11,86,23,68,14,0.79,0.21,0.23,0.08,0.25,0.35,53,38,37.90,32.40,0.62,0.76,4.04,5.72,0.89,17.80,0.71,0.72,18.78,3.06,0.38,0.62,0.12,0.06,0.18
344.txt,1,33,11,29,9,45,14,34,10,0.76,0.29,0.33,0.13,0.27,0.37,33,33,33,33,0.73,0.73,3.48,4.92,0.92,20.29,0.85,0.80,9.60,2.19,0.35,0.83,0.12,0.09,0.21
345.txt,1,45,10,39,9,59,15,48,12,0.81,0.25,0.22,0.05,0.05,0.15,45,42,39.10,40.80,0.76,0.84,4.14,5.86,0.93,26.66,0.81,0.82,14.73,2.71,0.38,0.69,0.17,0.08,0.25
346.txt,1,37,10,32,9,51,12,41,10,0.80,0.24,0.27,0.09,0.18,0.30,37,37,36.10,36.60,0.73,0.74,3.66,5.18,0.92,20.92,0.78,0.77,13.14,2.56,0.41,0.70,0.12,0.07,0.20