filename,sentences,wordtypes,swordtypes,lextypes,slextypes,wordtokens,swordtokens,lextokens,slextokens,ld,ls1,ls2,vs1,vs2,cvs1,ndw,ndwz,ndwerz,ndwesz,ttr,msttr,cttr,rttr,logttr,uber,lv,vv1,svv1,cvv1,vv2,nv,adjv,advv,modv
..\data\indiv_files\AIP_A_EN_corrected\501.txt,1,78,19,46,16,139,23,64,20,0.46,0.31,0.24,0.20,0.60,0.55,78,36,37.90,39.80,0.56,0.77,4.68,6.62,0.88,18.30,0.72,0.80,9.60,2.19,0.19,0.67,0.17,0.03,0.20
..\data\indiv_files\AIP_A_EN_corrected\502.txt,1,19,4,11,4,26,4,15,4,0.58,0.27,0.21,0,0,0,19,19,19,19,0.73,0.73,2.63,3.73,0.90,14.70,0.73,0,0,0,0.00,0.67,0.27,0.07,0.33
..\data\indiv_files\AIP_A_EN_corrected\504.txt,0,0,0,0,0,0,0,0,0,0,0,0,0,0,0,0,0,0,0,0,0,0,0,0,0,0,0,0,0,0,0,0,0,0
..\data\indiv_files\AIP_A_EN_corrected\505.txt,1,51,7,29,7,99,8,46,8,0.46,0.17,0.14,0.00,0.00,0.00,51,31,32.50,33.50,0.52,0.62,3.62,5.13,0.86,13.83,0.63,0.67,4.00,1.41,0.13,0.54,0.17,0.04,0.22
..\data\indiv_files\AIP_A_EN_corrected\506.txt,1,44,8,26,7,76,9,38,8,0.50,0.21,0.18,0.09,0.09,0.21,44,31,33.10,29.70,0.58,0.62,3.57,5.05,0.87,14.90,0.68,0.73,5.82,1.71,0.21,0.56,0.18,0.03,0.21
..\data\indiv_files\AIP_A_EN_corrected\507.txt,1,32,3,18,3,52,3,24,3,0.46,0.12,0.09,0.00,0.00,0.00,32,32,31.10,32.00,0.62,0.64,3.14,4.44,0.88,13.97,0.75,1.00,5.00,1.58,0.21,0.60,0.12,0.04,0.17
..\data\indiv_files\AIP_A_EN_corrected\508.txt,1,48,7,27,6,84,10,43,8,0.51,0.19,0.15,0.00,0.00,0.00,48,38,36.50,35.70,0.57,0.76,3.70,5.24,0.87,15.24,0.63,0.78,5.44,1.65,0.16,0.50,0.16,0.05,0.21
..\data\indiv_files\AIP_A_EN_corrected\510.txt,1,57,7,33,6,103,8,48,7,0.47,0.15,0.12,0.20,0.40,0.45,57,34,33.70,34.50,0.55,0.68,3.97,5.62,0.87,15.77,0.69,0.80,6.40,1.79,0.17,0.65,0.15,0.04,0.19
..\data\indiv_files\AIP_A_EN_corrected\511.txt,1,47,9,31,9,64,9,36,9,0.56,0.25,0.19,0.09,0.09,0.21,47,38,39.00,39.40,0.73,0.76,4.15,5.88,0.93,24.33,0.86,0.91,9.09,2.13,0.28,0.83,0.17,0.00,0.17
..\data\indiv_files\AIP_A_EN_corrected\512.txt,1,89,13,54,13,190,23,89,23,0.47,0.26,0.15,0.04,0.04,0.14,89,38,36.00,35.90,0.47,0.74,4.57,6.46,0.86,15.77,0.61,0.58,8.65,2.08,0.17,0.61,0.15,0.02,0.17
..\data\indiv_files\AIP_A_EN_corrected\513.txt,1,45,4,23,3,89,5,37,4,0.42,0.11,0.09,0.14,0.29,0.38,45,30,31.60,31.20,0.51,0.60,3.37,4.77,0.85,12.83,0.62,0.71,7.14,1.89,0.27,0.44,0.11,0.03,0.14
..\data\indiv_files\AIP_A_EN_corrected\515.txt,1,40,9,25,8,61,14,36,13,0.59,0.36,0.23,0.14,0.14,0.27,40,35,35.30,36.50,0.66,0.70,3.62,5.12,0.90,17.39,0.69,0.71,3.57,1.34,0.14,0.76,0.19,0.03,0.22
..\data\indiv_files\AIP_A_EN_corrected\516.txt,1,40,5,22,5,66,5,35,5,0.53,0.14,0.12,0.12,0.12,0.25,40,34,33.10,35.20,0.61,0.68,3.48,4.92,0.88,15.22,0.63,0.75,4.50,1.50,0.17,0.47,0.23,0.03,0.26
..\data\indiv_files\AIP_A_EN_corrected\517.txt,1,80,15,52,13,186,24,94,22,0.51,0.23,0.19,0.10,0.31,0.39,80,30,36.00,38.50,0.43,0.75,4.15,5.87,0.84,14.06,0.55,0.55,8.83,2.10,0.17,0.53,0.14,0.01,0.15
..\data\indiv_files\AIP_A_EN_corrected\519.txt,1,59,6,36,5,122,11,65,10,0.53,0.15,0.10,0.06,0.06,0.17,59,36,34.50,36.10,0.48,0.70,3.78,5.34,0.85,13.80,0.55,0.59,5.88,1.71,0.15,0.48,0.11,0.05,0.15
..\data\indiv_files\AIP_A_EN_corrected\520.txt,1,60,12,40,11,124,15,66,14,0.53,0.21,0.20,0.25,1.00,0.71,60,31,35.10,36.70,0.48,0.66,3.81,5.39,0.85,13.90,0.61,0.69,7.56,1.94,0.17,0.52,0.15,0.03,0.18
..\data\indiv_files\AIP_A_EN_corrected\521.txt,1,56,14,40,14,115,14,64,14,0.56,0.22,0.25,0.19,0.76,0.62,56,33,32.60,32.80,0.49,0.66,3.69,5.22,0.85,13.59,0.62,0.67,9.33,2.16,0.22,0.52,0.19,0.00,0.19
..\data\indiv_files\AIP_A_EN_corrected\522.txt,1,53,7,32,6,121,12,61,11,0.50,0.18,0.13,0.00,0.00,0.00,53,30,29.60,32.00,0.44,0.60,3.41,4.82,0.83,12.10,0.52,0.75,6.75,1.84,0.15,0.48,0.11,0.00,0.11
..\data\indiv_files\AIP_A_EN_corrected\523.txt,1,52,11,32,10,87,13,52,12,0.60,0.23,0.21,0.00,0.00,0.00,52,38,35.20,37.90,0.60,0.76,3.94,5.57,0.88,16.83,0.62,0.60,5.40,1.64,0.17,0.50,0.25,0.02,0.27
..\data\indiv_files\AIP_A_EN_corrected\525.txt,1,64,10,34,9,134,16,68,15,0.51,0.22,0.16,0.07,0.07,0.18,64,34,36.90,37.20,0.48,0.70,3.91,5.53,0.85,14.10,0.50,0.60,5.40,1.64,0.13,0.47,0.13,0.01,0.15
..\data\indiv_files\AIP_A_EN_corrected\526.txt,1,65,8,41,8,114,9,61,9,0.54,0.15,0.12,0.00,0.00,0.00,65,37,36.70,36.20,0.57,0.75,4.30,6.09,0.88,17.34,0.67,0.69,7.56,1.94,0.18,0.67,0.20,0.02,0.21
..\data\indiv_files\AIP_A_EN_corrected\527.txt,1,69,7,42,7,125,11,63,11,0.50,0.17,0.10,0.05,0.05,0.16,69,33,38.30,38.50,0.55,0.73,4.36,6.17,0.88,17.04,0.67,0.74,10.32,2.27,0.22,0.60,0.19,0.03,0.22
..\data\indiv_files\AIP_A_EN_corrected\528.txt,0,0,0,0,0,0,0,0,0,0,0,0,0,0,0,0,0,0,0,0,0,0,0,0,0,0,0,0,0,0,0,0,0,0
..\data\indiv_files\AIP_A_EN_corrected\529.txt,1,85,13,55,13,136,15,62,15,0.46,0.24,0.15,0.33,1.67,0.91,85,36,39.00,38.90,0.62,0.74,5.15,7.29,0.90,22.30,0.89,0.93,13.07,2.56,0.23,0.86,0.16,0.11,0.27
..\data\indiv_files\AIP_A_EN_corrected\530.txt,1,37,8,25,7,57,9,31,8,0.54,0.26,0.22,0.20,0.20,0.32,37,34,32.70,36.20,0.65,0.68,3.47,4.90,0.89,16.43,0.81,0.80,3.20,1.26,0.13,0.85,0.23,0.10,0.32
..\data\indiv_files\AIP_A_EN_corrected\531.txt,1,117,15,68,15,221,23,114,23,0.52,0.20,0.13,0.15,0.76,0.62,117,40,40.90,40.00,0.53,0.83,5.57,7.87,0.88,19.90,0.60,0.64,13.36,2.58,0.18,0.62,0.13,0.05,0.18
..\data\indiv_files\AIP_A_EN_corrected\532.txt,1,58,8,34,8,115,9,60,9,0.52,0.15,0.14,0.09,0.18,0.30,58,30,34.00,36.70,0.50,0.71,3.82,5.41,0.86,14.28,0.57,0.55,6.55,1.81,0.20,0.50,0.15,0.05,0.20
..\data\indiv_files\AIP_A_EN_corrected\533.txt,1,44,6,24,6,74,7,34,7,0.46,0.21,0.14,0.00,0.00,0.00,44,38,34.20,36.90,0.59,0.76,3.62,5.11,0.88,15.48,0.71,0.64,4.45,1.49,0.21,0.56,0.29,0.06,0.35
..\data\indiv_files\AIP_A_EN_corrected\534.txt,1,62,9,35,9,141,19,69,19,0.49,0.28,0.15,0.12,0.25,0.35,62,33,32.40,33.60,0.44,0.68,3.69,5.22,0.83,12.95,0.51,0.62,6.25,1.77,0.14,0.45,0.12,0.03,0.14
..\data\indiv_files\AIP_A_EN_corrected\535.txt,1,88,10,52,10,202,16,102,16,0.50,0.16,0.11,0.00,0.00,0.00,88,32,35.60,35.30,0.44,0.69,4.38,6.19,0.84,14.73,0.51,0.55,8.83,2.10,0.16,0.50,0.12,0.02,0.14
..\data\indiv_files\AIP_A_EN_corrected\536.txt,1,120,17,79,16,279,26,137,25,0.49,0.18,0.14,0.10,0.41,0.45,120,29,38.80,38.70,0.43,0.73,5.08,7.18,0.85,16.32,0.58,0.56,12.41,2.49,0.16,0.59,0.14,0.04,0.18
..\data\indiv_files\AIP_A_EN_corrected\539.txt,1,83,8,51,8,127,9,67,9,0.53,0.13,0.10,0.12,0.24,0.34,83,41,41.20,40.60,0.65,0.83,5.21,7.37,0.91,23.96,0.76,0.94,15.06,2.74,0.24,0.66,0.12,0.06,0.18
..\data\indiv_files\AIP_A_EN_corrected\540.txt,0,0,0,0,0,0,0,0,0,0,0,0,0,0,0,0,0,0,0,0,0,0,0,0,0,0,0,0,0,0,0,0,0,0
..\data\indiv_files\AIP_A_EN_corrected\541.txt,1,90,14,60,13,229,21,101,20,0.44,0.20,0.16,0.19,0.96,0.69,90,29,32.70,35.00,0.39,0.67,4.21,5.95,0.83,13.73,0.59,0.69,12.46,2.50,0.18,0.51,0.10,0.03,0.13
..\data\indiv_files\AIP_A_EN_corrected\542.txt,1,15,1,9,1,21,1,11,1,0.52,0.09,0.07,0.00,0.00,0.00,15,15,15,15,0.71,0.71,2.31,3.27,0.89,11.96,0.82,0.67,1.33,0.82,0.18,0.83,0.18,0.00,0.18
..\data\indiv_files\AIP_A_EN_corrected\543.txt,1,62,10,38,10,112,13,58,13,0.52,0.22,0.16,0.29,0.57,0.53,62,32,35.90,38.40,0.55,0.73,4.14,5.86,0.87,16.35,0.66,1.00,7.00,1.87,0.12,0.56,0.16,0.07,0.22
..\data\indiv_files\AIP_A_EN_corrected\544.txt,1,94,18,54,17,200,32,95,31,0.47,0.33,0.19,0.17,0.83,0.65,94,34,37.20,39.20,0.47,0.75,4.70,6.65,0.86,16.15,0.57,0.57,9.63,2.19,0.18,0.58,0.12,0.01,0.13
..\data\indiv_files\AIP_A_EN_corrected\545.txt,1,24,4,14,3,31,4,17,3,0.55,0.18,0.17,0.25,0.25,0.35,24,24,24,24,0.77,0.77,3.05,4.31,0.93,20.01,0.82,0.75,2.25,1.06,0.18,0.90,0.12,0.00,0.12
..\data\indiv_files\AIP_A_EN_corrected\546.txt,1,49,5,27,5,82,6,41,6,0.50,0.15,0.10,0.00,0.00,0.00,49,34,35.70,32.60,0.60,0.68,3.83,5.41,0.88,16.38,0.66,0.56,2.78,1.18,0.12,0.63,0.24,0.00,0.24
..\data\indiv_files\AIP_A_EN_corrected\547.txt,0,0,0,0,0,0,0,0,0,0,0,0,0,0,0,0,0,0,0,0,0,0,0,0,0,0,0,0,0,0,0,0,0,0
..\data\indiv_files\AIP_A_EN_corrected\548.txt,1,64,14,36,12,148,17,71,15,0.48,0.21,0.22,0.07,0.07,0.18,64,34,34.70,35.70,0.43,0.71,3.72,5.26,0.83,12.94,0.51,0.47,3.27,1.28,0.10,0.40,0.17,0.04,0.21
..\data\indiv_files\AIP_A_EN_corrected\549.txt,1,68,11,43,10,130,14,67,13,0.52,0.19,0.16,0.06,0.06,0.18,68,36,36.50,37.60,0.52,0.78,4.22,5.96,0.87,15.88,0.64,0.69,7.56,1.94,0.16,0.72,0.15,0.03,0.18
..\data\indiv_files\AIP_A_EN_corrected\551.txt,1,72,16,45,16,148,24,74,24,0.50,0.32,0.22,0.14,0.43,0.46,72,37,36.70,40.70,0.49,0.79,4.18,5.92,0.86,15.05,0.61,0.67,9.33,2.16,0.19,0.58,0.14,0.04,0.18
..\data\indiv_files\AIP_A_EN_corrected\552.txt,1,44,6,27,6,111,12,59,12,0.53,0.20,0.14,0.00,0.00,0.00,44,36,31.60,37.60,0.40,0.73,2.95,4.18,0.80,10.41,0.46,0.55,3.27,1.28,0.10,0.44,0.14,0.03,0.17
..\data\indiv_files\AIP_A_EN_corrected\553.txt,1,62,13,34,13,96,15,49,15,0.51,0.31,0.21,0.25,0.75,0.61,62,43,38.10,41.20,0.65,0.86,4.47,6.33,0.90,20.69,0.69,0.83,8.33,2.04,0.20,0.58,0.18,0.04,0.22
..\data\indiv_files\AIP_A_EN_corrected\555.txt,1,73,9,38,8,132,12,63,11,0.48,0.17,0.12,0.06,0.06,0.18,73,40,38.30,35.40,0.55,0.76,4.49,6.35,0.88,17.48,0.60,0.75,9.00,2.12,0.19,0.50,0.19,0.02,0.21
..\data\indiv_files\AIP_A_EN_corrected\556.txt,1,32,7,18,6,45,7,24,6,0.53,0.25,0.22,0.20,0.20,0.32,32,32,32,32,0.71,0.71,3.37,4.77,0.91,18.46,0.75,0.60,1.80,0.95,0.12,0.69,0.25,0.00,0.25
..\data\indiv_files\AIP_A_EN_corrected\558.txt,1,75,9,43,8,192,24,90,21,0.47,0.23,0.12,0.04,0.04,0.14,75,31,33.90,35.60,0.39,0.69,3.83,5.41,0.82,12.77,0.48,0.54,7.04,1.88,0.14,0.45,0.13,0.03,0.17
..\data\indiv_files\AIP_A_EN_corrected\559.txt,1,67,11,37,9,138,13,58,10,0.42,0.17,0.16,0.06,0.06,0.17,67,32,35.00,34.70,0.49,0.67,4.03,5.70,0.85,14.59,0.64,0.78,10.89,2.33,0.24,0.52,0.17,0.00,0.17
..\data\indiv_files\AIP_A_EN_corrected\560.txt,1,19,4,9,4,28,5,12,5,0.43,0.42,0.21,0.00,0.00,0.00,19,19,19,19,0.68,0.68,2.54,3.59,0.88,12.44,0.75,1.00,1.00,0.71,0.08,0.62,0.25,0.00,0.25
..\data\indiv_files\AIP_A_EN_corrected\561.txt,1,37,4,25,4,71,6,42,6,0.59,0.14,0.11,0.00,0.00,0.00,37,31,31.40,32.10,0.52,0.62,3.10,4.39,0.85,12.11,0.60,0.50,3.00,1.22,0.14,0.67,0.24,0.02,0.26
..\data\indiv_files\AIP_A_EN_corrected\562.txt,1,73,15,44,15,152,19,74,19,0.49,0.26,0.21,0.18,0.36,0.43,73,29,36.10,33.50,0.48,0.69,4.19,5.92,0.85,14.95,0.59,0.73,5.82,1.71,0.11,0.50,0.22,0.01,0.23
..\data\indiv_files\AIP_A_EN_corrected\563.txt,1,33,4,17,3,57,5,28,4,0.49,0.14,0.12,0.00,0.00,0.00,33,27,30.80,29.80,0.58,0.54,3.09,4.37,0.86,12.99,0.61,0.71,3.57,1.34,0.18,0.43,0.21,0.00,0.21
..\data\indiv_files\AIP_A_EN_corrected\564.txt,1,52,8,28,7,80,9,39,8,0.49,0.21,0.15,0.20,0.20,0.32,52,32,37.10,35.70,0.65,0.64,4.11,5.81,0.90,19.36,0.72,0.60,1.80,0.95,0.08,0.68,0.23,0.03,0.26
..\data\indiv_files\AIP_A_EN_corrected\565.txt,1,72,11,44,11,134,12,63,12,0.47,0.19,0.15,0.08,0.08,0.20,72,35,37.30,40.30,0.54,0.78,4.40,6.22,0.87,16.77,0.70,0.92,10.08,2.25,0.17,0.59,0.13,0.02,0.14
..\data\indiv_files\AIP_A_EN_corrected\566.txt,1,49,7,33,7,87,10,49,10,0.56,0.20,0.14,0.12,0.25,0.35,49,35,33.70,32.60,0.56,0.70,3.71,5.25,0.87,15.09,0.67,0.62,6.25,1.77,0.20,0.64,0.16,0.00,0.16
..\data\indiv_files\AIP_A_EN_corrected\568.txt,1,98,15,58,15,196,21,85,21,0.43,0.25,0.15,0.17,0.33,0.41,98,39,38.50,38.60,0.50,0.77,4.95,7.00,0.87,17.45,0.68,1.00,12.00,2.45,0.14,0.61,0.15,0.07,0.22
..\data\indiv_files\AIP_A_EN_corrected\569.txt,1,27,6,17,6,38,7,24,7,0.63,0.29,0.22,0.00,0.00,0.00,27,27,27,27,0.71,0.71,3.10,4.38,0.91,16.82,0.71,0.67,2.67,1.15,0.17,0.64,0.21,0.04,0.25
..\data\indiv_files\AIP_A_EN_corrected\570.txt,1,32,2,16,2,66,3,32,3,0.48,0.09,0.06,0.00,0.00,0.00,32,30,28.00,28.50,0.48,0.60,2.79,3.94,0.83,10.53,0.50,0.50,1.50,0.87,0.09,0.50,0.16,0.00,0.16
..\data\indiv_files\AIP_A_EN_corrected\571.txt,1,45,8,28,8,89,9,47,9,0.53,0.19,0.18,0.17,0.33,0.41,45,34,32.70,34.60,0.51,0.68,3.37,4.77,0.85,12.83,0.60,0.67,5.33,1.63,0.17,0.48,0.15,0.00,0.15
..\data\indiv_files\AIP_A_EN_corrected\572.txt,1,50,5,26,5,78,5,36,5,0.46,0.14,0.10,0.12,0.12,0.25,50,35,36.40,36.80,0.64,0.70,4.00,5.66,0.90,18.54,0.72,0.88,6.12,1.75,0.19,0.60,0.19,0.00,0.19
..\data\indiv_files\AIP_A_EN_corrected\573.txt,1,45,7,24,7,90,10,46,10,0.51,0.22,0.16,0.10,0.10,0.22,45,28,30.30,30.70,0.50,0.56,3.35,4.74,0.85,12.69,0.52,0.60,3.60,1.34,0.13,0.46,0.17,0.00,0.17
..\data\indiv_files\AIP_A_EN_corrected\574.txt,1,66,13,42,10,124,17,65,14,0.52,0.22,0.20,0.20,0.40,0.45,66,34,35.90,35.00,0.53,0.71,4.19,5.93,0.87,16.00,0.65,0.80,6.40,1.79,0.12,0.58,0.25,0.02,0.26
..\data\indiv_files\AIP_A_EN_corrected\575.txt,1,29,7,15,6,40,8,17,7,0.42,0.41,0.24,0.25,0.25,0.35,29,29,29,29,0.72,0.72,3.24,4.59,0.91,18.38,0.88,0.75,2.25,1.06,0.18,1.00,0.35,0.12,0.47
..\data\indiv_files\AIP_A_EN_corrected\576.txt,1,41,4,22,4,70,5,33,5,0.47,0.15,0.10,0.12,0.12,0.25,41,31,32.40,35.80,0.59,0.62,3.47,4.90,0.87,14.65,0.67,1.00,8.00,2.00,0.24,0.53,0.18,0.00,0.18
..\data\indiv_files\AIP_A_EN_corrected\577.txt,1,43,7,24,6,63,8,32,7,0.51,0.22,0.16,0.22,0.44,0.47,43,36,35.70,38.20,0.68,0.72,3.83,5.42,0.91,19.52,0.75,1.00,9.00,2.12,0.28,0.56,0.16,0.03,0.19
..\data\indiv_files\AIP_A_EN_corrected\578.txt,1,84,19,47,17,174,26,80,23,0.46,0.29,0.23,0.16,0.47,0.49,84,33,36.60,37.00,0.48,0.70,4.50,6.37,0.86,15.87,0.59,0.79,11.84,2.43,0.19,0.50,0.14,0.03,0.16
..\data\indiv_files\AIP_A_EN_corrected\580.txt,1,110,16,64,15,249,28,119,27,0.48,0.23,0.15,0.11,0.32,0.40,110,35,39.50,39.50,0.44,0.76,4.93,6.97,0.85,16.18,0.54,0.64,11.57,2.41,0.15,0.54,0.13,0.02,0.15
..\data\indiv_files\AIP_A_EN_corrected\581.txt,1,32,7,17,6,54,8,28,7,0.52,0.25,0.22,0.00,0.00,0.00,32,32,30.80,30.90,0.59,0.64,3.08,4.35,0.87,13.21,0.61,0.83,4.17,1.44,0.18,0.53,0.14,0.04,0.18
..\data\indiv_files\AIP_A_EN_corrected\582.txt,1,44,9,25,8,94,20,45,16,0.48,0.36,0.20,0.00,0.00,0.00,44,33,30.20,32.70,0.47,0.66,3.21,4.54,0.83,11.81,0.56,0.60,3.60,1.34,0.13,0.57,0.13,0.02,0.16
..\data\indiv_files\AIP_A_EN_corrected\583.txt,1,49,10,32,10,81,14,45,14,0.56,0.31,0.20,0.00,0.00,0.00,49,32,34.40,33.70,0.60,0.64,3.85,5.44,0.89,16.69,0.71,0.82,7.36,1.92,0.20,0.71,0.13,0.02,0.16
..\data\indiv_files\AIP_A_EN_corrected\584.txt,0,0,0,0,0,0,0,0,0,0,0,0,0,0,0,0,0,0,0,0,0,0,0,0,0,0,0,0,0,0,0,0,0,0
..\data\indiv_files\AIP_A_EN_corrected\585.txt,1,93,19,57,17,214,29,99,26,0.46,0.26,0.20,0.17,0.70,0.59,93,42,35.20,36.90,0.43,0.76,4.50,6.36,0.84,15.01,0.58,0.57,7.35,1.92,0.13,0.50,0.18,0.04,0.22
..\data\indiv_files\AIP_A_EN_corrected\586.txt,1,92,22,61,21,188,33,105,31,0.56,0.30,0.24,0.10,0.19,0.31,92,34,38.50,38.60,0.49,0.75,4.74,6.71,0.86,16.66,0.58,0.76,12.19,2.47,0.15,0.54,0.13,0.03,0.16
..\data\indiv_files\AIP_A_EN_corrected\587.txt,1,95,19,58,16,215,29,103,26,0.48,0.25,0.20,0.08,0.17,0.29,95,33,37.60,38.70,0.44,0.76,4.58,6.48,0.85,15.34,0.56,0.67,10.67,2.31,0.16,0.52,0.13,0.03,0.16
..\data\indiv_files\AIP_A_EN_corrected\588.txt,1,10,2,6,2,10,2,6,2,0.60,0.33,0.20,0,0,0,10,10,10,10,1.00,1.00,2.24,3.16,1.00,NaN,1.00,0,0,0,0.00,1.00,0.50,0.00,0.50
..\data\indiv_files\AIP_A_EN_corrected\589.txt,1,56,8,28,6,105,10,43,7,0.41,0.16,0.14,0.08,0.08,0.20,56,32,32.30,36.40,0.53,0.70,3.86,5.47,0.86,14.96,0.65,0.77,7.69,1.96,0.23,0.52,0.16,0.02,0.19
..\data\indiv_files\AIP_A_EN_corrected\590.txt,1,56,8,30,8,110,13,55,13,0.50,0.24,0.14,0.00,0.00,0.00,56,28,34.10,34.40,0.51,0.61,3.78,5.34,0.86,14.21,0.55,0.71,7.14,1.89,0.18,0.41,0.13,0.02,0.15
..\data\indiv_files\AIP_A_EN_corrected\591.txt,1,72,12,42,10,132,20,63,18,0.48,0.29,0.17,0.00,0.00,0.00,72,34,36.50,37.50,0.55,0.73,4.43,6.27,0.88,17.08,0.67,0.85,9.31,2.16,0.17,0.55,0.21,0.02,0.22
..\data\indiv_files\AIP_A_EN_corrected\592.txt,1,45,7,23,6,66,8,29,7,0.44,0.24,0.16,0.22,0.44,0.47,45,36,37.30,35.20,0.68,0.72,3.92,5.54,0.91,19.90,0.79,1.00,9.00,2.12,0.31,0.69,0.17,0.03,0.21
..\data\indiv_files\AIP_A_EN_corrected\593.txt,1,78,14,47,12,132,15,66,13,0.50,0.20,0.18,0.15,0.31,0.39,78,41,38.60,35.30,0.59,0.78,4.80,6.79,0.89,19.68,0.71,0.92,11.08,2.35,0.18,0.66,0.15,0.00,0.15
..\data\indiv_files\AIP_A_EN_corrected\594.txt,1,51,7,29,7,94,9,46,9,0.49,0.20,0.14,0.08,0.08,0.20,51,34,36.00,33.50,0.54,0.68,3.72,5.26,0.87,14.66,0.63,0.69,6.23,1.77,0.20,0.58,0.11,0.04,0.15
..\data\indiv_files\AIP_A_EN_corrected\595.txt,1,44,7,24,7,76,10,40,10,0.53,0.25,0.16,0.30,0.90,0.67,44,34,32.90,35.00,0.58,0.68,3.57,5.05,0.87,14.90,0.60,0.80,6.40,1.79,0.20,0.44,0.15,0.05,0.20
..\data\indiv_files\AIP_A_EN_corrected\596.txt,1,58,10,36,9,101,15,52,14,0.51,0.27,0.17,0.15,0.31,0.39,58,36,35.60,36.30,0.57,0.74,4.08,5.77,0.88,16.68,0.69,0.85,9.31,2.16,0.21,0.54,0.19,0.02,0.21
..\data\indiv_files\AIP_A_EN_corrected\597.txt,1,68,9,34,8,111,10,47,9,0.42,0.19,0.13,0.15,0.31,0.39,68,39,39.20,36.60,0.61,0.76,4.56,6.45,0.90,19.66,0.72,0.69,6.23,1.77,0.19,0.67,0.26,0.04,0.30
..\data\indiv_files\AIP_A_EN_corrected\598.txt,1,71,14,45,14,138,26,72,26,0.52,0.36,0.20,0.12,0.25,0.35,71,34,36.30,36.50,0.51,0.71,4.27,6.04,0.87,15.87,0.62,0.75,9.00,2.12,0.17,0.53,0.17,0.03,0.19
..\data\indiv_files\AIP_A_EN_corrected\599.txt,1,29,4,16,4,57,5,29,5,0.51,0.17,0.14,0.17,0.17,0.29,29,26,26.90,26.40,0.51,0.52,2.72,3.84,0.83,10.51,0.55,0.67,2.67,1.15,0.14,0.50,0.17,0.00,0.17
..\data\indiv_files\AIP_A_EN_corrected\600.txt,1,53,8,30,8,89,9,40,9,0.45,0.23,0.15,0.33,0.33,0.41,53,38,35.70,34.90,0.60,0.76,3.97,5.62,0.88,16.88,0.75,1.00,3.00,1.22,0.07,0.72,0.15,0.03,0.17
..\data\indiv_files\AIP_A_EN_corrected\601.txt,1,52,7,30,7,83,7,39,7,0.47,0.18,0.13,0.08,0.08,0.20,52,36,36.80,36.60,0.63,0.72,4.04,5.71,0.89,18.14,0.77,0.69,6.23,1.77,0.23,0.72,0.18,0.03,0.21
..\data\indiv_files\AIP_A_EN_corrected\602.txt,1,98,23,64,22,206,38,102,37,0.50,0.36,0.23,0.16,0.81,0.64,98,34,38.40,36.80,0.48,0.69,4.83,6.83,0.86,16.59,0.63,0.61,11.65,2.41,0.19,0.64,0.16,0.02,0.18
..\data\indiv_files\AIP_A_EN_corrected\603.txt,0,0,0,0,0,0,0,0,0,0,0,0,0,0,0,0,0,0,0,0,0,0,0,0,0,0,0,0,0,0,0,0,0,0
..\data\indiv_files\AIP_A_EN_corrected\604.txt,0,0,0,0,0,0,0,0,0,0,0,0,0,0,0,0,0,0,0,0,0,0,0,0,0,0,0,0,0,0,0,0,0,0
..\data\indiv_files\AIP_A_EN_corrected\605.txt,1,46,8,29,8,95,13,51,13,0.54,0.25,0.17,0.00,0.00,0.00,46,25,31.00,29.40,0.48,0.50,3.34,4.72,0.84,12.42,0.57,0.60,5.40,1.64,0.18,0.52,0.10,0.04,0.14
..\data\indiv_files\AIP_A_EN_corrected\606.txt,1,49,9,31,8,84,12,44,9,0.52,0.20,0.18,0.12,0.25,0.35,49,32,34.10,33.50,0.58,0.64,3.78,5.35,0.88,15.82,0.70,0.62,6.25,1.77,0.23,0.67,0.16,0.00,0.16
..\data\indiv_files\AIP_A_EN_corrected\607.txt,1,49,12,30,11,84,14,45,13,0.54,0.29,0.24,0.33,1.00,0.71,49,31,34.40,33.70,0.58,0.62,3.78,5.35,0.88,15.82,0.67,0.78,5.44,1.65,0.16,0.57,0.20,0.02,0.22
..\data\indiv_files\AIP_A_EN_corrected\608.txt,1,14,1,8,1,17,1,9,1,0.53,0.11,0.07,0.00,0.00,0.00,14,14,14,14,0.82,0.82,2.40,3.40,0.93,17.96,0.89,1.00,3.00,1.22,0.33,0.80,0.11,0.00,0.11
..\data\indiv_files\AIP_A_EN_corrected\609.txt,1,63,9,37,8,123,14,60,13,0.49,0.22,0.14,0.08,0.08,0.20,63,35,35.10,35.20,0.51,0.72,4.02,5.68,0.86,15.03,0.62,0.75,6.75,1.84,0.15,0.46,0.22,0.05,0.27
..\data\indiv_files\AIP_A_EN_corrected\610.txt,1,61,11,35,11,127,14,63,14,0.50,0.22,0.18,0.16,0.47,0.49,61,29,34.00,36.00,0.48,0.66,3.83,5.41,0.85,13.90,0.56,0.68,8.89,2.11,0.21,0.46,0.13,0.02,0.14
..\data\indiv_files\AIP_A_EN_corrected\611.txt,1,75,23,46,22,134,28,66,27,0.49,0.41,0.31,0.40,1.60,0.89,75,40,38.90,39.50,0.56,0.80,4.58,6.48,0.88,17.95,0.70,0.70,4.90,1.57,0.11,0.69,0.15,0.03,0.18
..\data\indiv_files\AIP_A_EN_corrected\612.txt,1,34,8,20,8,52,10,27,10,0.52,0.37,0.24,0.44,1.78,0.94,34,33,32.80,32.50,0.65,0.66,3.33,4.71,0.89,15.96,0.74,0.78,5.44,1.65,0.26,0.75,0.15,0.00,0.15
..\data\indiv_files\AIP_A_EN_corrected\613.txt,1,114,25,73,24,247,38,124,35,0.50,0.28,0.22,0.15,0.76,0.62,114,37,38.10,35.90,0.46,0.70,5.13,7.25,0.86,17.05,0.59,0.67,14.67,2.71,0.18,0.59,0.13,0.05,0.18
..\data\indiv_files\AIP_A_EN_corrected\614.txt,1,69,14,37,13,120,16,56,15,0.47,0.27,0.20,0.20,0.60,0.55,69,37,38.50,36.90,0.57,0.74,4.45,6.30,0.88,17.99,0.66,0.67,6.67,1.83,0.18,0.60,0.18,0.00,0.18
..\data\indiv_files\AIP_A_EN_corrected\615.txt,1,46,8,26,6,79,9,36,7,0.46,0.19,0.17,0.00,0.00,0.00,46,28,33.50,32.50,0.58,0.56,3.66,5.18,0.88,15.33,0.72,0.71,3.57,1.34,0.14,0.64,0.17,0.03,0.19
..\data\indiv_files\AIP_A_EN_corrected\616.txt,1,46,7,25,5,96,11,44,9,0.46,0.20,0.15,0.00,0.00,0.00,46,30,32.30,33.50,0.48,0.60,3.32,4.69,0.84,12.30,0.57,0.78,5.44,1.65,0.16,0.55,0.20,0.00,0.20
..\data\indiv_files\AIP_A_EN_corrected\617.txt,1,93,17,58,16,202,30,97,27,0.48,0.28,0.18,0.16,0.64,0.57,93,35,35.80,36.40,0.46,0.73,4.63,6.54,0.85,15.78,0.60,0.76,14.44,2.69,0.20,0.49,0.13,0.03,0.16
..\data\indiv_files\AIP_A_EN_corrected\618.txt,1,81,14,47,13,189,19,96,18,0.51,0.19,0.17,0.04,0.04,0.14,81,35,36.00,34.60,0.43,0.73,4.17,5.89,0.84,14.08,0.49,0.56,8.33,2.04,0.16,0.43,0.09,0.04,0.14
..\data\indiv_files\AIP_A_EN_corrected\620.txt,1,48,10,29,9,89,17,44,16,0.49,0.36,0.21,0.11,0.11,0.24,48,32,31.50,33.10,0.54,0.64,3.60,5.09,0.86,14.17,0.66,0.89,7.11,1.89,0.18,0.55,0.16,0.07,0.23
..\data\indiv_files\AIP_A_EN_corrected\621.txt,1,75,13,46,13,137,18,74,17,0.54,0.23,0.17,0.11,0.22,0.33,75,30,38.20,37.40,0.55,0.66,4.53,6.41,0.88,17.45,0.62,0.72,9.39,2.17,0.18,0.60,0.19,0.04,0.23
..\data\indiv_files\AIP_A_EN_corrected\622.txt,1,102,27,74,26,190,28,95,27,0.50,0.28,0.26,0.24,1.44,0.85,102,34,36.70,36.70,0.54,0.73,5.23,7.40,0.88,19.22,0.78,0.88,19.36,3.11,0.23,0.69,0.22,0.01,0.23
..\data\indiv_files\AIP_A_EN_corrected\623.txt,1,30,4,17,4,52,4,26,4,0.50,0.15,0.13,0.09,0.09,0.21,30,30,29.70,29.20,0.58,0.60,2.94,4.16,0.86,12.33,0.65,0.64,4.45,1.49,0.27,0.58,0.08,0.04,0.12
..\data\indiv_files\AIP_A_EN_corrected\624.txt,1,50,6,27,6,81,7,40,7,0.49,0.17,0.12,0.00,0.00,0.00,50,30,35.80,35.90,0.62,0.60,3.93,5.56,0.89,17.38,0.68,0.62,3.12,1.25,0.12,0.67,0.12,0.03,0.15
..\data\indiv_files\AIP_A_EN_corrected\625.txt,1,122,22,75,19,261,30,114,27,0.44,0.24,0.18,0.12,0.48,0.49,122,37,40.30,39.90,0.47,0.81,5.34,7.55,0.86,17.68,0.66,0.70,16.03,2.83,0.20,0.62,0.19,0.02,0.21
..\data\indiv_files\AIP_A_EN_corrected\627.txt,1,62,6,39,6,98,7,53,7,0.54,0.13,0.10,0.09,0.09,0.21,62,35,36.70,37.30,0.63,0.70,4.43,6.26,0.90,19.94,0.74,0.91,9.09,2.13,0.19,0.63,0.25,0.00,0.25
..\data\indiv_files\AIP_A_EN_corrected\628.txt,1,45,8,27,7,69,10,33,8,0.48,0.24,0.18,0.17,0.17,0.29,45,35,36.10,37.40,0.65,0.70,3.83,5.42,0.90,18.21,0.82,0.67,2.67,1.15,0.12,0.78,0.21,0.06,0.27
..\data\indiv_files\AIP_A_EN_corrected\629.txt,0,0,0,0,0,0,0,0,0,0,0,0,0,0,0,0,0,0,0,0,0,0,0,0,0,0,0,0,0,0,0,0,0,0
..\data\indiv_files\AIP_A_EN_corrected\630.txt,1,43,8,24,7,81,16,47,15,0.58,0.32,0.19,0.10,0.10,0.22,43,31,31.50,30.70,0.53,0.62,3.38,4.78,0.86,13.24,0.51,0.80,6.40,1.79,0.17,0.42,0.17,0.00,0.17
..\data\indiv_files\AIP_A_EN_corrected\631.txt,1,31,5,20,5,50,6,30,6,0.60,0.20,0.16,0.00,0.00,0.00,31,31,31.00,31.00,0.62,0.62,3.10,4.38,0.88,13.90,0.67,0.67,1.33,0.82,0.07,0.53,0.30,0.00,0.30
..\data\indiv_files\AIP_A_EN_corrected\632.txt,1,81,12,50,11,175,18,85,17,0.49,0.20,0.15,0.08,0.15,0.28,81,34,35.60,33.20,0.46,0.67,4.33,6.12,0.85,15.04,0.59,0.69,12.46,2.50,0.21,0.49,0.13,0.04,0.16
..\data\indiv_files\AIP_A_EN_corrected\633.txt,1,102,11,63,10,200,20,99,18,0.49,0.18,0.11,0.10,0.20,0.32,102,41,39.00,36.50,0.51,0.78,5.10,7.21,0.87,18.11,0.64,0.60,7.20,1.90,0.12,0.65,0.15,0.04,0.19
..\data\indiv_files\AIP_A_EN_corrected\634.txt,1,83,19,47,15,167,32,87,27,0.52,0.31,0.23,0.16,0.78,0.62,83,37,37.90,37.00,0.50,0.75,4.54,6.42,0.86,16.27,0.54,0.59,11.28,2.38,0.22,0.54,0.09,0.02,0.11
..\data\indiv_files\AIP_A_EN_corrected\636.txt,1,101,23,68,23,185,27,102,27,0.55,0.26,0.23,0.10,0.20,0.32,101,41,39.80,39.60,0.55,0.81,5.25,7.43,0.88,19.56,0.67,0.60,7.20,1.90,0.12,0.63,0.16,0.03,0.19
..\data\indiv_files\AIP_A_EN_corrected\637.txt,1,55,11,36,11,97,17,55,17,0.57,0.31,0.20,0.07,0.07,0.19,55,37,33.60,36.30,0.57,0.74,3.95,5.58,0.88,16.02,0.65,0.57,4.57,1.51,0.15,0.62,0.22,0.02,0.24
..\data\indiv_files\AIP_A_EN_corrected\638.txt,1,84,11,52,9,146,15,73,13,0.50,0.18,0.13,0.08,0.08,0.20,84,38,40.70,39.30,0.58,0.78,4.92,6.95,0.89,19.51,0.71,0.92,10.08,2.25,0.15,0.57,0.22,0.04,0.26
..\data\indiv_files\AIP_A_EN_corrected\639.txt,1,50,11,29,11,77,12,38,12,0.49,0.32,0.22,0.12,0.12,0.25,50,36,36.00,36.80,0.65,0.72,4.03,5.70,0.90,18.98,0.76,0.88,6.12,1.75,0.18,0.73,0.18,0.00,0.18
..\data\indiv_files\AIP_A_EN_corrected\640.txt,1,123,23,70,21,241,29,107,26,0.44,0.24,0.19,0.13,0.53,0.52,123,35,40.70,38.60,0.51,0.76,5.60,7.92,0.88,19.42,0.65,0.67,13.33,2.58,0.19,0.61,0.16,0.04,0.20
..\data\indiv_files\AIP_A_EN_corrected\642.txt,0,0,0,0,0,0,0,0,0,0,0,0,0,0,0,0,0,0,0,0,0,0,0,0,0,0,0,0,0,0,0,0,0,0
..\data\indiv_files\AIP_A_EN_corrected\643.txt,1,56,5,33,5,99,8,49,8,0.49,0.16,0.09,0.00,0.00,0.00,56,33,36.20,34.20,0.57,0.66,3.98,5.63,0.88,16.09,0.67,0.69,6.23,1.77,0.18,0.62,0.18,0.00,0.18
..\data\indiv_files\AIP_A_EN_corrected\644.txt,1,41,7,20,7,63,9,33,9,0.52,0.27,0.17,0.00,0.00,0.00,41,35,35.20,34.10,0.65,0.70,3.65,5.17,0.90,17.35,0.61,0.67,4.00,1.41,0.18,0.60,0.12,0.03,0.15
..\data\indiv_files\AIP_A_EN_corrected\645.txt,0,0,0,0,0,0,0,0,0,0,0,0,0,0,0,0,0,0,0,0,0,0,0,0,0,0,0,0,0,0,0,0,0,0
..\data\indiv_files\AIP_A_EN_corrected\646.txt,1,98,15,61,15,206,16,95,16,0.46,0.17,0.15,0.15,0.59,0.54,98,34,35.20,36.10,0.48,0.71,4.83,6.83,0.86,16.59,0.64,0.63,10.70,2.31,0.18,0.60,0.18,0.03,0.21
..\data\indiv_files\AIP_A_EN_corrected\647.txt,1,88,19,54,18,195,39,98,38,0.50,0.39,0.22,0.19,0.96,0.69,88,35,34.60,35.90,0.45,0.74,4.46,6.30,0.85,15.18,0.55,0.69,12.46,2.50,0.18,0.51,0.13,0.01,0.14
..\data\indiv_files\AIP_A_EN_corrected\648.txt,1,98,20,59,19,229,32,109,31,0.48,0.28,0.20,0.12,0.38,0.43,98,34,36.80,35.60,0.43,0.73,4.58,6.48,0.84,15.11,0.54,0.79,15.04,2.74,0.17,0.52,0.08,0.02,0.10
..\data\indiv_files\AIP_A_EN_corrected\649.txt,1,103,19,72,19,220,29,116,29,0.53,0.25,0.18,0.23,1.63,0.90,103,32,36.10,33.90,0.47,0.66,4.91,6.94,0.86,16.65,0.62,0.77,17.63,2.97,0.20,0.56,0.16,0.01,0.17
..\data\indiv_files\AIP_A_EN_corrected\650.txt,0,0,0,0,0,0,0,0,0,0,0,0,0,0,0,0,0,0,0,0,0,0,0,0,0,0,0,0,0,0,0,0,0,0
..\data\indiv_files\AIP_A_EN_corrected\651.txt,1,80,12,49,12,156,18,81,18,0.52,0.22,0.15,0.14,0.41,0.45,80,35,37.10,37.50,0.51,0.72,4.53,6.41,0.87,16.58,0.60,0.68,10.23,2.26,0.19,0.50,0.17,0.04,0.21
..\data\indiv_files\AIP_A_EN_corrected\652.txt,1,83,10,49,9,162,15,77,14,0.48,0.18,0.12,0.06,0.06,0.17,83,37,37.80,38.70,0.51,0.75,4.61,6.52,0.87,16.81,0.64,0.82,11.53,2.40,0.18,0.53,0.17,0.03,0.19
..\data\indiv_files\AIP_A_EN_corrected\653.txt,1,100,17,69,17,225,21,113,21,0.50,0.19,0.17,0.10,0.30,0.39,100,34,37.50,36.40,0.44,0.73,4.71,6.67,0.85,15.71,0.61,0.63,12.03,2.45,0.17,0.58,0.18,0.04,0.21
..\data\indiv_files\AIP_A_EN_corrected\654.txt,1,37,9,22,7,64,12,32,10,0.50,0.31,0.24,0.00,0.00,0.00,37,33,31.50,32.10,0.58,0.66,3.27,4.62,0.87,13.71,0.69,1.00,6.00,1.73,0.19,0.53,0.16,0.06,0.22
..\data\indiv_files\AIP_A_EN_corrected\655.txt,0,0,0,0,0,0,0,0,0,0,0,0,0,0,0,0,0,0,0,0,0,0,0,0,0,0,0,0,0,0,0,0,0,0
..\data\indiv_files\AIP_A_EN_corrected\656.txt,1,96,18,61,17,243,28,119,27,0.49,0.23,0.19,0.08,0.25,0.35,96,34,37.30,33.90,0.40,0.68,4.35,6.16,0.83,14.11,0.51,0.44,7.11,1.89,0.13,0.53,0.11,0.01,0.12
..\data\indiv_files\AIP_A_EN_corrected\657.txt,0,0,0,0,0,0,0,0,0,0,0,0,0,0,0,0,0,0,0,0,0,0,0,0,0,0,0,0,0,0,0,0,0,0
..\data\indiv_files\AIP_A_EN_corrected\658.txt,1,72,7,40,6,128,9,59,8,0.46,0.14,0.10,0.15,0.45,0.47,72,39,37.20,34.50,0.56,0.72,4.50,6.36,0.88,17.77,0.68,0.85,14.45,2.69,0.29,0.50,0.12,0.02,0.14
..\data\indiv_files\AIP_A_EN_corrected\659.txt,1,114,19,68,16,215,24,108,21,0.50,0.19,0.17,0.07,0.15,0.27,114,36,39.50,41.00,0.53,0.81,5.50,7.77,0.88,19.74,0.63,0.70,13.37,2.59,0.18,0.61,0.13,0.02,0.15
..\data\indiv_files\AIP_A_EN_corrected\660.txt,1,59,7,35,7,103,9,53,9,0.51,0.17,0.12,0.14,0.29,0.38,59,40,36.20,35.30,0.57,0.76,4.11,5.81,0.88,16.74,0.66,0.71,7.14,1.89,0.19,0.69,0.13,0.00,0.13
..\data\indiv_files\AIP_A_EN_corrected\661.txt,1,53,10,32,9,84,14,43,13,0.51,0.30,0.19,0.00,0.00,0.00,53,35,36.30,36.10,0.63,0.70,4.09,5.78,0.90,18.51,0.74,0.50,1.50,0.87,0.07,0.78,0.23,0.02,0.26
..\data\indiv_files\AIP_A_EN_corrected\662.txt,1,55,12,33,10,77,14,42,11,0.55,0.26,0.22,0.08,0.08,0.20,55,38,39.90,38.70,0.71,0.76,4.43,6.27,0.92,24.35,0.79,0.75,6.75,1.84,0.21,0.81,0.21,0.07,0.29
..\data\indiv_files\AIP_A_EN_corrected\663.txt,1,59,10,36,10,106,11,50,11,0.47,0.22,0.17,0.14,0.14,0.27,59,31,34.40,34.50,0.56,0.69,4.05,5.73,0.87,16.12,0.72,0.86,5.14,1.60,0.12,0.62,0.28,0.00,0.28
..\data\indiv_files\AIP_A_EN_corrected\664.txt,1,92,13,55,13,192,16,97,16,0.51,0.16,0.14,0.10,0.31,0.39,92,32,35.70,34.40,0.48,0.65,4.69,6.64,0.86,16.32,0.57,0.59,9.97,2.23,0.18,0.49,0.12,0.03,0.15
..\data\indiv_files\AIP_A_EN_corrected\665.txt,1,83,11,49,10,175,17,81,16,0.46,0.20,0.13,0.18,0.53,0.51,83,31,35.60,36.00,0.47,0.71,4.44,6.27,0.86,15.53,0.60,0.71,8.47,2.06,0.15,0.60,0.17,0.04,0.21
..\data\indiv_files\AIP_A_EN_corrected\666.txt,1,41,5,21,4,83,5,36,4,0.43,0.11,0.12,0.00,0.00,0.00,41,27,30.50,29.90,0.49,0.54,3.18,4.50,0.84,12.02,0.58,0.75,4.50,1.50,0.17,0.45,0.17,0.03,0.19
..\data\indiv_files\AIP_A_EN_corrected\667.txt,1,94,25,62,24,157,31,89,30,0.57,0.34,0.27,0.39,2.72,1.17,94,40,38.70,38.60,0.60,0.79,5.30,7.50,0.90,21.65,0.70,0.94,16.06,2.83,0.19,0.58,0.24,0.03,0.27
..\data\indiv_files\AIP_A_EN_corrected\668.txt,1,30,3,13,2,35,3,15,2,0.43,0.13,0.10,0.00,0.00,0.00,30,30,30,30,0.86,0.86,3.59,5.07,0.96,35.61,0.87,1.00,3.00,1.22,0.20,0.71,0.13,0.20,0.33
..\data\indiv_files\AIP_A_EN_corrected\669.txt,1,25,3,14,3,48,3,20,3,0.42,0.15,0.12,0.12,0.12,0.25,25,25,25,25,0.52,0.52,2.55,3.61,0.83,9.98,0.70,0.75,4.50,1.50,0.30,0.64,0.05,0.00,0.05
..\data\indiv_files\AIP_A_EN_corrected\670.txt,1,110,19,70,17,281,27,127,22,0.45,0.17,0.17,0.14,0.57,0.53,110,37,37.00,34.70,0.39,0.69,4.64,6.56,0.83,14.72,0.55,0.75,15.75,2.81,0.17,0.47,0.14,0.03,0.17
..\data\indiv_files\AIP_A_EN_corrected\671.txt,1,40,4,21,4,68,4,33,4,0.49,0.12,0.10,0.00,0.00,0.00,40,30,33.10,31.00,0.59,0.60,3.43,4.85,0.87,14.57,0.64,0.67,4.00,1.41,0.18,0.61,0.15,0.00,0.15
..\data\indiv_files\AIP_A_EN_corrected\673.txt,1,66,7,35,7,132,12,57,12,0.43,0.21,0.11,0.08,0.08,0.20,66,29,34.80,34.50,0.50,0.66,4.06,5.74,0.86,14.94,0.61,0.46,2.77,1.18,0.11,0.61,0.19,0.05,0.25
..\data\indiv_files\AIP_A_EN_corrected\674.txt,1,56,7,31,6,104,9,48,7,0.46,0.15,0.12,0.09,0.09,0.21,56,30,33.70,35.50,0.54,0.66,3.88,5.49,0.87,15.13,0.65,0.82,7.36,1.92,0.19,0.55,0.15,0.02,0.17
..\data\indiv_files\AIP_A_EN_corrected\675.txt,1,87,12,47,11,210,23,101,22,0.48,0.22,0.14,0.06,0.12,0.25,87,33,34.00,35.60,0.41,0.68,4.25,6.00,0.84,14.09,0.47,0.52,8.76,2.09,0.17,0.44,0.08,0.02,0.10
..\data\indiv_files\AIP_A_EN_corrected\676.txt,1,56,8,32,8,82,8,42,8,0.51,0.19,0.14,0.27,0.82,0.64,56,39,38.00,38.20,0.68,0.78,4.37,6.18,0.91,22.11,0.76,1.00,11.00,2.35,0.26,0.55,0.14,0.10,0.24
..\data\indiv_files\AIP_A_EN_corrected\677.txt,1,103,20,60,19,214,25,96,24,0.45,0.25,0.19,0.04,0.04,0.14,103,31,39.60,37.40,0.48,0.74,4.98,7.04,0.86,17.10,0.62,0.69,12.46,2.50,0.19,0.58,0.15,0.03,0.18
..\data\indiv_files\AIP_A_EN_corrected\678.txt,1,88,11,48,8,191,15,87,11,0.46,0.13,0.12,0.00,0.00,0.00,88,31,37.20,35.40,0.46,0.70,4.50,6.37,0.85,15.46,0.55,0.50,6.50,1.80,0.15,0.60,0.10,0.02,0.13
..\data\indiv_files\AIP_A_EN_corrected\680.txt,1,45,8,24,6,74,11,35,8,0.47,0.23,0.18,0.00,0.00,0.00,45,37,35.10,35.40,0.61,0.74,3.70,5.23,0.88,16.17,0.69,0.67,2.67,1.15,0.11,0.55,0.26,0.00,0.26
..\data\indiv_files\AIP_A_EN_corrected\682.txt,1,39,4,23,4,80,5,41,5,0.51,0.12,0.10,0.18,0.36,0.43,39,30,31.70,32.50,0.49,0.60,3.08,4.36,0.84,11.61,0.56,0.64,4.45,1.49,0.17,0.47,0.20,0.00,0.20
..\data\indiv_files\AIP_A_EN_corrected\683.txt,1,37,7,21,6,58,9,29,8,0.50,0.28,0.19,0.11,0.11,0.24,37,34,34.00,32.60,0.64,0.68,3.44,4.86,0.89,15.93,0.72,0.78,5.44,1.65,0.24,0.62,0.14,0.07,0.21
..\data\indiv_files\AIP_A_EN_corrected\684.txt,1,43,11,29,11,102,13,52,13,0.51,0.25,0.26,0.21,0.64,0.57,43,31,28.80,28.20,0.42,0.60,3.01,4.26,0.81,10.75,0.56,0.57,4.57,1.51,0.15,0.43,0.23,0.02,0.25
..\data\indiv_files\AIP_A_EN_corrected\685.txt,1,73,11,41,11,140,15,67,15,0.48,0.22,0.15,0.12,0.25,0.35,73,30,36.50,35.50,0.52,0.70,4.36,6.17,0.87,16.29,0.61,0.62,6.25,1.77,0.15,0.56,0.15,0.03,0.18
..\data\indiv_files\AIP_A_EN_corrected\686.txt,1,62,12,37,11,109,15,57,14,0.52,0.25,0.19,0.08,0.08,0.20,62,37,35.20,36.90,0.57,0.74,4.20,5.94,0.88,16.94,0.65,0.75,6.75,1.84,0.16,0.52,0.25,0.05,0.30
..\data\indiv_files\AIP_A_EN_corrected\687.txt,1,92,26,60,24,219,35,113,33,0.52,0.29,0.28,0.26,2.06,1.02,92,35,34.80,35.20,0.42,0.69,4.40,6.22,0.84,14.54,0.53,0.61,11.65,2.41,0.17,0.51,0.14,0.01,0.15
..\data\indiv_files\AIP_A_EN_corrected\688.txt,1,86,16,55,16,180,25,99,25,0.55,0.25,0.19,0.05,0.05,0.16,86,37,36.10,33.50,0.48,0.65,4.53,6.41,0.86,15.86,0.56,0.45,4.05,1.42,0.09,0.58,0.13,0.01,0.14
..\data\indiv_files\AIP_A_EN_corrected\689.txt,1,79,12,47,10,159,19,84,17,0.53,0.20,0.15,0.05,0.05,0.15,79,36,37.60,36.40,0.50,0.70,4.43,6.27,0.86,15.95,0.56,0.57,6.86,1.85,0.14,0.54,0.12,0.02,0.14
..\data\indiv_files\AIP_A_EN_corrected\690.txt,0,0,0,0,0,0,0,0,0,0,0,0,0,0,0,0,0,0,0,0,0,0,0,0,0,0,0,0,0,0,0,0,0,0
..\data\indiv_files\AIP_A_EN_corrected\691.txt,1,57,7,32,7,118,13,52,13,0.44,0.25,0.12,0.10,0.10,0.22,57,31,33.20,33.90,0.48,0.65,3.71,5.25,0.85,13.58,0.62,0.90,8.10,2.01,0.17,0.57,0.17,0.00,0.17
..\data\indiv_files\AIP_A_EN_corrected\692.txt,1,76,12,50,11,169,16,91,15,0.54,0.16,0.16,0.08,0.15,0.28,76,35,35.00,34.20,0.45,0.67,4.13,5.85,0.84,14.30,0.55,0.58,8.65,2.08,0.16,0.48,0.15,0.02,0.18
..\data\indiv_files\AIP_A_EN_corrected\693.txt,1,101,20,67,18,206,25,108,23,0.52,0.21,0.20,0.05,0.05,0.16,101,33,37.50,39.00,0.49,0.75,4.98,7.04,0.87,17.30,0.62,0.85,14.45,2.69,0.16,0.57,0.14,0.04,0.18
..\data\indiv_files\AIP_A_EN_corrected\694.txt,1,66,12,41,12,115,16,60,16,0.52,0.27,0.18,0.17,0.33,0.41,66,40,37.00,38.50,0.57,0.76,4.35,6.15,0.88,17.61,0.68,0.83,8.33,2.04,0.17,0.65,0.18,0.05,0.23
..\data\indiv_files\AIP_A_EN_corrected\695.txt,0,0,0,0,0,0,0,0,0,0,0,0,0,0,0,0,0,0,0,0,0,0,0,0,0,0,0,0,0,0,0,0,0,0
..\data\indiv_files\AIP_A_EN_corrected\696.txt,1,55,10,33,9,107,18,55,17,0.51,0.31,0.18,0.09,0.09,0.21,55,27,32.50,32.90,0.51,0.66,3.76,5.32,0.86,14.25,0.60,0.91,9.09,2.13,0.18,0.43,0.18,0.02,0.20
..\data\indiv_files\AIP_A_EN_corrected\697.txt,1,90,15,56,13,196,24,107,22,0.55,0.21,0.17,0.08,0.24,0.35,90,35,36.40,37.10,0.46,0.72,4.55,6.43,0.85,15.55,0.52,0.49,8.76,2.09,0.17,0.53,0.12,0.01,0.13
..\data\indiv_files\AIP_A_EN_corrected\698.txt,1,71,12,41,12,141,15,70,15,0.50,0.21,0.17,0.07,0.07,0.18,71,36,35.40,37.20,0.50,0.74,4.23,5.98,0.86,15.50,0.59,0.60,5.40,1.64,0.13,0.50,0.16,0.01,0.17
..\data\indiv_files\AIP_A_EN_corrected\699.txt,1,57,9,35,8,80,10,43,9,0.54,0.21,0.16,0.13,0.27,0.37,57,37,39.00,38.70,0.71,0.74,4.51,6.37,0.92,24.60,0.81,0.80,9.60,2.19,0.28,0.75,0.16,0.02,0.19
..\data\indiv_files\AIP_A_EN_corrected\700.txt,1,121,20,85,20,243,28,136,28,0.56,0.21,0.17,0.08,0.25,0.35,121,38,39.90,39.20,0.50,0.78,5.49,7.76,0.87,18.79,0.62,0.64,14.69,2.71,0.17,0.56,0.18,0.03,0.21
..\data\indiv_files\AIP_A_EN_corrected\701.txt,1,25,2,13,0,31,2,15,0,0.48,0.00,0.08,0.00,0.00,0.00,25,25,25,25,0.81,0.81,3.18,4.49,0.94,23.81,0.87,0.50,0.50,0.50,0.07,0.86,0.33,0.07,0.40
..\data\indiv_files\AIP_A_EN_corrected\702.txt,1,83,11,47,10,202,19,93,17,0.46,0.18,0.13,0.17,0.50,0.50,83,32,36.20,35.50,0.41,0.68,4.13,5.84,0.83,13.76,0.51,0.78,10.89,2.33,0.15,0.40,0.13,0.03,0.16
..\data\indiv_files\AIP_A_EN_corrected\703.txt,1,51,7,26,7,88,13,44,13,0.50,0.30,0.14,0.00,0.00,0.00,51,29,34.80,34.00,0.58,0.58,3.84,5.44,0.88,15.96,0.59,0.89,7.11,1.89,0.18,0.55,0.18,0.02,0.20
..\data\indiv_files\AIP_A_EN_corrected\704.txt,0,0,0,0,0,0,0,0,0,0,0,0,0,0,0,0,0,0,0,0,0,0,0,0,0,0,0,0,0,0,0,0,0,0
..\data\indiv_files\AIP_A_EN_corrected\705.txt,0,0,0,0,0,0,0,0,0,0,0,0,0,0,0,0,0,0,0,0,0,0,0,0,0,0,0,0,0,0,0,0,0,0
..\data\indiv_files\AIP_A_EN_corrected\706.txt,1,52,8,32,7,97,8,49,7,0.51,0.14,0.15,0.00,0.00,0.00,52,31,32.80,32.00,0.54,0.62,3.73,5.28,0.86,14.58,0.65,0.64,5.79,1.70,0.18,0.59,0.14,0.00,0.14
..\data\indiv_files\AIP_A_EN_corrected\707.txt,0,0,0,0,0,0,0,0,0,0,0,0,0,0,0,0,0,0,0,0,0,0,0,0,0,0,0,0,0,0,0,0,0,0
..\data\indiv_files\AIP_A_EN_corrected\708.txt,0,0,0,0,0,0,0,0,0,0,0,0,0,0,0,0,0,0,0,0,0,0,0,0,0,0,0,0,0,0,0,0,0,0
..\data\indiv_files\AIP_A_EN_corrected\709.txt,1,45,4,28,4,66,5,40,5,0.61,0.12,0.09,0.10,0.10,0.22,45,39,36.50,38.90,0.68,0.78,3.92,5.54,0.91,19.90,0.70,0.70,4.90,1.57,0.17,0.71,0.17,0.00,0.17
..\data\indiv_files\AIP_A_EN_corrected\710.txt,1,12,2,7,2,13,2,8,2,0.62,0.25,0.17,0.00,0.00,0.00,12,12,12,12,0.92,0.92,2.35,3.33,0.97,35.70,0.88,1.00,2.00,1.00,0.25,0.80,0.12,0.00,0.12
..\data\indiv_files\AIP_A_EN_corrected\711.txt,1,132,28,89,26,239,32,122,30,0.51,0.25,0.21,0.13,0.66,0.57,132,45,41.20,41.10,0.55,0.82,6.04,8.54,0.89,21.94,0.73,0.74,20.63,3.21,0.23,0.70,0.21,0.02,0.24
..\data\indiv_files\AIP_A_EN_corrected\712.txt,1,103,19,64,19,235,34,118,34,0.50,0.29,0.18,0.22,1.33,0.82,103,40,38.40,40.20,0.44,0.73,4.75,6.72,0.85,15.69,0.54,0.70,13.37,2.59,0.16,0.50,0.14,0.03,0.17
..\data\indiv_files\AIP_A_EN_corrected\713.txt,1,85,16,51,14,157,19,75,16,0.48,0.21,0.19,0.12,0.24,0.34,85,38,37.70,37.00,0.54,0.75,4.80,6.78,0.88,18.10,0.68,0.76,9.94,2.23,0.17,0.55,0.17,0.05,0.23
..\data\indiv_files\AIP_A_EN_corrected\714.txt,1,52,8,32,8,111,12,52,12,0.47,0.23,0.15,0.17,0.33,0.41,52,32,31.60,34.90,0.47,0.69,3.49,4.94,0.84,12.70,0.62,0.75,6.75,1.84,0.17,0.54,0.17,0.00,0.17
..\data\indiv_files\AIP_A_EN_corrected\715.txt,1,84,18,48,17,159,25,76,24,0.48,0.32,0.21,0.23,1.14,0.75,84,39,38.30,38.60,0.53,0.78,4.71,6.66,0.87,17.49,0.63,0.77,13.14,2.56,0.22,0.62,0.07,0.03,0.09
..\data\indiv_files\AIP_A_EN_corrected\716.txt,1,71,17,38,16,139,20,68,18,0.49,0.26,0.24,0.18,0.89,0.67,71,39,37.40,36.80,0.51,0.74,4.26,6.02,0.86,15.74,0.56,0.50,7.00,1.87,0.21,0.50,0.13,0.03,0.16
..\data\indiv_files\AIP_A_EN_corrected\717.txt,1,28,5,16,5,46,5,25,5,0.54,0.20,0.18,0.14,0.14,0.27,28,28,28,28,0.61,0.61,2.92,4.13,0.87,12.82,0.64,0.71,3.57,1.34,0.20,0.46,0.16,0.04,0.20
..\data\indiv_files\AIP_A_EN_corrected\718.txt,1,38,5,22,5,57,5,29,5,0.51,0.17,0.13,0.00,0.00,0.00,38,34,34.30,35.40,0.67,0.68,3.56,5.03,0.90,17.51,0.76,1.00,4.00,1.41,0.14,0.67,0.24,0.07,0.31
..\data\indiv_files\AIP_A_EN_corrected\720.txt,1,47,7,29,7,87,8,43,8,0.49,0.19,0.15,0.10,0.10,0.22,47,31,32.30,33.60,0.54,0.62,3.56,5.04,0.86,14.07,0.67,0.70,4.90,1.57,0.16,0.62,0.14,0.09,0.23
..\data\indiv_files\AIP_A_EN_corrected\721.txt,1,61,10,36,10,94,10,48,10,0.51,0.21,0.16,0.00,0.00,0.00,61,38,36.00,35.70,0.65,0.76,4.45,6.29,0.90,20.73,0.75,0.50,2.50,1.12,0.10,0.73,0.27,0.04,0.31
..\data\indiv_files\AIP_A_EN_corrected\722.txt,1,62,9,38,9,109,14,50,14,0.46,0.28,0.15,0.12,0.12,0.25,62,36,36.30,34.70,0.57,0.72,4.20,5.94,0.88,16.94,0.76,0.88,6.12,1.75,0.14,0.68,0.22,0.02,0.24
..\data\indiv_files\AIP_A_EN_corrected\723.txt,1,84,16,52,15,208,32,103,31,0.50,0.30,0.19,0.10,0.31,0.39,84,35,34.70,35.70,0.40,0.73,4.12,5.82,0.83,13.65,0.50,0.48,6.76,1.84,0.14,0.45,0.12,0.04,0.16
..\data\indiv_files\AIP_A_EN_corrected\724.txt,1,86,10,50,9,201,14,96,13,0.48,0.14,0.12,0.15,0.45,0.47,86,35,35.10,34.50,0.43,0.69,4.29,6.07,0.84,14.39,0.52,0.70,9.80,2.21,0.15,0.45,0.11,0.03,0.15
..\data\indiv_files\AIP_A_EN_corrected\725.txt,1,95,13,59,13,222,19,106,19,0.48,0.18,0.14,0.05,0.05,0.15,95,30,36.90,36.50,0.43,0.69,4.51,6.38,0.84,14.93,0.56,0.64,8.91,2.11,0.13,0.51,0.14,0.07,0.21
..\data\indiv_files\AIP_A_EN_corrected\726.txt,1,48,9,31,9,67,12,39,12,0.58,0.31,0.19,0.27,0.82,0.64,48,38,39.40,37.60,0.72,0.76,4.15,5.86,0.92,23.02,0.79,1.00,11.00,2.35,0.28,0.75,0.13,0.03,0.15
..\data\indiv_files\AIP_A_EN_corrected\727.txt,1,42,7,26,7,76,10,42,10,0.55,0.24,0.17,0.33,0.67,0.58,42,33,32.50,35.60,0.55,0.66,3.41,4.82,0.86,13.73,0.62,0.83,4.17,1.44,0.12,0.57,0.19,0.02,0.21
..\data\indiv_files\AIP_A_EN_corrected\728.txt,1,51,6,29,6,94,9,51,9,0.54,0.18,0.12,0.09,0.09,0.21,51,34,34.50,35.30,0.54,0.68,3.72,5.26,0.87,14.66,0.57,0.64,4.45,1.49,0.14,0.50,0.12,0.08,0.20
..\data\indiv_files\AIP_A_EN_corrected\729.txt,1,51,11,28,10,75,14,35,13,0.47,0.37,0.22,0.29,0.57,0.53,51,38,37.40,37.70,0.68,0.76,4.16,5.89,0.91,20.99,0.80,0.71,3.57,1.34,0.14,0.83,0.23,0.00,0.23
..\data\indiv_files\AIP_A_EN_corrected\730.txt,1,83,15,53,15,146,17,74,17,0.51,0.23,0.18,0.08,0.08,0.20,83,34,37.10,39.90,0.57,0.76,4.86,6.87,0.89,19.10,0.72,0.77,7.69,1.96,0.14,0.72,0.18,0.03,0.20
..\data\indiv_files\AIP_A_EN_corrected\732.txt,1,72,6,42,5,192,13,84,12,0.44,0.14,0.08,0.07,0.15,0.27,72,34,34.30,33.50,0.38,0.69,3.67,5.20,0.81,12.24,0.50,0.48,6.26,1.77,0.15,0.44,0.14,0.04,0.18
..\data\indiv_files\AIP_A_EN_corrected\733.txt,1,102,20,66,18,196,23,101,20,0.52,0.20,0.20,0.17,0.83,0.65,102,40,38.30,37.30,0.52,0.79,5.15,7.29,0.88,18.52,0.65,0.67,13.33,2.58,0.20,0.60,0.15,0.05,0.20
..\data\indiv_files\AIP_A_EN_corrected\734.txt,1,36,6,24,6,69,8,39,8,0.57,0.21,0.17,0.20,0.40,0.45,36,27,30.50,30.50,0.52,0.54,3.06,4.33,0.85,11.97,0.62,0.60,3.60,1.34,0.15,0.53,0.23,0.03,0.26
..\data\indiv_files\AIP_A_EN_corrected\735.txt,1,36,4,17,4,51,4,25,4,0.49,0.16,0.11,0.20,0.20,0.32,36,36,35.20,35.50,0.71,0.72,3.56,5.04,0.91,19.28,0.68,0.80,3.20,1.26,0.16,0.62,0.16,0.00,0.16
..\data\indiv_files\AIP_A_EN_corrected\736.txt,1,89,14,56,13,204,23,109,22,0.53,0.20,0.16,0.00,0.00,0.00,89,29,35.20,34.10,0.44,0.67,4.41,6.23,0.84,14.81,0.51,0.54,8.04,2.00,0.14,0.52,0.12,0.01,0.13
..\data\indiv_files\AIP_A_EN_corrected\737.txt,1,68,11,43,10,120,14,60,13,0.50,0.22,0.16,0.09,0.09,0.21,68,36,37.00,36.20,0.57,0.76,4.39,6.21,0.88,17.53,0.72,1.00,11.00,2.35,0.18,0.60,0.20,0.03,0.23
..\data\indiv_files\AIP_A_EN_corrected\738.txt,1,84,16,49,15,153,26,74,25,0.48,0.34,0.19,0.19,0.96,0.69,84,35,37.90,36.90,0.55,0.77,4.80,6.79,0.88,18.33,0.66,0.58,8.65,2.08,0.20,0.73,0.15,0.00,0.15
..\data\indiv_files\AIP_A_EN_corrected\739.txt,1,76,11,42,11,148,19,68,19,0.46,0.28,0.14,0.17,0.33,0.41,76,39,36.70,36.50,0.51,0.79,4.42,6.25,0.87,16.27,0.62,0.92,10.08,2.25,0.16,0.50,0.16,0.06,0.22
..\data\indiv_files\AIP_A_EN_corrected\740.txt,1,40,5,22,5,60,6,29,6,0.48,0.21,0.12,0.12,0.12,0.25,40,32,36.40,33.80,0.67,0.64,3.65,5.16,0.90,17.96,0.76,0.88,6.12,1.75,0.24,0.62,0.24,0.00,0.24
..\data\indiv_files\AIP_A_EN_corrected\741.txt,1,47,4,25,4,94,6,44,6,0.47,0.14,0.09,0.08,0.08,0.20,47,35,32.00,34.80,0.50,0.70,3.43,4.85,0.85,12.93,0.57,0.67,5.33,1.63,0.18,0.50,0.16,0.00,0.16
..\data\indiv_files\AIP_A_EN_corrected\742.txt,1,57,10,33,9,121,16,61,15,0.50,0.25,0.18,0.30,0.90,0.67,57,33,33.40,32.70,0.47,0.63,3.66,5.18,0.84,13.27,0.54,0.90,8.10,2.01,0.15,0.47,0.13,0.03,0.16
..\data\indiv_files\AIP_A_EN_corrected\743.txt,1,32,2,16,2,39,2,18,2,0.46,0.11,0.06,0.17,0.17,0.29,32,32,32,32,0.82,0.82,3.62,5.12,0.95,29.47,0.89,1.00,6.00,1.73,0.33,0.80,0.06,0.06,0.11
..\data\indiv_files\AIP_A_EN_corrected\744.txt,1,75,10,43,10,149,14,78,14,0.52,0.18,0.13,0.08,0.16,0.28,75,32,36.50,38.80,0.50,0.71,4.34,6.14,0.86,15.84,0.55,0.60,9.00,2.12,0.19,0.51,0.12,0.05,0.17
..\data\indiv_files\AIP_A_EN_corrected\745.txt,1,60,7,30,6,115,9,49,8,0.43,0.16,0.12,0.18,0.36,0.43,60,35,33.40,32.00,0.52,0.69,3.96,5.60,0.86,15.03,0.61,0.64,4.45,1.49,0.14,0.61,0.18,0.00,0.18
..\data\indiv_files\AIP_A_EN_corrected\746.txt,0,0,0,0,0,0,0,0,0,0,0,0,0,0,0,0,0,0,0,0,0,0,0,0,0,0,0,0,0,0,0,0,0,0
..\data\indiv_files\AIP_A_EN_corrected\747.txt,1,19,3,13,3,26,3,15,3,0.58,0.20,0.16,0.00,0.00,0.00,19,19,19,19,0.73,0.73,2.63,3.73,0.90,14.70,0.87,1.00,2.00,1.00,0.13,0.75,0.33,0.00,0.33
..\data\indiv_files\AIP_A_EN_corrected\748.txt,1,84,11,49,10,176,19,83,18,0.47,0.22,0.13,0.04,0.04,0.14,84,36,37.30,35.60,0.48,0.71,4.48,6.33,0.86,15.70,0.59,0.64,10.24,2.26,0.19,0.55,0.12,0.04,0.16
..\data\indiv_files\AIP_A_EN_corrected\749.txt,1,43,10,27,9,64,12,36,11,0.56,0.31,0.23,0.20,0.40,0.45,43,32,35.50,33.40,0.67,0.64,3.80,5.38,0.90,18.89,0.75,0.90,8.10,2.01,0.25,0.69,0.19,0.03,0.22
..\data\indiv_files\AIP_A_EN_corrected\750.txt,1,56,5,32,5,105,8,53,8,0.50,0.15,0.09,0.00,0.00,0.00,56,30,34.50,35.40,0.53,0.68,3.86,5.47,0.86,14.96,0.60,0.78,5.44,1.65,0.13,0.44,0.23,0.06,0.28
..\data\indiv_files\AIP_A_EN_corrected\751.txt,1,48,10,24,8,88,14,40,11,0.45,0.28,0.21,0.12,0.12,0.25,48,38,33.70,36.10,0.55,0.76,3.62,5.12,0.86,14.36,0.60,0.62,3.12,1.25,0.12,0.56,0.10,0.03,0.12
..\data\indiv_files\AIP_A_EN_corrected\752.txt,1,84,11,51,11,179,15,92,15,0.51,0.16,0.13,0.05,0.05,0.16,84,33,37.60,36.60,0.47,0.74,4.44,6.28,0.85,15.45,0.55,0.65,8.45,2.06,0.14,0.50,0.14,0.03,0.17
..\data\indiv_files\AIP_A_EN_corrected\753.txt,1,79,15,47,13,169,18,74,16,0.44,0.22,0.19,0.00,0.00,0.00,79,38,35.70,35.50,0.47,0.72,4.30,6.08,0.85,15.03,0.64,0.65,8.45,2.06,0.18,0.59,0.11,0.04,0.15
..\data\indiv_files\AIP_A_EN_corrected\754.txt,1,85,14,49,11,154,21,76,18,0.49,0.24,0.16,0.04,0.04,0.15,85,41,39.20,40.90,0.55,0.79,4.84,6.85,0.88,18.54,0.64,0.65,9.78,2.21,0.20,0.62,0.12,0.05,0.17
..\data\indiv_files\AIP_A_EN_corrected\756.txt,1,88,14,59,14,178,18,88,18,0.49,0.20,0.16,0.10,0.20,0.32,88,37,36.20,37.10,0.49,0.72,4.66,6.60,0.86,16.55,0.67,0.70,9.80,2.21,0.16,0.61,0.18,0.05,0.23
..\data\indiv_files\AIP_A_EN_corrected\757.txt,1,98,27,61,24,176,32,86,29,0.49,0.34,0.28,0.15,0.31,0.39,98,35,39.50,40.80,0.56,0.77,5.22,7.39,0.89,19.83,0.71,0.92,11.08,2.35,0.14,0.62,0.21,0.02,0.23
..\data\indiv_files\AIP_A_EN_corrected\758.txt,1,30,6,17,6,39,8,22,8,0.56,0.36,0.20,0.25,0.25,0.35,30,30,30,30,0.77,0.77,3.40,4.80,0.93,22.22,0.77,1.00,4.00,1.41,0.18,0.64,0.27,0.00,0.27
..\data\indiv_files\AIP_A_EN_corrected\759.txt,1,123,25,80,25,254,34,129,34,0.51,0.26,0.20,0.10,0.29,0.38,123,38,38.40,38.60,0.48,0.78,5.46,7.72,0.87,18.36,0.62,0.65,12.90,2.54,0.16,0.53,0.18,0.04,0.22
..\data\indiv_files\AIP_A_EN_corrected\760.txt,1,68,10,38,10,150,15,70,15,0.47,0.21,0.15,0.11,0.22,0.33,68,34,36.10,34.90,0.45,0.69,3.93,5.55,0.84,13.78,0.54,0.56,5.56,1.67,0.14,0.50,0.14,0.01,0.16
..\data\indiv_files\AIP_A_EN_corrected\761.txt,1,83,12,50,11,203,20,88,18,0.43,0.20,0.14,0.12,0.36,0.42,83,33,34.40,33.90,0.41,0.67,4.12,5.83,0.83,13.71,0.57,0.60,9.00,2.12,0.17,0.44,0.22,0.02,0.24
..\data\indiv_files\AIP_A_EN_corrected\762.txt,1,105,17,67,15,191,19,94,17,0.49,0.18,0.16,0.12,0.35,0.42,105,40,39.00,40.20,0.55,0.82,5.37,7.60,0.89,20.02,0.71,0.77,15.38,2.77,0.21,0.62,0.16,0.04,0.20
..\data\indiv_files\AIP_A_EN_corrected\763.txt,1,65,10,42,10,91,12,55,12,0.60,0.22,0.15,0.08,0.08,0.20,65,43,41.10,40.90,0.71,0.86,4.82,6.81,0.93,26.26,0.76,0.75,6.75,1.84,0.16,0.71,0.18,0.05,0.24
..\data\indiv_files\AIP_A_EN_corrected\764.txt,1,43,7,21,7,68,8,33,8,0.49,0.24,0.16,0.20,0.40,0.45,43,37,34.60,36.20,0.63,0.74,3.69,5.21,0.89,16.87,0.64,0.70,4.90,1.57,0.21,0.62,0.21,0.00,0.21
..\data\indiv_files\AIP_A_EN_corrected\765.txt,0,0,0,0,0,0,0,0,0,0,0,0,0,0,0,0,0,0,0,0,0,0,0,0,0,0,0,0,0,0,0,0,0,0
..\data\indiv_files\AIP_A_EN_corrected\766.txt,1,64,14,38,12,114,15,55,13,0.48,0.24,0.22,0.24,0.94,0.69,64,36,35.40,38.20,0.56,0.74,4.24,5.99,0.88,16.87,0.69,0.82,11.53,2.40,0.25,0.57,0.13,0.02,0.15
..\data\indiv_files\AIP_A_EN_corrected\767.txt,1,42,4,20,4,85,7,38,7,0.45,0.18,0.10,0.00,0.00,0.00,42,30,31.10,28.40,0.49,0.60,3.22,4.56,0.84,12.16,0.53,0.43,1.29,0.80,0.08,0.44,0.16,0.08,0.24
..\data\indiv_files\AIP_A_EN_corrected\769.txt,1,58,11,37,11,104,15,58,15,0.56,0.26,0.19,0.00,0.00,0.00,58,33,33.90,35.10,0.56,0.70,4.02,5.69,0.87,16.04,0.64,0.73,5.82,1.71,0.14,0.64,0.17,0.05,0.22
..\data\indiv_files\AIP_A_EN_corrected\770.txt,1,72,14,45,13,137,21,72,20,0.53,0.28,0.19,0.20,0.60,0.55,72,38,36.40,37.70,0.53,0.77,4.35,6.15,0.87,16.34,0.62,0.67,6.67,1.83,0.14,0.58,0.22,0.00,0.22
..\data\indiv_files\AIP_A_EN_corrected\771.txt,1,46,9,28,9,98,13,51,13,0.52,0.25,0.20,0.08,0.08,0.20,46,34,32.40,29.40,0.47,0.68,3.29,4.65,0.84,12.07,0.55,0.62,4.92,1.57,0.16,0.44,0.18,0.00,0.18
..\data\indiv_files\AIP_A_EN_corrected\772.txt,1,44,8,28,8,63,9,36,9,0.57,0.25,0.18,0.22,0.44,0.47,44,37,37.70,35.70,0.70,0.74,3.92,5.54,0.91,20.77,0.78,0.89,7.11,1.89,0.22,0.73,0.28,0.00,0.28
..\data\indiv_files\AIP_A_EN_corrected\773.txt,1,51,5,30,5,88,6,40,6,0.45,0.15,0.10,0.00,0.00,0.00,51,35,35.30,35.70,0.58,0.70,3.84,5.44,0.88,15.96,0.75,0.69,6.23,1.77,0.23,0.71,0.23,0.03,0.25
..\data\indiv_files\AIP_A_EN_corrected\775.txt,1,86,17,51,15,204,23,103,20,0.50,0.19,0.20,0.06,0.12,0.24,86,27,35.70,35.90,0.42,0.67,4.26,6.02,0.84,14.22,0.50,0.44,6.62,1.82,0.15,0.47,0.12,0.04,0.16
..\data\indiv_files\AIP_A_EN_corrected\776.txt,1,70,15,43,15,140,21,69,20,0.49,0.29,0.21,0.21,0.64,0.57,70,33,33.90,34.90,0.50,0.69,4.18,5.92,0.86,15.30,0.62,0.71,7.14,1.89,0.14,0.56,0.22,0.03,0.25
..\data\indiv_files\AIP_A_EN_corrected\777.txt,1,101,20,65,20,192,29,96,29,0.50,0.30,0.20,0.11,0.22,0.33,101,34,37.90,38.80,0.53,0.75,5.15,7.29,0.88,18.69,0.68,0.89,14.22,2.67,0.17,0.65,0.15,0.05,0.20
..\data\indiv_files\AIP_A_EN_corrected\778.txt,1,86,15,52,14,199,23,100,22,0.50,0.22,0.17,0.19,0.76,0.62,86,32,34.50,35.00,0.43,0.69,4.31,6.10,0.84,14.50,0.52,0.71,10.71,2.31,0.15,0.49,0.11,0.03,0.14
..\data\indiv_files\AIP_A_EN_corrected\779.txt,1,89,15,57,14,170,23,86,22,0.51,0.26,0.17,0.11,0.22,0.33,89,30,36.00,35.40,0.52,0.71,4.83,6.83,0.87,17.70,0.66,0.89,14.22,2.67,0.19,0.56,0.14,0.03,0.17
..\data\indiv_files\AIP_A_EN_corrected\780.txt,1,95,15,57,14,175,27,82,26,0.47,0.32,0.16,0.11,0.21,0.32,95,36,38.00,41.70,0.54,0.83,5.08,7.18,0.88,18.96,0.70,0.89,15.21,2.76,0.21,0.65,0.20,0.04,0.23
..\data\indiv_files\AIP_A_EN_corrected\782.txt,1,19,2,10,2,24,2,12,2,0.50,0.17,0.11,0.00,0.00,0.00,19,19,19,19,0.79,0.79,2.74,3.88,0.93,18.78,0.83,1.00,2.00,1.00,0.17,0.75,0.17,0.00,0.17
..\data\indiv_files\AIP_A_EN_corrected\784.txt,1,47,7,25,6,86,9,43,8,0.50,0.19,0.15,0.00,0.00,0.00,47,33,33.80,34.50,0.55,0.66,3.58,5.07,0.86,14.26,0.58,0.50,3.00,1.22,0.14,0.63,0.14,0.07,0.21
..\data\indiv_files\AIP_A_EN_corrected\785.txt,1,79,9,46,9,166,17,73,17,0.44,0.23,0.11,0.10,0.20,0.32,79,36,33.50,37.90,0.48,0.75,4.34,6.13,0.85,15.28,0.63,0.80,12.80,2.53,0.22,0.47,0.21,0.01,0.22
..\data\indiv_files\AIP_A_EN_corrected\786.txt,1,76,19,46,18,122,21,58,20,0.48,0.34,0.25,0.11,0.11,0.24,76,43,37.90,39.20,0.62,0.80,4.87,6.88,0.90,21.18,0.79,1.00,9.00,2.12,0.16,0.72,0.26,0.02,0.28
..\data\indiv_files\AIP_A_EN_corrected\787.txt,1,36,3,18,3,65,3,30,3,0.46,0.10,0.08,0.00,0.00,0.00,36,31,31.60,29.30,0.55,0.62,3.16,4.47,0.86,12.81,0.60,0.57,2.29,1.07,0.13,0.58,0.20,0.03,0.23
..\data\indiv_files\AIP_A_EN_corrected\788.txt,1,32,1,15,1,50,1,23,1,0.46,0.04,0.03,0.00,0.00,0.00,32,32,32.00,32.00,0.64,0.64,3.20,4.53,0.89,14.89,0.65,0.75,2.25,1.06,0.13,0.46,0.22,0.04,0.26
..\data\indiv_files\AIP_A_EN_corrected\789.txt,1,125,21,81,18,275,30,133,27,0.48,0.20,0.17,0.11,0.33,0.41,125,34,37.80,37.90,0.45,0.76,5.33,7.54,0.86,17.38,0.61,0.89,21.33,3.27,0.18,0.53,0.12,0.02,0.14
..\data\indiv_files\AIP_A_EN_corrected\790.txt,1,81,13,50,10,162,19,80,15,0.49,0.19,0.16,0.17,0.50,0.50,81,34,37.70,37.00,0.50,0.74,4.50,6.36,0.86,16.22,0.62,0.67,8.00,2.00,0.15,0.58,0.17,0.05,0.23
..\data\indiv_files\AIP_A_EN_corrected\791.txt,1,71,7,43,7,162,15,82,15,0.51,0.18,0.10,0.12,0.36,0.42,71,27,33.80,36.70,0.44,0.65,3.94,5.58,0.84,13.63,0.52,0.60,9.00,2.12,0.18,0.45,0.11,0.02,0.13
..\data\indiv_files\AIP_A_EN_corrected\792.txt,1,74,9,46,8,151,10,73,9,0.48,0.12,0.12,0.15,0.31,0.39,74,30,35.00,36.20,0.49,0.67,4.26,6.02,0.86,15.33,0.63,0.69,6.23,1.77,0.12,0.46,0.22,0.05,0.27
..\data\indiv_files\AIP_A_EN_corrected\794.txt,1,88,24,54,23,163,28,82,27,0.50,0.33,0.27,0.13,0.27,0.37,88,38,36.70,40.50,0.54,0.74,4.87,6.89,0.88,18.28,0.66,0.67,6.67,1.83,0.12,0.63,0.11,0.05,0.16
..\data\indiv_files\AIP_A_EN_corrected\795.txt,1,110,19,69,18,219,22,100,21,0.46,0.21,0.17,0.04,0.04,0.15,110,35,38.50,38.80,0.50,0.76,5.26,7.43,0.87,18.32,0.69,0.70,11.13,2.36,0.16,0.62,0.17,0.03,0.20
..\data\indiv_files\AIP_A_EN_corrected\796.txt,1,39,6,22,6,83,9,42,9,0.51,0.21,0.15,0.17,0.33,0.41,39,28,30.20,27.10,0.47,0.56,3.03,4.28,0.83,11.23,0.52,0.58,4.08,1.43,0.17,0.40,0.14,0.02,0.17
..\data\indiv_files\AIP_A_EN_corrected\797.txt,1,146,36,101,35,284,48,149,46,0.52,0.31,0.25,0.17,1.23,0.78,146,33,41.40,39.20,0.51,0.77,6.13,8.66,0.88,20.83,0.68,0.80,25.60,3.58,0.21,0.56,0.16,0.04,0.20
..\data\indiv_files\AIP_A_EN_corrected\798.txt,1,100,20,61,17,192,23,94,20,0.49,0.21,0.20,0.20,1.00,0.71,100,33,36.10,39.40,0.52,0.73,5.10,7.22,0.88,18.40,0.65,0.80,16.00,2.83,0.21,0.48,0.16,0.03,0.19
..\data\indiv_files\AIP_A_EN_corrected\799.txt,1,41,3,21,3,74,5,37,5,0.50,0.14,0.07,0.00,0.00,0.00,41,31,32.30,33.50,0.55,0.62,3.37,4.77,0.86,13.62,0.57,0.56,2.78,1.18,0.14,0.41,0.19,0.08,0.27
..\data\indiv_files\AIP_A_EN_corrected\800.txt,1,49,9,27,8,99,14,50,11,0.51,0.22,0.18,0.11,0.21,0.32,49,32,33.60,30.50,0.49,0.64,3.48,4.92,0.85,13.04,0.54,0.58,6.37,1.78,0.22,0.43,0.12,0.02,0.14
..\data\indiv_files\AIP_A_EN_corrected\801.txt,1,76,15,44,13,147,21,72,19,0.49,0.26,0.20,0.14,0.43,0.46,76,34,36.50,36.40,0.52,0.72,4.43,6.27,0.87,16.40,0.61,0.71,10.71,2.31,0.21,0.56,0.17,0.00,0.17
..\data\indiv_files\AIP_A_EN_corrected\802.txt,1,119,19,84,19,213,24,109,24,0.51,0.22,0.16,0.22,1.09,0.74,119,39,39.60,41.10,0.56,0.82,5.77,8.15,0.89,21.44,0.77,1.00,23.00,3.39,0.21,0.68,0.18,0.06,0.24
..\data\indiv_files\AIP_A_EN_corrected\803.txt,0,0,0,0,0,0,0,0,0,0,0,0,0,0,0,0,0,0,0,0,0,0,0,0,0,0,0,0,0,0,0,0,0,0
..\data\indiv_files\AIP_A_EN_corrected\804.txt,1,59,13,37,12,127,16,58,15,0.46,0.26,0.22,0.20,0.40,0.45,59,35,31.60,29.90,0.46,0.64,3.70,5.24,0.84,13.29,0.64,0.80,6.40,1.79,0.14,0.53,0.24,0.00,0.24
..\data\indiv_files\AIP_A_EN_corrected\805.txt,0,0,0,0,0,0,0,0,0,0,0,0,0,0,0,0,0,0,0,0,0,0,0,0,0,0,0,0,0,0,0,0,0,0
..\data\indiv_files\AIP_A_EN_corrected\806.txt,1,34,5,17,5,44,5,22,5,0.50,0.23,0.15,0.14,0.14,0.27,34,34,34,34,0.77,0.77,3.62,5.13,0.93,24.12,0.77,0.86,5.14,1.60,0.27,0.60,0.23,0.00,0.23
..\data\indiv_files\AIP_A_EN_corrected\807.txt,1,33,4,16,3,49,4,24,3,0.49,0.12,0.12,0.25,0.50,0.50,33,33,33,33,0.67,0.67,3.33,4.71,0.90,16.64,0.67,0.62,3.12,1.25,0.21,0.50,0.25,0.00,0.25
..\data\indiv_files\AIP_A_EN_corrected\808.txt,1,70,6,39,6,226,7,80,7,0.35,0.09,0.09,0.07,0.14,0.26,70,34,31.50,32.40,0.31,0.68,3.29,4.66,0.78,10.89,0.49,0.41,4.97,1.58,0.15,0.44,0.12,0.04,0.16
..\data\indiv_files\AIP_A_EN_corrected\809.txt,1,49,7,31,7,96,9,48,9,0.50,0.19,0.14,0.38,1.12,0.75,49,33,31.30,31.70,0.51,0.66,3.54,5.00,0.85,13.45,0.65,1.00,8.00,2.00,0.17,0.54,0.19,0.00,0.19
..\data\indiv_files\AIP_A_EN_corrected\810.txt,1,51,13,30,12,69,14,36,13,0.52,0.36,0.25,0.10,0.10,0.22,51,37,39.50,39.50,0.74,0.74,4.34,6.14,0.93,25.76,0.83,0.90,8.10,2.01,0.25,0.78,0.19,0.00,0.19
..\data\indiv_files\AIP_A_EN_corrected\811.txt,1,60,12,37,11,106,13,52,12,0.49,0.23,0.20,0.38,1.92,0.98,60,28,34.10,34.30,0.57,0.68,4.12,5.83,0.88,16.60,0.71,0.85,9.31,2.16,0.21,0.60,0.12,0.06,0.17
..\data\indiv_files\AIP_A_EN_corrected\812.txt,1,82,13,50,13,190,21,89,21,0.47,0.24,0.16,0.12,0.48,0.49,82,33,33.70,35.20,0.43,0.67,4.21,5.95,0.84,14.23,0.56,0.55,9.82,2.22,0.20,0.53,0.12,0.03,0.16
..\data\indiv_files\AIP_A_EN_corrected\813.txt,1,89,12,55,12,177,14,93,14,0.53,0.15,0.13,0.00,0.00,0.00,89,35,38.30,38.80,0.50,0.75,4.73,6.69,0.87,16.92,0.59,0.58,6.37,1.78,0.12,0.54,0.15,0.02,0.17
..\data\indiv_files\AIP_A_EN_corrected\814.txt,1,79,9,43,8,150,12,69,11,0.46,0.16,0.11,0.12,0.25,0.35,79,33,36.50,37.00,0.53,0.74,4.56,6.45,0.87,17.01,0.62,0.56,5.06,1.59,0.13,0.58,0.22,0.03,0.25
..\data\indiv_files\AIP_A_EN_corrected\815.txt,1,70,11,40,11,148,17,67,17,0.45,0.25,0.16,0.17,0.50,0.50,70,35,35.80,36.70,0.47,0.73,4.07,5.75,0.85,14.49,0.60,0.78,10.89,2.33,0.21,0.57,0.13,0.03,0.16
..\data\indiv_files\AIP_A_EN_corrected\816.txt,1,62,12,39,12,111,17,58,17,0.52,0.29,0.19,0.08,0.08,0.20,62,37,37.10,37.80,0.56,0.73,4.16,5.88,0.88,16.54,0.67,0.67,5.33,1.63,0.14,0.75,0.21,0.00,0.21
..\data\indiv_files\AIP_A_EN_corrected\817.txt,1,31,5,17,5,40,5,20,5,0.50,0.25,0.16,0.40,0.80,0.63,31,31,31,31,0.78,0.78,3.47,4.90,0.93,23.19,0.85,1.00,5.00,1.58,0.25,0.70,0.20,0.05,0.25
..\data\indiv_files\AIP_A_EN_corrected\818.txt,1,41,5,23,5,65,5,33,5,0.51,0.15,0.12,0.00,0.00,0.00,41,30,33.60,32.10,0.63,0.60,3.60,5.09,0.89,16.42,0.70,0.60,3.60,1.34,0.18,0.65,0.12,0.06,0.18
..\data\indiv_files\AIP_A_EN_corrected\819.txt,1,56,9,35,7,112,12,62,10,0.55,0.16,0.16,0.06,0.06,0.18,56,38,33.10,33.00,0.50,0.69,3.74,5.29,0.85,13.95,0.56,0.56,5.06,1.59,0.15,0.42,0.19,0.05,0.24
..\data\indiv_files\AIP_A_EN_corrected\820.txt,1,107,11,67,9,234,15,119,13,0.51,0.11,0.10,0.10,0.31,0.39,107,35,38.90,39.00,0.46,0.76,4.95,6.99,0.86,16.52,0.56,0.62,11.17,2.36,0.15,0.56,0.14,0.02,0.16
..\data\indiv_files\AIP_A_EN_corrected\821.txt,1,42,6,23,5,70,7,32,6,0.46,0.19,0.14,0.15,0.31,0.39,42,30,33.40,33.50,0.60,0.60,3.55,5.02,0.88,15.35,0.72,0.69,6.23,1.77,0.28,0.62,0.16,0.03,0.19
..\data\indiv_files\AIP_A_EN_corrected\822.txt,0,0,0,0,0,0,0,0,0,0,0,0,0,0,0,0,0,0,0,0,0,0,0,0,0,0,0,0,0,0,0,0,0,0
..\data\indiv_files\AIP_A_EN_corrected\823.txt,1,37,3,19,3,51,3,23,3,0.45,0.13,0.08,0.00,0.00,0.00,37,37,36.70,37.00,0.73,0.74,3.66,5.18,0.92,20.92,0.83,0.86,5.14,1.60,0.26,0.75,0.13,0.04,0.17
..\data\indiv_files\AIP_A_EN_corrected\824.txt,1,62,15,41,13,102,17,57,15,0.56,0.26,0.24,0.17,0.50,0.50,62,35,38.00,35.90,0.61,0.76,4.34,6.14,0.89,18.66,0.72,0.89,14.22,2.67,0.28,0.58,0.19,0.00,0.19
..\data\indiv_files\AIP_A_EN_corrected\825.txt,0,0,0,0,0,0,0,0,0,0,0,0,0,0,0,0,0,0,0,0,0,0,0,0,0,0,0,0,0,0,0,0,0,0
..\data\indiv_files\AIP_A_EN_corrected\826.txt,1,69,11,46,9,162,15,87,13,0.54,0.15,0.16,0.12,0.24,0.34,69,34,35.30,34.10,0.43,0.69,3.83,5.42,0.83,13.17,0.53,0.71,8.47,2.06,0.14,0.51,0.17,0.02,0.20
..\data\indiv_files\AIP_A_EN_corrected\827.txt,1,75,13,43,11,138,13,66,11,0.48,0.17,0.17,0.17,0.50,0.50,75,35,38.40,37.20,0.54,0.77,4.51,6.38,0.88,17.29,0.65,0.56,5.56,1.67,0.15,0.59,0.20,0.02,0.21
..\data\indiv_files\AIP_A_EN_corrected\829.txt,1,56,10,31,10,98,14,44,14,0.45,0.32,0.18,0.14,0.14,0.27,56,37,35.90,39.10,0.57,0.74,4.00,5.66,0.88,16.31,0.70,0.86,5.14,1.60,0.14,0.65,0.18,0.05,0.23
..\data\indiv_files\AIP_A_EN_corrected\830.txt,1,60,8,33,6,109,11,55,9,0.50,0.16,0.13,0.00,0.00,0.00,60,34,34.50,32.40,0.55,0.67,4.06,5.75,0.87,16.01,0.60,0.67,5.33,1.63,0.15,0.59,0.16,0.02,0.18
..\data\indiv_files\AIP_A_EN_corrected\831.txt,1,65,15,39,14,105,18,50,16,0.48,0.32,0.23,0.21,0.64,0.57,65,35,38.10,38.90,0.62,0.75,4.49,6.34,0.90,19.61,0.78,0.71,7.14,1.89,0.20,0.75,0.20,0.02,0.22
..\data\indiv_files\AIP_A_EN_corrected\832.txt,0,0,0,0,0,0,0,0,0,0,0,0,0,0,0,0,0,0,0,0,0,0,0,0,0,0,0,0,0,0,0,0,0,0
..\data\indiv_files\AIP_A_EN_corrected\833.txt,1,96,16,57,16,185,21,85,21,0.46,0.25,0.17,0.17,0.70,0.59,96,33,38.10,35.70,0.52,0.74,4.99,7.06,0.87,18.04,0.67,0.74,12.57,2.51,0.20,0.63,0.14,0.04,0.18
..\data\indiv_files\AIP_A_EN_corrected\834.txt,1,34,7,21,7,70,8,38,8,0.54,0.21,0.21,0.14,0.29,0.38,34,25,28.20,25.90,0.49,0.50,2.87,4.06,0.83,10.86,0.55,0.64,5.79,1.70,0.24,0.47,0.11,0.00,0.11
..\data\indiv_files\AIP_A_EN_corrected\835.txt,1,54,8,32,8,93,8,40,8,0.43,0.20,0.15,0.00,0.00,0.00,54,36,34.80,34.70,0.58,0.72,3.96,5.60,0.88,16.41,0.80,1.00,9.00,2.12,0.23,0.67,0.17,0.05,0.23
..\data\indiv_files\AIP_A_EN_corrected\836.txt,1,74,12,45,11,135,14,63,13,0.47,0.21,0.16,0.07,0.07,0.18,74,37,39.30,38.80,0.55,0.76,4.50,6.37,0.88,17.38,0.71,0.73,8.07,2.01,0.17,0.61,0.17,0.08,0.25
..\data\indiv_files\AIP_A_EN_corrected\837.txt,1,54,8,33,8,100,11,54,11,0.54,0.20,0.15,0.08,0.08,0.20,54,35,36.80,34.30,0.54,0.71,3.82,5.40,0.87,14.95,0.61,0.75,6.75,1.84,0.17,0.57,0.15,0.04,0.19
..\data\indiv_files\AIP_A_EN_corrected\838.txt,1,46,6,27,6,75,6,34,6,0.45,0.18,0.13,0.08,0.08,0.20,46,37,34.00,35.00,0.61,0.74,3.76,5.31,0.89,16.56,0.79,0.83,8.33,2.04,0.29,0.75,0.24,0.00,0.24
..\data\indiv_files\AIP_A_EN_corrected\839.txt,1,83,16,44,14,161,20,74,17,0.46,0.23,0.19,0.12,0.38,0.43,83,39,38.60,39.10,0.52,0.77,4.63,6.54,0.87,16.92,0.59,0.54,7.04,1.88,0.18,0.60,0.11,0.03,0.14
..\data\indiv_files\AIP_A_EN_corrected\840.txt,1,31,4,15,4,39,4,17,4,0.44,0.24,0.13,0.00,0.00,0.00,31,31,31,31,0.79,0.79,3.51,4.96,0.94,25.39,0.88,0.75,2.25,1.06,0.18,0.90,0.18,0.00,0.18
..\data\indiv_files\AIP_A_EN_corrected\841.txt,1,85,16,53,15,164,20,71,19,0.43,0.27,0.19,0.12,0.24,0.34,85,34,36.90,38.10,0.52,0.75,4.69,6.64,0.87,17.19,0.75,0.82,11.53,2.40,0.20,0.65,0.20,0.04,0.24
..\data\indiv_files\AIP_A_EN_corrected\842.txt,1,64,9,38,9,112,15,61,15,0.54,0.25,0.14,0.07,0.07,0.19,64,33,35.10,37.80,0.57,0.74,4.28,6.05,0.88,17.28,0.62,0.64,5.79,1.70,0.15,0.59,0.16,0.05,0.21
..\data\indiv_files\AIP_A_EN_corrected\843.txt,1,7,1,4,1,7,1,4,1,0.57,0.25,0.14,0.00,0.00,0.00,7,7,7,7,1.00,1.00,1.87,2.65,1.00,NaN,1.00,1.00,1.00,0.71,0.25,1.00,0.25,0.00,0.25
..\data\indiv_files\AIP_A_EN_corrected\844.txt,1,23,4,12,4,35,5,17,5,0.49,0.29,0.17,0.17,0.17,0.29,23,23,23,23,0.66,0.66,2.75,3.89,0.88,13.08,0.71,0.83,4.17,1.44,0.29,0.71,0.12,0.00,0.12
..\data\indiv_files\AIP_A_EN_corrected\845.txt,1,48,11,28,10,73,12,36,11,0.49,0.31,0.23,0.14,0.14,0.27,48,32,35.40,35.40,0.66,0.64,3.97,5.62,0.90,19.07,0.78,0.86,5.14,1.60,0.17,0.67,0.28,0.00,0.28
..\data\indiv_files\AIP_A_EN_corrected\846.txt,1,75,15,46,14,135,22,63,21,0.47,0.33,0.20,0.00,0.00,0.00,75,34,37.00,37.10,0.56,0.69,4.56,6.45,0.88,17.78,0.73,0.71,7.14,1.89,0.16,0.74,0.16,0.03,0.19
..\data\indiv_files\AIP_A_EN_corrected\847.txt,1,109,12,65,12,254,16,107,16,0.42,0.15,0.11,0.00,0.00,0.00,109,34,37.00,37.70,0.43,0.74,4.84,6.84,0.85,15.74,0.61,0.71,12.04,2.45,0.16,0.53,0.17,0.04,0.21
..\data\indiv_files\AIP_A_EN_corrected\848.txt,1,49,9,30,8,97,11,51,9,0.53,0.18,0.18,0.08,0.08,0.20,49,33,33.40,34.20,0.51,0.66,3.52,4.98,0.85,13.31,0.59,0.75,6.75,1.84,0.18,0.50,0.18,0.02,0.20
..\data\indiv_files\AIP_A_EN_corrected\849.txt,1,65,7,43,7,121,9,64,9,0.53,0.14,0.11,0.12,0.25,0.35,65,34,36.80,36.80,0.54,0.75,4.18,5.91,0.87,16.07,0.67,0.75,9.00,2.12,0.19,0.66,0.17,0.05,0.22
..\data\indiv_files\AIP_A_EN_corrected\850.txt,1,79,10,45,8,175,11,81,9,0.46,0.11,0.13,0.04,0.04,0.14,79,36,36.90,35.20,0.45,0.71,4.22,5.97,0.85,14.57,0.56,0.54,7.04,1.88,0.16,0.58,0.12,0.02,0.15
..\data\indiv_files\AIP_A_EN_corrected\851.txt,1,42,9,26,9,84,12,46,12,0.55,0.26,0.21,0.20,0.40,0.45,42,32,31.70,32.10,0.50,0.64,3.24,4.58,0.84,12.30,0.57,0.60,3.60,1.34,0.13,0.54,0.13,0.00,0.13
..\data\indiv_files\AIP_A_EN_corrected\853.txt,1,27,5,17,5,58,7,31,7,0.53,0.23,0.19,0.29,0.57,0.53,27,27,25.80,25.30,0.47,0.54,2.51,3.55,0.81,9.36,0.55,0.71,3.57,1.34,0.16,0.45,0.10,0.03,0.13
..\data\indiv_files\AIP_A_EN_corrected\854.txt,1,50,10,30,10,96,12,50,12,0.52,0.24,0.20,0.06,0.06,0.18,50,28,32.60,32.50,0.52,0.56,3.61,5.10,0.86,13.87,0.60,0.62,6.25,1.77,0.20,0.60,0.10,0.08,0.18
..\data\indiv_files\AIP_A_EN_corrected\855.txt,0,0,0,0,0,0,0,0,0,0,0,0,0,0,0,0,0,0,0,0,0,0,0,0,0,0,0,0,0,0,0,0,0,0
..\data\indiv_files\AIP_A_EN_corrected\856.txt,1,80,12,47,11,163,16,75,15,0.46,0.20,0.15,0.10,0.20,0.32,80,36,36.00,37.40,0.49,0.79,4.43,6.27,0.86,15.83,0.63,0.65,8.45,2.06,0.17,0.57,0.17,0.03,0.20
..\data\indiv_files\AIP_A_EN_corrected\857.txt,1,86,16,55,16,146,17,72,17,0.49,0.24,0.19,0.12,0.24,0.34,86,31,38.20,41.30,0.59,0.75,5.03,7.12,0.89,20.38,0.76,0.82,11.53,2.40,0.19,0.66,0.25,0.01,0.26
..\data\indiv_files\AIP_A_EN_corrected\858.txt,1,82,13,52,12,178,17,91,16,0.51,0.18,0.16,0.04,0.04,0.14,82,36,37.30,38.70,0.46,0.78,4.35,6.15,0.85,15.05,0.57,0.42,4.65,1.53,0.12,0.55,0.16,0.04,0.21
..\data\indiv_files\AIP_A_EN_corrected\859.txt,1,27,3,12,3,38,4,17,4,0.45,0.24,0.11,0.17,0.17,0.29,27,27,27,27,0.71,0.71,3.10,4.38,0.91,16.82,0.71,0.67,2.67,1.15,0.24,0.67,0.12,0.00,0.12
..\data\indiv_files\AIP_A_EN_corrected\860.txt,1,33,3,18,3,80,4,36,4,0.45,0.11,0.09,0.00,0.00,0.00,33,23,25.90,23.30,0.41,0.46,2.61,3.69,0.80,9.42,0.50,0.43,2.57,1.13,0.17,0.50,0.14,0.00,0.14
..\data\indiv_files\AIP_A_EN_corrected\861.txt,1,81,11,49,10,144,13,72,12,0.50,0.17,0.14,0.00,0.00,0.00,81,39,38.70,38.90,0.56,0.78,4.77,6.75,0.88,18.64,0.68,0.53,4.76,1.54,0.12,0.70,0.15,0.04,0.19
..\data\indiv_files\AIP_A_EN_corrected\862.txt,1,106,15,62,13,220,27,110,25,0.50,0.23,0.14,0.08,0.16,0.28,106,40,37.60,40.40,0.48,0.81,5.05,7.15,0.86,17.30,0.56,0.68,11.56,2.40,0.15,0.47,0.15,0.04,0.19
..\data\indiv_files\AIP_A_EN_corrected\863.txt,1,83,12,56,12,160,21,84,21,0.53,0.25,0.14,0.09,0.18,0.30,83,37,35.60,38.20,0.52,0.77,4.64,6.56,0.87,17.04,0.67,0.86,16.41,2.86,0.23,0.61,0.18,0.01,0.19
..\data\indiv_files\AIP_A_EN_corrected\864.txt,1,61,10,38,10,112,10,49,10,0.44,0.20,0.16,0.07,0.07,0.18,61,32,34.50,34.60,0.54,0.67,4.08,5.76,0.87,15.91,0.78,0.87,11.27,2.37,0.27,0.63,0.22,0.06,0.29
..\data\indiv_files\AIP_A_EN_corrected\865.txt,0,0,0,0,0,0,0,0,0,0,0,0,0,0,0,0,0,0,0,0,0,0,0,0,0,0,0,0,0,0,0,0,0,0
..\data\indiv_files\AIP_A_EN_corrected\866.txt,0,0,0,0,0,0,0,0,0,0,0,0,0,0,0,0,0,0,0,0,0,0,0,0,0,0,0,0,0,0,0,0,0,0
..\data\indiv_files\AIP_A_EN_corrected\867.txt,1,106,13,56,12,224,16,98,15,0.44,0.15,0.12,0.11,0.21,0.32,106,37,38.10,39.00,0.47,0.76,5.01,7.08,0.86,17.00,0.57,0.74,10.32,2.27,0.14,0.47,0.18,0.03,0.21
..\data\indiv_files\AIP_A_EN_corrected\868.txt,1,73,8,43,8,114,10,58,10,0.51,0.17,0.11,0.06,0.06,0.18,73,39,39.70,42.60,0.64,0.82,4.83,6.84,0.91,21.86,0.74,0.81,10.56,2.30,0.22,0.73,0.12,0.09,0.21
..\data\indiv_files\AIP_A_EN_corrected\869.txt,1,89,13,57,12,199,14,89,13,0.45,0.15,0.15,0.21,0.84,0.65,89,36,38.00,37.90,0.45,0.76,4.46,6.31,0.85,15.12,0.64,0.89,15.21,2.76,0.19,0.51,0.16,0.02,0.18
..\data\indiv_files\AIP_A_EN_corrected\871.txt,1,57,8,34,8,97,10,42,10,0.43,0.24,0.14,0.08,0.08,0.20,57,36,36.30,37.30,0.59,0.72,4.09,5.79,0.88,17.10,0.81,0.85,9.31,2.16,0.26,0.74,0.21,0.00,0.21
..\data\indiv_files\AIP_A_EN_corrected\872.txt,1,64,4,43,4,90,5,56,5,0.62,0.09,0.06,0.00,0.00,0.00,64,37,40.00,40.30,0.71,0.74,4.77,6.75,0.92,25.79,0.77,0.89,7.11,1.89,0.14,0.73,0.23,0.09,0.32
..\data\indiv_files\AIP_A_EN_corrected\873.txt,1,17,1,8,1,23,1,10,1,0.43,0.10,0.06,0.00,0.00,0.00,17,17,17,17,0.74,0.74,2.51,3.54,0.90,14.12,0.80,0.67,1.33,0.82,0.20,1.00,0.10,0.00,0.10
..\data\indiv_files\AIP_A_EN_corrected\874.txt,1,79,22,53,22,148,32,81,31,0.55,0.38,0.28,0.12,0.24,0.34,79,39,38.40,38.10,0.53,0.79,4.59,6.49,0.87,17.28,0.65,0.76,9.94,2.23,0.16,0.63,0.20,0.01,0.21
..\data\indiv_files\AIP_A_EN_corrected\875.txt,1,99,14,59,12,182,17,81,15,0.45,0.19,0.14,0.08,0.17,0.29,99,42,38.80,38.90,0.54,0.81,5.19,7.34,0.88,19.32,0.73,0.83,16.67,2.89,0.25,0.62,0.20,0.02,0.22
..\data\indiv_files\AIP_A_EN_corrected\878.txt,1,79,13,48,10,197,21,96,16,0.49,0.17,0.16,0.05,0.05,0.15,79,37,35.50,35.80,0.40,0.73,3.98,5.63,0.83,13.27,0.50,0.59,7.68,1.96,0.14,0.44,0.15,0.02,0.17
..\data\indiv_files\AIP_A_EN_corrected\879.txt,1,62,9,36,8,92,10,49,9,0.53,0.18,0.15,0.09,0.09,0.21,62,35,39.20,38.70,0.67,0.70,4.57,6.46,0.91,22.50,0.73,0.73,5.82,1.71,0.16,0.68,0.20,0.04,0.24
..\data\indiv_files\AIP_A_EN_corrected\880.txt,1,114,20,76,20,222,25,112,25,0.50,0.22,0.18,0.08,0.16,0.28,114,39,37.60,38.70,0.51,0.78,5.41,7.65,0.88,19.02,0.68,0.60,9.00,2.12,0.13,0.72,0.15,0.06,0.21
..\data\indiv_files\AIP_A_EN_corrected\881.txt,1,164,37,114,35,378,55,189,53,0.50,0.28,0.23,0.13,0.80,0.63,164,37,40.20,37.10,0.43,0.75,5.96,8.44,0.86,18.32,0.60,0.64,18.69,3.06,0.15,0.59,0.16,0.04,0.20
..\data\indiv_files\AIP_A_EN_corrected\882.txt,1,30,5,16,5,57,7,29,7,0.51,0.24,0.17,0.12,0.12,0.25,30,25,27.80,25.90,0.53,0.50,2.81,3.97,0.84,11.06,0.55,0.75,4.50,1.50,0.21,0.38,0.17,0.00,0.17
..\data\indiv_files\AIP_A_EN_corrected\883.txt,1,81,15,48,13,133,19,59,17,0.44,0.29,0.19,0.18,0.36,0.43,81,42,39.40,40.20,0.61,0.79,4.97,7.02,0.90,20.94,0.81,0.91,9.09,2.13,0.17,0.72,0.19,0.07,0.25
..\data\indiv_files\AIP_A_EN_corrected\884.txt,1,111,31,74,29,242,43,118,39,0.49,0.33,0.28,0.25,1.50,0.87,111,36,37.50,35.60,0.46,0.71,5.05,7.14,0.86,16.79,0.63,0.58,8.17,2.02,0.12,0.57,0.22,0.03,0.25
..\data\indiv_files\AIP_A_EN_corrected\885.txt,1,99,11,58,9,226,15,116,13,0.51,0.11,0.11,0.09,0.37,0.43,99,36,37.50,37.50,0.44,0.75,4.66,6.59,0.85,15.46,0.50,0.56,13.40,2.59,0.21,0.47,0.09,0.03,0.11
..\data\indiv_files\AIP_A_EN_corrected\886.txt,1,70,12,38,10,146,12,64,10,0.44,0.16,0.17,0.05,0.05,0.15,70,34,36.10,36.70,0.48,0.74,4.10,5.79,0.85,14.67,0.59,0.57,6.86,1.85,0.19,0.53,0.14,0.02,0.16
..\data\indiv_files\AIP_A_EN_corrected\887.txt,0,0,0,0,0,0,0,0,0,0,0,0,0,0,0,0,0,0,0,0,0,0,0,0,0,0,0,0,0,0,0,0,0,0
..\data\indiv_files\AIP_A_EN_corrected\888.txt,1,19,3,12,3,32,3,18,3,0.56,0.17,0.16,0.00,0.00,0.00,19,19,19,19,0.59,0.59,2.38,3.36,0.85,10.01,0.67,0.60,1.80,0.95,0.17,0.60,0.17,0.00,0.17
..\data\indiv_files\AIP_A_EN_corrected\889.txt,1,43,8,25,8,68,9,38,9,0.56,0.24,0.19,0.10,0.10,0.22,43,36,34.40,36.30,0.63,0.72,3.69,5.21,0.89,16.87,0.66,0.70,4.90,1.57,0.18,0.53,0.24,0.00,0.24
..\data\indiv_files\AIP_A_EN_corrected\890.txt,1,97,15,61,14,191,20,97,19,0.51,0.20,0.15,0.18,0.89,0.67,97,35,38.40,37.60,0.51,0.76,4.96,7.02,0.87,17.68,0.63,0.64,11.57,2.41,0.19,0.59,0.15,0.04,0.20
..\data\indiv_files\AIP_A_EN_corrected\891.txt,1,49,7,28,6,89,9,45,8,0.51,0.18,0.14,0.06,0.06,0.18,49,31,33.20,32.00,0.55,0.62,3.67,5.19,0.87,14.66,0.62,0.75,9.00,2.12,0.27,0.50,0.13,0.00,0.13
..\data\indiv_files\AIP_A_EN_corrected\892.txt,1,67,13,43,12,141,17,72,16,0.51,0.22,0.19,0.13,0.27,0.37,67,30,33.90,35.30,0.48,0.67,3.99,5.64,0.85,14.29,0.60,0.67,6.67,1.83,0.14,0.52,0.15,0.03,0.18
..\data\indiv_files\AIP_A_EN_corrected\893.txt,1,84,13,53,13,196,17,97,17,0.49,0.18,0.15,0.10,0.30,0.39,84,34,35.60,35.30,0.43,0.69,4.24,6.00,0.84,14.28,0.55,0.53,8.53,2.07,0.16,0.52,0.10,0.03,0.13
..\data\indiv_files\AIP_A_EN_corrected\895.txt,1,38,5,20,5,59,7,25,7,0.42,0.28,0.13,0.00,0.00,0.00,38,36,34.50,35.00,0.64,0.72,3.50,4.95,0.89,16.41,0.80,1.00,5.00,1.58,0.20,0.62,0.24,0.04,0.28
..\data\indiv_files\AIP_A_EN_corrected\896.txt,1,100,22,65,21,200,30,95,29,0.47,0.31,0.22,0.15,0.45,0.47,100,33,36.10,36.10,0.50,0.75,5.00,7.07,0.87,17.59,0.68,0.75,11.25,2.37,0.16,0.63,0.16,0.07,0.23
..\data\indiv_files\AIP_A_EN_corrected\897.txt,0,0,0,0,0,0,0,0,0,0,0,0,0,0,0,0,0,0,0,0,0,0,0,0,0,0,0,0,0,0,0,0,0,0
..\data\indiv_files\AIP_A_EN_corrected\898.txt,1,49,5,24,5,115,10,53,10,0.46,0.19,0.10,0.07,0.07,0.19,49,37,31.90,30.90,0.43,0.71,3.23,4.57,0.82,11.46,0.45,0.64,5.79,1.70,0.17,0.33,0.09,0.00,0.09
..\data\indiv_files\AIP_A_EN_corrected\899.txt,1,66,10,36,9,121,13,53,11,0.44,0.21,0.15,0.00,0.00,0.00,66,37,37.00,39.50,0.55,0.78,4.24,6.00,0.87,16.48,0.68,0.77,7.69,1.96,0.19,0.57,0.15,0.06,0.21
..\data\indiv_files\AIP_A_EN_corrected\900.txt,1,85,14,52,14,157,20,74,20,0.47,0.27,0.16,0.00,0.00,0.00,85,33,36.50,35.20,0.54,0.72,4.80,6.78,0.88,18.10,0.70,0.88,12.25,2.47,0.19,0.66,0.16,0.03,0.19
..\data\indiv_files\AIP_A_EN_corrected\901.txt,1,63,13,39,13,105,17,58,17,0.55,0.29,0.21,0.20,0.60,0.55,63,27,37.70,36.60,0.60,0.68,4.35,6.15,0.89,18.41,0.67,0.73,8.07,2.01,0.19,0.62,0.10,0.03,0.14
..\data\indiv_files\AIP_A_EN_corrected\902.txt,1,42,7,25,7,72,8,36,8,0.50,0.22,0.17,0.00,0.00,0.00,42,30,33.40,34.20,0.58,0.60,3.50,4.95,0.87,14.74,0.69,0.86,5.14,1.60,0.17,0.61,0.17,0.06,0.22
..\data\indiv_files\AIP_A_EN_corrected\903.txt,0,0,0,0,0,0,0,0,0,0,0,0,0,0,0,0,0,0,0,0,0,0,0,0,0,0,0,0,0,0,0,0,0,0
..\data\indiv_files\AIP_A_EN_corrected\904.txt,1,79,9,52,8,136,12,76,11,0.56,0.14,0.11,0.00,0.00,0.00,79,41,39.10,40.80,0.58,0.81,4.79,6.77,0.89,19.30,0.68,0.72,9.39,2.17,0.17,0.66,0.16,0.04,0.20
..\data\indiv_files\AIP_A_EN_corrected\905.txt,1,59,5,32,4,129,8,55,7,0.43,0.13,0.08,0.12,0.24,0.34,59,36,34.80,33.90,0.46,0.67,3.67,5.19,0.84,13.11,0.58,0.59,5.88,1.71,0.18,0.52,0.18,0.02,0.20
..\data\indiv_files\AIP_A_EN_corrected\906.txt,1,77,9,39,7,160,11,67,8,0.42,0.12,0.12,0.06,0.06,0.18,77,24,37.70,35.70,0.48,0.63,4.30,6.09,0.86,15.30,0.58,0.44,3.06,1.24,0.10,0.56,0.19,0.01,0.21
..\data\indiv_files\AIP_A_EN_corrected\907.txt,1,92,23,64,23,185,26,96,26,0.52,0.27,0.25,0.18,0.73,0.60,92,34,36.40,37.90,0.50,0.73,4.78,6.76,0.87,16.94,0.67,0.68,10.23,2.26,0.16,0.60,0.19,0.02,0.21
..\data\indiv_files\AIP_A_EN_corrected\908.txt,1,62,9,37,8,142,9,66,8,0.46,0.12,0.15,0.05,0.05,0.15,62,34,31.60,34.80,0.44,0.69,3.68,5.20,0.83,12.87,0.56,0.59,7.68,1.96,0.20,0.41,0.14,0.03,0.17
..\data\indiv_files\AIP_A_EN_corrected\909.txt,1,49,7,24,6,101,11,45,10,0.45,0.22,0.14,0.06,0.06,0.17,49,30,32.10,32.50,0.49,0.65,3.45,4.88,0.84,12.79,0.53,0.47,3.76,1.37,0.18,0.58,0.07,0.04,0.11
..\data\indiv_files\AIP_A_EN_corrected\910.txt,1,75,12,46,12,141,20,72,20,0.51,0.28,0.16,0.21,0.84,0.65,75,32,37.40,35.20,0.53,0.69,4.47,6.32,0.87,16.85,0.64,0.74,10.32,2.27,0.19,0.52,0.18,0.04,0.22
..\data\indiv_files\AIP_A_EN_corrected\911.txt,1,47,8,29,8,84,12,45,12,0.54,0.27,0.17,0.00,0.00,0.00,47,29,32.10,35.60,0.56,0.58,3.63,5.13,0.87,14.68,0.64,0.62,3.12,1.25,0.11,0.62,0.16,0.02,0.18
..\data\indiv_files\AIP_A_EN_corrected\913.txt,1,46,6,22,6,73,7,36,7,0.49,0.19,0.13,0.00,0.00,0.00,46,36,35.30,34.10,0.63,0.72,3.81,5.38,0.89,17.31,0.61,0.56,2.78,1.18,0.14,0.65,0.19,0.00,0.19
..\data\indiv_files\AIP_A_EN_corrected\914.txt,1,85,18,53,17,176,26,82,24,0.47,0.29,0.21,0.13,0.27,0.37,85,37,38.40,40.30,0.48,0.78,4.53,6.41,0.86,15.95,0.65,0.67,6.67,1.83,0.12,0.64,0.15,0.06,0.21
..\data\indiv_files\AIP_A_EN_corrected\915.txt,0,0,0,0,0,0,0,0,0,0,0,0,0,0,0,0,0,0,0,0,0,0,0,0,0,0,0,0,0,0,0,0,0,0
..\data\indiv_files\AIP_A_EN_corrected\916.txt,1,66,8,42,8,120,11,68,11,0.57,0.16,0.12,0.00,0.00,0.00,66,40,37.90,37.40,0.55,0.78,4.26,6.02,0.88,16.65,0.62,0.62,4.92,1.57,0.12,0.56,0.19,0.04,0.24
..\data\indiv_files\AIP_A_EN_corrected\917.txt,1,62,7,32,7,140,13,59,13,0.42,0.22,0.11,0.00,0.00,0.00,62,32,33.10,31.50,0.44,0.62,3.71,5.24,0.84,13.02,0.54,0.50,3.00,1.22,0.10,0.52,0.17,0.00,0.17
..\data\indiv_files\AIP_A_EN_corrected\918.txt,1,58,14,33,13,101,16,48,15,0.48,0.31,0.24,0.09,0.09,0.21,58,35,35.40,37.20,0.57,0.77,4.08,5.77,0.88,16.68,0.69,0.73,5.82,1.71,0.17,0.58,0.17,0.06,0.23
..\data\indiv_files\AIP_A_EN_corrected\919.txt,1,40,5,21,5,73,6,36,6,0.49,0.17,0.12,0.00,0.00,0.00,40,28,31.30,30.20,0.55,0.56,3.31,4.68,0.86,13.29,0.58,0.45,2.27,1.07,0.14,0.54,0.14,0.11,0.25
..\data\indiv_files\AIP_A_EN_corrected\920.txt,1,58,15,39,15,92,20,52,20,0.57,0.38,0.26,0.29,1.14,0.76,58,38,35.60,35.80,0.63,0.76,4.28,6.05,0.90,19.25,0.75,0.93,12.07,2.46,0.25,0.64,0.21,0.02,0.23
..\data\indiv_files\AIP_A_EN_corrected\921.txt,1,49,4,30,4,63,4,37,4,0.59,0.11,0.08,0.00,0.00,0.00,49,40,40.20,42.20,0.78,0.80,4.37,6.17,0.94,29.66,0.81,1.00,6.00,1.73,0.16,0.72,0.24,0.05,0.30
..\data\indiv_files\AIP_A_EN_corrected\922.txt,1,77,15,49,14,160,22,72,21,0.45,0.29,0.19,0.13,0.27,0.37,77,29,36.00,37.60,0.48,0.68,4.30,6.09,0.86,15.30,0.68,0.67,6.67,1.83,0.14,0.62,0.19,0.03,0.22
..\data\indiv_files\AIP_A_EN_corrected\923.txt,0,0,0,0,0,0,0,0,0,0,0,0,0,0,0,0,0,0,0,0,0,0,0,0,0,0,0,0,0,0,0,0,0,0
