filename,sentences,wordtypes,swordtypes,lextypes,slextypes,wordtokens,swordtokens,lextokens,slextokens,ld,ls1,ls2,vs1,vs2,cvs1,ndw,ndwz,ndwerz,ndwesz,ttr,msttr,cttr,rttr,logttr,uber,lv,vv1,svv1,cvv1,vv2,nv,adjv,advv,modv
..\data\indiv_files\STAT_A_EN_uncorrected\741.txt,1,56,4,31,4,116,8,55,8,0.47,0.15,0.07,0.07,0.07,0.19,56,32,32.00,31.20,0.48,0.63,3.68,5.20,0.85,13.48,0.56,0.57,4.57,1.51,0.15,0.54,0.18,0.02,0.20
..\data\indiv_files\STAT_A_EN_uncorrected\646.txt,1,56,8,37,8,107,10,59,10,0.55,0.17,0.14,0.00,0.00,0.00,56,32,33.40,32.60,0.52,0.63,3.83,5.41,0.86,14.65,0.63,0.73,8.07,2.01,0.19,0.59,0.08,0.12,0.20
..\data\indiv_files\STAT_A_EN_uncorrected\546.txt,1,39,3,24,3,49,3,26,3,0.53,0.12,0.08,0.17,0.17,0.29,39,39,39,39,0.80,0.80,3.94,5.57,0.94,28.82,0.92,1.00,6.00,1.73,0.23,0.86,0.19,0.04,0.23
..\data\indiv_files\STAT_A_EN_uncorrected\580.txt,1,82,11,53,9,171,16,89,13,0.52,0.15,0.13,0.00,0.00,0.00,82,33,36.10,36.80,0.48,0.71,4.43,6.27,0.86,15.62,0.60,0.75,11.25,2.37,0.17,0.55,0.10,0.09,0.19
..\data\indiv_files\STAT_A_EN_uncorrected\504.txt,1,56,6,32,5,95,8,49,7,0.52,0.14,0.11,0.00,0.00,0.00,56,36,35.30,34.20,0.59,0.72,4.06,5.75,0.88,17.04,0.65,0.91,9.09,2.13,0.20,0.52,0.12,0.04,0.16
..\data\indiv_files\STAT_A_EN_uncorrected\634.txt,1,54,3,38,3,99,5,55,5,0.56,0.09,0.06,0.00,0.00,0.00,54,31,33.10,33.80,0.55,0.62,3.84,5.43,0.87,15.13,0.69,0.77,7.69,1.96,0.18,0.62,0.16,0.05,0.22
..\data\indiv_files\STAT_A_EN_uncorrected\630.txt,1,61,8,38,8,110,20,57,19,0.52,0.33,0.13,0.07,0.07,0.18,61,32,34.40,33.20,0.55,0.67,4.11,5.82,0.87,16.27,0.67,0.87,11.27,2.37,0.23,0.67,0.07,0.05,0.12
..\data\indiv_files\STAT_A_EN_uncorrected\648.txt,1,48,8,31,8,91,11,45,11,0.49,0.24,0.17,0.17,0.17,0.29,48,26,31.00,29.70,0.53,0.52,3.56,5.03,0.86,13.82,0.69,1.00,6.00,1.73,0.13,0.56,0.18,0.07,0.24
..\data\indiv_files\STAT_A_EN_uncorrected\921.txt,1,59,7,41,6,107,9,58,8,0.54,0.14,0.12,0.00,0.00,0.00,59,32,35.20,32.90,0.55,0.65,4.03,5.70,0.87,15.93,0.71,0.78,10.89,2.33,0.24,0.54,0.09,0.17,0.26
..\data\indiv_files\STAT_A_EN_uncorrected\803.txt,1,30,5,20,5,47,5,23,5,0.49,0.22,0.17,0.33,0.33,0.41,30,30,30,30,0.64,0.64,3.09,4.38,0.88,14.34,0.87,1.00,3.00,1.22,0.13,0.92,0.17,0.13,0.30
..\data\indiv_files\STAT_A_EN_uncorrected\589.txt,1,50,2,29,2,100,5,47,5,0.47,0.11,0.04,0.00,0.00,0.00,50,24,31.00,31.50,0.50,0.60,3.54,5.00,0.85,13.29,0.62,0.78,5.44,1.65,0.15,0.48,0.11,0.11,0.21
..\data\indiv_files\STAT_A_EN_uncorrected\705.txt,1,45,4,27,4,81,6,39,6,0.48,0.15,0.09,0.00,0.00,0.00,45,34,33.90,34.00,0.56,0.68,3.54,5.00,0.87,14.27,0.69,0.67,2.67,1.15,0.10,0.64,0.21,0.03,0.23
..\data\indiv_files\STAT_A_EN_uncorrected\655.txt,0,0,0,0,0,0,0,0,0,0,0,0,0,0,0,0,0,0,0,0,0,0,0,0,0,0,0,0,0,0,0,0,0,0
..\data\indiv_files\STAT_A_EN_uncorrected\564.txt,1,48,8,32,8,116,13,66,13,0.57,0.20,0.17,0.08,0.08,0.20,48,32,30.20,30.80,0.41,0.65,3.15,4.46,0.81,11.12,0.48,0.67,5.33,1.63,0.12,0.38,0.12,0.09,0.21
..\data\indiv_files\STAT_A_EN_uncorrected\904.txt,0,0,0,0,0,0,0,0,0,0,0,0,0,0,0,0,0,0,0,0,0,0,0,0,0,0,0,0,0,0,0,0,0,0
..\data\indiv_files\STAT_A_EN_uncorrected\664.txt,1,59,3,36,3,138,3,70,3,0.51,0.04,0.05,0.00,0.00,0.00,59,30,32.80,31.10,0.43,0.62,3.55,5.02,0.83,12.41,0.51,0.67,6.67,1.83,0.14,0.44,0.07,0.09,0.16
..\data\indiv_files\STAT_A_EN_uncorrected\750.txt,1,51,8,34,8,109,9,53,9,0.49,0.17,0.16,0.21,0.64,0.57,51,28,29.60,31.40,0.47,0.61,3.45,4.88,0.84,12.58,0.64,0.86,10.29,2.27,0.23,0.43,0.15,0.13,0.28
..\data\indiv_files\STAT_A_EN_uncorrected\839.txt,1,54,8,34,8,120,10,54,10,0.45,0.19,0.15,0.40,1.60,0.89,54,32,30.20,31.30,0.45,0.64,3.49,4.93,0.83,12.47,0.63,0.90,8.10,2.01,0.17,0.61,0.13,0.09,0.22
..\data\indiv_files\STAT_A_EN_uncorrected\883.txt,1,31,4,20,4,53,5,30,5,0.57,0.17,0.13,0.00,0.00,0.00,31,31,29.70,30.20,0.58,0.62,3.01,4.26,0.86,12.76,0.67,1.00,5.00,1.58,0.17,0.53,0.13,0.10,0.23
..\data\indiv_files\STAT_A_EN_uncorrected\640.txt,1,69,11,45,11,103,12,58,12,0.56,0.21,0.16,0.24,0.94,0.69,69,44,40.10,40.50,0.67,0.83,4.81,6.80,0.91,23.29,0.78,1.00,17.00,2.92,0.29,0.72,0.12,0.07,0.19
..\data\indiv_files\STAT_A_EN_uncorrected\853.txt,1,50,9,33,9,87,9,42,9,0.48,0.21,0.18,0.00,0.00,0.00,50,32,34.50,33.10,0.57,0.64,3.79,5.36,0.88,15.64,0.79,1.00,9.00,2.12,0.21,0.69,0.12,0.02,0.14
..\data\indiv_files\STAT_A_EN_uncorrected\526.txt,1,59,10,39,10,112,18,60,18,0.54,0.30,0.17,0.07,0.07,0.18,59,29,33.70,34.20,0.53,0.63,3.94,5.57,0.86,15.09,0.65,0.80,9.60,2.19,0.20,0.52,0.10,0.10,0.20
..\data\indiv_files\STAT_A_EN_uncorrected\699.txt,1,50,5,34,5,84,5,48,5,0.57,0.10,0.10,0.09,0.09,0.21,50,36,34.00,34.50,0.60,0.72,3.86,5.46,0.88,16.43,0.71,0.73,5.82,1.71,0.17,0.64,0.12,0.04,0.17
..\data\indiv_files\STAT_A_EN_uncorrected\636.txt,1,46,2,30,2,77,4,43,4,0.56,0.09,0.04,0.00,0.00,0.00,46,34,35.50,35.90,0.60,0.68,3.71,5.24,0.88,15.91,0.70,1.00,9.00,2.12,0.21,0.61,0.14,0.05,0.19
..\data\indiv_files\STAT_A_EN_uncorrected\738.txt,1,43,5,27,4,72,6,41,5,0.57,0.12,0.12,0.11,0.11,0.24,43,32,33.60,33.70,0.60,0.64,3.58,5.07,0.88,15.41,0.66,0.89,7.11,1.89,0.20,0.57,0.15,0.02,0.17
..\data\indiv_files\STAT_A_EN_uncorrected\919.txt,1,69,6,47,6,153,9,83,9,0.54,0.11,0.09,0.16,0.47,0.49,69,37,36.00,34.90,0.45,0.72,3.94,5.58,0.84,13.80,0.57,0.58,6.37,1.78,0.13,0.44,0.14,0.10,0.24
..\data\indiv_files\STAT_A_EN_uncorrected\587.txt,1,54,9,33,9,132,13,63,13,0.48,0.21,0.17,0.25,0.75,0.61,54,30,29.60,29.20,0.41,0.61,3.32,4.70,0.82,11.58,0.52,0.75,6.75,1.84,0.14,0.46,0.10,0.06,0.16
..\data\indiv_files\STAT_A_EN_uncorrected\662.txt,1,30,11,18,11,43,16,24,16,0.56,0.67,0.37,0.40,0.80,0.63,30,30,30,30,0.70,0.70,3.23,4.57,0.90,17.07,0.75,1.00,5.00,1.58,0.21,0.77,0.08,0.08,0.17
..\data\indiv_files\STAT_A_EN_uncorrected\888.txt,1,65,7,40,7,131,9,64,9,0.49,0.14,0.11,0.12,0.24,0.34,65,32,34.10,34.60,0.50,0.65,4.02,5.68,0.86,14.73,0.62,0.71,8.47,2.06,0.19,0.53,0.14,0.03,0.17
..\data\indiv_files\STAT_A_EN_uncorrected\645.txt,1,44,3,25,3,86,5,39,5,0.45,0.13,0.07,0.00,0.00,0.00,44,25,30.60,30.30,0.51,0.50,3.35,4.74,0.85,12.86,0.64,0.78,5.44,1.65,0.18,0.57,0.13,0.03,0.15
..\data\indiv_files\STAT_A_EN_uncorrected\642.txt,0,0,0,0,0,0,0,0,0,0,0,0,0,0,0,0,0,0,0,0,0,0,0,0,0,0,0,0,0,0,0,0,0,0
..\data\indiv_files\STAT_A_EN_uncorrected\703.txt,1,59,3,35,3,125,4,66,4,0.53,0.06,0.05,0.08,0.08,0.20,59,36,35.80,31.60,0.47,0.67,3.73,5.28,0.84,13.49,0.53,0.75,6.75,1.84,0.14,0.42,0.08,0.12,0.20
..\data\indiv_files\STAT_A_EN_uncorrected\517.txt,1,50,7,32,7,82,9,42,9,0.51,0.21,0.14,0.11,0.11,0.24,50,36,35.70,34.50,0.61,0.72,3.90,5.52,0.89,17.05,0.76,0.89,7.11,1.89,0.19,0.67,0.21,0.05,0.26
..\data\indiv_files\STAT_A_EN_uncorrected\592.txt,1,39,2,21,2,62,2,27,2,0.44,0.07,0.05,0.17,0.17,0.29,39,32,34.60,31.90,0.63,0.64,3.50,4.95,0.89,15.96,0.78,0.83,4.17,1.44,0.19,0.62,0.26,0.04,0.30
..\data\indiv_files\STAT_A_EN_uncorrected\651.txt,1,79,19,59,19,122,24,78,24,0.64,0.31,0.24,0.06,0.06,0.17,79,41,39.10,41.50,0.65,0.82,5.06,7.15,0.91,23.06,0.76,0.88,13.24,2.57,0.19,0.66,0.21,0.08,0.28
..\data\indiv_files\STAT_A_EN_uncorrected\545.txt,1,34,2,19,2,63,3,28,3,0.44,0.11,0.06,0.00,0.00,0.00,34,28,29.30,28.80,0.54,0.56,3.03,4.28,0.85,12.09,0.68,0.80,3.20,1.26,0.14,0.56,0.18,0.04,0.21
..\data\indiv_files\STAT_A_EN_uncorrected\661.txt,0,0,0,0,0,0,0,0,0,0,0,0,0,0,0,0,0,0,0,0,0,0,0,0,0,0,0,0,0,0,0,0,0,0
..\data\indiv_files\STAT_A_EN_uncorrected\610.txt,1,52,5,30,5,134,7,62,7,0.46,0.11,0.10,0.18,0.36,0.43,52,31,29.60,30.80,0.39,0.59,3.18,4.49,0.81,11.01,0.48,0.73,5.82,1.71,0.13,0.42,0.16,0.05,0.21
..\data\indiv_files\STAT_A_EN_uncorrected\654.txt,0,0,0,0,0,0,0,0,0,0,0,0,0,0,0,0,0,0,0,0,0,0,0,0,0,0,0,0,0,0,0,0,0,0
..\data\indiv_files\STAT_A_EN_uncorrected\794.txt,1,66,11,44,10,119,15,69,14,0.58,0.20,0.17,0.08,0.08,0.20,66,32,37.10,33.30,0.55,0.64,4.28,6.05,0.88,16.83,0.64,0.77,7.69,1.96,0.14,0.53,0.16,0.09,0.25
..\data\indiv_files\STAT_A_EN_uncorrected\844.txt,1,34,4,18,4,54,6,24,6,0.44,0.25,0.12,0.20,0.20,0.32,34,31,32.00,31.50,0.63,0.62,3.27,4.63,0.88,14.94,0.75,0.80,3.20,1.26,0.17,0.77,0.12,0.04,0.17
..\data\indiv_files\STAT_A_EN_uncorrected\602.txt,1,44,10,31,10,83,11,46,11,0.55,0.24,0.23,0.40,0.80,0.63,44,31,30.40,31.90,0.53,0.62,3.42,4.83,0.86,13.36,0.67,1.00,5.00,1.58,0.11,0.63,0.15,0.07,0.22
..\data\indiv_files\STAT_A_EN_uncorrected\647.txt,1,65,10,43,9,131,16,61,15,0.47,0.25,0.15,0.14,0.29,0.38,65,30,33.50,30.00,0.50,0.62,4.02,5.68,0.86,14.73,0.70,0.71,7.14,1.89,0.16,0.62,0.15,0.07,0.21
..\data\indiv_files\STAT_A_EN_uncorrected\502.txt,0,0,0,0,0,0,0,0,0,0,0,0,0,0,0,0,0,0,0,0,0,0,0,0,0,0,0,0,0,0,0,0,0,0
..\data\indiv_files\STAT_A_EN_uncorrected\531.txt,1,55,3,34,3,95,5,46,5,0.48,0.11,0.05,0.00,0.00,0.00,55,35,34.40,35.50,0.58,0.70,3.99,5.64,0.88,16.48,0.74,0.86,5.14,1.60,0.13,0.75,0.15,0.09,0.24
..\data\indiv_files\STAT_A_EN_uncorrected\521.txt,1,53,9,33,9,136,25,71,25,0.52,0.35,0.17,0.25,0.75,0.61,53,24,29.50,32.50,0.39,0.56,3.21,4.54,0.81,11.12,0.46,0.83,8.33,2.04,0.14,0.35,0.10,0.06,0.15
..\data\indiv_files\STAT_A_EN_uncorrected\749.txt,1,80,12,53,12,163,16,79,16,0.48,0.20,0.15,0.12,0.24,0.34,80,37,36.30,33.10,0.49,0.69,4.43,6.27,0.86,15.83,0.67,0.76,9.94,2.23,0.16,0.62,0.13,0.09,0.22
..\data\indiv_files\STAT_A_EN_uncorrected\913.txt,1,56,8,35,8,98,10,48,10,0.49,0.21,0.14,0.00,0.00,0.00,56,32,35.50,38.20,0.57,0.64,4.00,5.66,0.88,16.31,0.73,0.88,6.12,1.75,0.15,0.63,0.17,0.06,0.23
..\data\indiv_files\STAT_A_EN_uncorrected\773.txt,1,38,3,21,3,92,3,37,3,0.40,0.08,0.08,0.12,0.12,0.25,38,25,28.00,29.60,0.41,0.50,2.80,3.96,0.80,10.04,0.57,0.62,3.12,1.25,0.14,0.69,0.14,0.08,0.22
..\data\indiv_files\STAT_A_EN_uncorrected\849.txt,1,34,3,19,3,56,3,24,3,0.43,0.12,0.09,0.00,0.00,0.00,34,31,30.90,31.40,0.61,0.62,3.21,4.54,0.88,14.10,0.79,1.00,3.00,1.22,0.12,0.73,0.33,0.08,0.42
..\data\indiv_files\STAT_A_EN_uncorrected\885.txt,1,49,5,29,4,88,5,43,4,0.49,0.09,0.10,0.00,0.00,0.00,49,31,34.00,32.60,0.56,0.62,3.69,5.22,0.87,14.87,0.67,0.83,4.17,1.44,0.12,0.60,0.19,0.05,0.23
..\data\indiv_files\STAT_A_EN_uncorrected\785.txt,1,41,5,24,5,72,5,36,5,0.50,0.14,0.12,0.20,0.20,0.32,41,35,32.10,28.40,0.57,0.70,3.42,4.83,0.87,14.11,0.67,1.00,5.00,1.58,0.14,0.67,0.17,0.03,0.19
..\data\indiv_files\STAT_A_EN_uncorrected\525.txt,1,48,5,30,4,95,6,48,5,0.51,0.10,0.10,0.00,0.00,0.00,48,32,31.40,29.20,0.51,0.64,3.48,4.92,0.85,13.19,0.62,0.75,4.50,1.50,0.12,0.54,0.19,0.06,0.25
..\data\indiv_files\STAT_A_EN_uncorrected\520.txt,1,59,14,39,14,107,21,58,20,0.54,0.34,0.24,0.00,0.00,0.00,59,35,34.30,32.40,0.55,0.68,4.03,5.70,0.87,15.93,0.67,0.86,5.14,1.60,0.10,0.55,0.22,0.10,0.33
..\data\indiv_files\STAT_A_EN_uncorrected\846.txt,1,49,6,28,6,82,8,41,8,0.50,0.20,0.12,0.00,0.00,0.00,49,34,35.10,34.10,0.60,0.68,3.83,5.41,0.88,16.38,0.68,0.75,4.50,1.50,0.15,0.75,0.15,0.05,0.20
..\data\indiv_files\STAT_A_EN_uncorrected\697.txt,1,59,9,36,8,115,12,65,11,0.57,0.17,0.15,0.00,0.00,0.00,59,33,33.20,32.40,0.51,0.64,3.89,5.50,0.86,14.65,0.55,0.88,6.12,1.75,0.11,0.39,0.15,0.11,0.26
..\data\indiv_files\STAT_A_EN_uncorrected\656.txt,1,54,10,37,10,134,18,67,18,0.50,0.27,0.19,0.21,0.64,0.57,54,32,30.60,27.50,0.40,0.59,3.30,4.66,0.81,11.46,0.55,0.86,10.29,2.27,0.18,0.48,0.10,0.12,0.22
..\data\indiv_files\STAT_A_EN_uncorrected\689.txt,1,3,0,3,0,3,0,3,0,1.00,0.00,0.00,0,0,0,3,3,3,3,1.00,1.00,1.22,1.73,1.00,NaN,1.00,0,0,0,0.00,1.00,0.33,0.00,0.33
..\data\indiv_files\STAT_A_EN_uncorrected\519.txt,1,57,6,35,6,120,11,56,11,0.47,0.20,0.11,0.21,0.64,0.57,57,27,31.60,30.70,0.47,0.60,3.68,5.20,0.84,13.37,0.62,0.71,7.14,1.89,0.18,0.52,0.09,0.07,0.16
..\data\indiv_files\STAT_A_EN_uncorrected\730.txt,1,15,0,8,0,17,0,8,0,0.47,0.00,0.00,0.00,0.00,0.00,15,15,15,15,0.88,0.88,2.57,3.64,0.96,27.85,1.00,1.00,2.00,1.00,0.25,1.00,0.12,0.00,0.12
..\data\indiv_files\STAT_A_EN_uncorrected\701.txt,1,56,10,33,8,96,15,54,13,0.56,0.24,0.18,0.00,0.00,0.00,56,31,33.70,33.20,0.58,0.62,4.04,5.72,0.88,16.79,0.61,0.91,9.09,2.13,0.19,0.53,0.09,0.07,0.17
..\data\indiv_files\STAT_A_EN_uncorrected\801.txt,1,40,4,22,4,76,5,34,5,0.45,0.15,0.10,0.00,0.00,0.00,40,29,31.00,30.80,0.53,0.58,3.24,4.59,0.85,12.69,0.65,0.83,4.17,1.44,0.15,0.62,0.18,0.12,0.29
..\data\indiv_files\STAT_A_EN_uncorrected\868.txt,1,41,2,27,1,70,2,41,1,0.59,0.02,0.05,0.00,0.00,0.00,41,34,33.40,34.90,0.59,0.68,3.47,4.90,0.87,14.65,0.66,0.75,4.50,1.50,0.15,0.64,0.17,0.17,0.34
..\data\indiv_files\STAT_A_EN_uncorrected\669.txt,1,61,13,43,12,103,15,59,14,0.57,0.24,0.21,0.09,0.09,0.21,61,34,36.10,34.30,0.59,0.71,4.25,6.01,0.89,17.81,0.73,0.82,7.36,1.92,0.15,0.70,0.15,0.08,0.24
..\data\indiv_files\STAT_A_EN_uncorrected\819.txt,1,67,9,40,8,134,11,70,10,0.52,0.14,0.13,0.05,0.05,0.16,67,33,35.50,31.00,0.50,0.68,4.09,5.79,0.86,15.03,0.57,0.68,8.89,2.11,0.19,0.55,0.10,0.06,0.16
..\data\indiv_files\STAT_A_EN_uncorrected\563.txt,1,50,5,30,5,87,7,43,7,0.49,0.16,0.10,0.08,0.08,0.20,50,37,35.80,34.20,0.57,0.74,3.79,5.36,0.88,15.64,0.70,0.83,8.33,2.04,0.23,0.61,0.09,0.07,0.16
..\data\indiv_files\STAT_A_EN_uncorrected\516.txt,1,61,3,40,3,116,6,57,6,0.49,0.11,0.05,0.00,0.00,0.00,61,35,31.90,30.10,0.53,0.63,4.00,5.66,0.86,15.27,0.70,0.91,9.09,2.13,0.18,0.62,0.14,0.09,0.23
..\data\indiv_files\STAT_A_EN_uncorrected\882.txt,0,0,0,0,0,0,0,0,0,0,0,0,0,0,0,0,0,0,0,0,0,0,0,0,0,0,0,0,0,0,0,0,0,0
..\data\indiv_files\STAT_A_EN_uncorrected\643.txt,1,53,6,32,6,110,9,52,9,0.47,0.17,0.11,0.17,0.17,0.29,53,30,30.90,30.50,0.48,0.62,3.57,5.05,0.84,13.14,0.62,0.67,2.67,1.15,0.08,0.55,0.19,0.04,0.23
..\data\indiv_files\STAT_A_EN_uncorrected\889.txt,1,61,3,37,3,119,7,65,7,0.55,0.11,0.05,0.00,0.00,0.00,61,36,34.70,34.40,0.51,0.71,3.95,5.59,0.86,14.84,0.57,0.64,5.79,1.70,0.14,0.53,0.11,0.05,0.15
..\data\indiv_files\STAT_A_EN_uncorrected\612.txt,1,62,7,40,7,118,8,60,8,0.51,0.13,0.11,0.07,0.07,0.19,62,37,34.40,34.90,0.53,0.75,4.04,5.71,0.87,15.36,0.67,0.71,7.14,1.89,0.17,0.55,0.18,0.07,0.25
..\data\indiv_files\STAT_A_EN_uncorrected\622.txt,1,54,5,37,5,86,5,47,5,0.55,0.11,0.09,0.17,0.33,0.41,54,39,35.90,35.40,0.63,0.78,4.12,5.82,0.90,18.52,0.79,0.75,6.75,1.84,0.19,0.88,0.13,0.04,0.17
..\data\indiv_files\STAT_A_EN_uncorrected\566.txt,1,69,7,44,7,151,12,79,12,0.52,0.15,0.10,0.07,0.07,0.19,69,35,33.70,32.90,0.46,0.66,3.97,5.62,0.84,13.96,0.56,0.79,8.64,2.08,0.14,0.48,0.13,0.05,0.18
..\data\indiv_files\STAT_A_EN_uncorrected\570.txt,1,66,6,43,6,139,10,75,10,0.54,0.13,0.09,0.00,0.00,0.00,66,33,32.90,32.00,0.47,0.63,3.96,5.60,0.85,14.20,0.57,0.92,11.08,2.35,0.16,0.41,0.12,0.07,0.19
..\data\indiv_files\STAT_A_EN_uncorrected\791.txt,1,67,11,43,11,140,13,66,13,0.47,0.20,0.16,0.15,0.31,0.39,67,32,32.30,33.00,0.48,0.65,4.00,5.66,0.85,14.39,0.65,1.00,13.00,2.55,0.20,0.54,0.06,0.06,0.12
..\data\indiv_files\STAT_A_EN_uncorrected\807.txt,1,57,6,36,5,96,8,49,5,0.51,0.10,0.11,0.12,0.24,0.34,57,30,35.90,35.70,0.59,0.60,4.11,5.82,0.89,17.36,0.73,0.71,8.47,2.06,0.24,0.74,0.12,0.08,0.20
..\data\indiv_files\STAT_A_EN_uncorrected\677.txt,1,59,10,37,9,106,13,58,12,0.55,0.21,0.17,0.07,0.07,0.19,59,37,36.30,35.60,0.56,0.72,4.05,5.73,0.87,16.12,0.64,0.86,10.29,2.27,0.21,0.48,0.12,0.07,0.19
..\data\indiv_files\STAT_A_EN_uncorrected\742.txt,1,56,5,37,5,90,8,49,8,0.54,0.16,0.09,0.00,0.00,0.00,56,36,36.50,35.10,0.62,0.72,4.17,5.90,0.89,18.53,0.76,0.82,7.36,1.92,0.18,0.69,0.14,0.06,0.20
..\data\indiv_files\STAT_A_EN_uncorrected\734.txt,1,23,2,11,2,35,3,14,3,0.40,0.21,0.09,0.00,0.00,0.00,23,23,23,23,0.66,0.66,2.75,3.89,0.88,13.08,0.79,1.00,2.00,1.00,0.14,0.62,0.14,0.14,0.29
..\data\indiv_files\STAT_A_EN_uncorrected\540.txt,0,0,0,0,0,0,0,0,0,0,0,0,0,0,0,0,0,0,0,0,0,0,0,0,0,0,0,0,0,0,0,0,0,0
..\data\indiv_files\STAT_A_EN_uncorrected\756.txt,1,26,0,15,0,42,0,20,0,0.48,0.00,0.00,0.00,0.00,0.00,26,26,26,26,0.62,0.62,2.84,4.01,0.87,12.65,0.75,1.00,3.00,1.22,0.15,0.55,0.15,0.15,0.30
..\data\indiv_files\STAT_A_EN_uncorrected\896.txt,1,58,9,36,8,105,15,54,14,0.51,0.26,0.16,0.08,0.08,0.20,58,38,33.40,35.50,0.55,0.71,4.00,5.66,0.87,15.85,0.67,0.92,11.08,2.35,0.22,0.56,0.11,0.07,0.19
..\data\indiv_files\STAT_A_EN_uncorrected\591.txt,1,40,5,24,5,76,7,40,7,0.53,0.17,0.12,0.00,0.00,0.00,40,29,31.30,32.40,0.53,0.58,3.24,4.59,0.85,12.69,0.60,0.67,2.67,1.15,0.10,0.61,0.17,0.03,0.20
..\data\indiv_files\STAT_A_EN_uncorrected\848.txt,1,51,6,31,6,112,8,49,8,0.44,0.16,0.12,0.11,0.11,0.24,51,31,30.80,31.10,0.46,0.58,3.41,4.82,0.83,12.29,0.63,0.78,5.44,1.65,0.14,0.54,0.14,0.08,0.22
..\data\indiv_files\STAT_A_EN_uncorrected\745.txt,1,35,4,20,4,66,6,31,6,0.47,0.19,0.11,0.14,0.14,0.27,35,29,29.00,28.90,0.53,0.58,3.05,4.31,0.85,12.02,0.65,0.86,5.14,1.60,0.19,0.60,0.16,0.06,0.23
..\data\indiv_files\STAT_A_EN_uncorrected\914.txt,1,41,6,26,6,59,6,32,6,0.54,0.19,0.15,0.12,0.12,0.25,41,36,35.70,35.50,0.69,0.72,3.77,5.34,0.91,19.84,0.81,1.00,8.00,2.00,0.25,0.72,0.12,0.03,0.16
..\data\indiv_files\STAT_A_EN_uncorrected\845.txt,1,57,8,39,7,108,10,67,9,0.62,0.13,0.14,0.23,0.69,0.59,57,34,35.00,33.60,0.53,0.70,3.88,5.48,0.86,14.90,0.58,0.69,6.23,1.77,0.13,0.50,0.19,0.03,0.22
..\data\indiv_files\STAT_A_EN_uncorrected\736.txt,1,66,13,45,13,155,15,78,15,0.50,0.19,0.20,0.15,0.31,0.39,66,31,30.80,31.20,0.43,0.62,3.75,5.30,0.83,12.94,0.58,0.85,9.31,2.16,0.14,0.50,0.15,0.08,0.23
..\data\indiv_files\STAT_A_EN_uncorrected\710.txt,1,37,3,22,3,72,7,36,7,0.50,0.19,0.08,0.00,0.00,0.00,37,30,30.10,29.80,0.51,0.60,3.08,4.36,0.84,11.93,0.61,0.89,7.11,1.89,0.22,0.41,0.11,0.03,0.14
..\data\indiv_files\STAT_A_EN_uncorrected\712.txt,1,40,6,23,6,55,7,28,7,0.51,0.25,0.15,0.11,0.11,0.24,40,36,37.20,37.30,0.73,0.72,3.81,5.39,0.92,21.90,0.82,0.67,4.00,1.41,0.21,0.83,0.14,0.11,0.25
..\data\indiv_files\STAT_A_EN_uncorrected\657.txt,1,46,5,29,5,83,8,41,8,0.49,0.20,0.11,0.20,0.40,0.45,46,31,34.20,33.00,0.55,0.62,3.57,5.05,0.87,14.37,0.71,0.80,6.40,1.79,0.20,0.65,0.15,0.07,0.22
..\data\indiv_files\STAT_A_EN_uncorrected\565.txt,1,60,10,35,10,110,20,56,20,0.51,0.36,0.17,0.00,0.00,0.00,60,37,34.80,34.20,0.55,0.76,4.05,5.72,0.87,15.83,0.62,0.88,6.12,1.75,0.12,0.59,0.12,0.07,0.20
..\data\indiv_files\STAT_A_EN_uncorrected\625.txt,1,39,4,26,4,70,5,34,5,0.49,0.15,0.10,0.14,0.14,0.27,39,32,31.20,32.60,0.56,0.64,3.30,4.66,0.86,13.40,0.76,0.86,5.14,1.60,0.18,0.73,0.18,0.09,0.26
..\data\indiv_files\STAT_A_EN_uncorrected\901.txt,1,53,2,31,2,114,2,55,2,0.48,0.04,0.04,0.07,0.07,0.19,53,30,31.70,32.80,0.46,0.65,3.51,4.96,0.84,12.72,0.56,0.64,5.79,1.70,0.16,0.42,0.18,0.05,0.24
..\data\indiv_files\STAT_A_EN_uncorrected\733.txt,1,63,10,41,10,151,12,72,12,0.48,0.17,0.16,0.09,0.09,0.21,63,31,32.40,32.40,0.42,0.65,3.63,5.13,0.83,12.51,0.57,0.73,5.82,1.71,0.11,0.59,0.14,0.08,0.22
..\data\indiv_files\STAT_A_EN_uncorrected\588.txt,1,35,5,20,5,56,11,30,11,0.54,0.37,0.14,0.00,0.00,0.00,35,33,32.60,32.80,0.62,0.66,3.31,4.68,0.88,14.97,0.67,1.00,5.00,1.58,0.17,0.59,0.13,0.07,0.20
..\data\indiv_files\STAT_A_EN_uncorrected\522.txt,0,0,0,0,0,0,0,0,0,0,0,0,0,0,0,0,0,0,0,0,0,0,0,0,0,0,0,0,0,0,0,0,0,0
..\data\indiv_files\STAT_A_EN_uncorrected\707.txt,1,33,5,19,4,57,12,27,9,0.47,0.33,0.15,0.14,0.14,0.27,33,33,30.20,32.40,0.58,0.66,3.09,4.37,0.86,12.99,0.70,0.71,3.57,1.34,0.19,0.67,0.07,0.15,0.22
..\data\indiv_files\STAT_A_EN_uncorrected\590.txt,1,52,3,30,3,84,4,46,4,0.55,0.09,0.06,0.07,0.07,0.18,52,33,34.60,36.50,0.62,0.66,4.01,5.67,0.89,17.78,0.65,0.67,6.67,1.83,0.22,0.52,0.13,0.09,0.22
..\data\indiv_files\STAT_A_EN_uncorrected\779.txt,1,53,12,38,12,108,17,65,17,0.60,0.26,0.23,0.00,0.00,0.00,53,33,32.70,32.30,0.49,0.65,3.61,5.10,0.85,13.37,0.58,0.75,4.50,1.50,0.09,0.59,0.15,0.06,0.22
..\data\indiv_files\STAT_A_EN_uncorrected\782.txt,1,37,6,22,4,58,8,25,6,0.43,0.24,0.16,0.25,0.25,0.35,37,31,33.50,32.20,0.64,0.62,3.44,4.86,0.89,15.93,0.88,0.75,2.25,1.06,0.12,0.85,0.24,0.08,0.32
..\data\indiv_files\STAT_A_EN_uncorrected\632.txt,1,47,3,27,3,90,5,41,5,0.46,0.12,0.06,0.00,0.00,0.00,47,33,33.60,33.30,0.52,0.66,3.50,4.95,0.86,13.54,0.66,0.62,3.12,1.25,0.12,0.57,0.22,0.02,0.24
..\data\indiv_files\STAT_A_EN_uncorrected\653.txt,1,41,5,23,4,78,7,35,6,0.45,0.17,0.12,0.25,0.50,0.50,41,29,30.60,29.30,0.53,0.58,3.28,4.64,0.85,12.82,0.66,1.00,8.00,2.00,0.23,0.50,0.11,0.03,0.14
..\data\indiv_files\STAT_A_EN_uncorrected\678.txt,1,66,3,43,3,143,3,71,3,0.50,0.04,0.05,0.00,0.00,0.00,66,28,32.80,31.40,0.46,0.62,3.90,5.52,0.84,13.83,0.61,0.69,6.23,1.77,0.13,0.57,0.14,0.14,0.28
..\data\indiv_files\STAT_A_EN_uncorrected\790.txt,1,48,4,31,4,94,8,49,8,0.52,0.16,0.08,0.10,0.10,0.22,48,33,32.60,31.70,0.51,0.66,3.50,4.95,0.85,13.34,0.63,0.70,4.90,1.57,0.14,0.59,0.14,0.08,0.22
..\data\indiv_files\STAT_A_EN_uncorrected\754.txt,1,54,6,33,6,85,6,42,6,0.49,0.14,0.11,0.15,0.31,0.39,54,36,35.70,34.20,0.64,0.72,4.14,5.86,0.90,18.89,0.79,0.85,9.31,2.16,0.26,0.68,0.10,0.07,0.17
..\data\indiv_files\STAT_A_EN_uncorrected\870.txt,1,56,5,32,5,107,12,48,12,0.45,0.25,0.09,0.08,0.08,0.20,56,33,32.70,33.10,0.52,0.67,3.83,5.41,0.86,14.65,0.67,0.92,11.08,2.35,0.25,0.48,0.19,0.04,0.23
..\data\indiv_files\STAT_A_EN_uncorrected\615.txt,1,22,1,12,1,36,1,17,1,0.47,0.06,0.05,0.20,0.20,0.32,22,22,22,22,0.61,0.61,2.59,3.67,0.86,11.32,0.71,0.60,1.80,0.95,0.18,0.71,0.24,0.00,0.24
..\data\indiv_files\STAT_A_EN_uncorrected\759.txt,1,63,7,41,6,96,8,57,7,0.59,0.12,0.11,0.23,0.69,0.59,63,37,39.10,39.40,0.66,0.74,4.55,6.43,0.91,21.48,0.72,0.92,11.08,2.35,0.21,0.56,0.19,0.09,0.28
..\data\indiv_files\STAT_A_EN_uncorrected\753.txt,1,49,3,28,3,87,4,41,4,0.47,0.10,0.06,0.00,0.00,0.00,49,34,34.70,32.80,0.56,0.68,3.71,5.25,0.87,15.09,0.68,0.80,6.40,1.79,0.20,0.67,0.12,0.02,0.15
..\data\indiv_files\STAT_A_EN_uncorrected\910.txt,1,51,5,34,5,103,7,50,7,0.49,0.14,0.10,0.10,0.10,0.22,51,33,31.70,33.00,0.50,0.66,3.55,5.03,0.85,13.27,0.68,1.00,10.00,2.24,0.20,0.58,0.18,0.02,0.20
..\data\indiv_files\STAT_A_EN_uncorrected\814.txt,0,0,0,0,0,0,0,0,0,0,0,0,0,0,0,0,0,0,0,0,0,0,0,0,0,0,0,0,0,0,0,0,0,0
..\data\indiv_files\STAT_A_EN_uncorrected\581.txt,1,44,2,27,2,75,2,40,2,0.53,0.05,0.05,0.00,0.00,0.00,44,34,34.00,34.90,0.59,0.68,3.59,5.08,0.88,15.18,0.68,0.82,7.36,1.92,0.23,0.55,0.10,0.07,0.17
..\data\indiv_files\STAT_A_EN_uncorrected\720.txt,1,39,7,21,7,68,11,33,11,0.49,0.33,0.18,0.20,0.20,0.32,39,31,32.20,31.80,0.57,0.62,3.34,4.73,0.87,13.91,0.64,0.80,3.20,1.26,0.12,0.55,0.09,0.12,0.21
..\data\indiv_files\STAT_A_EN_uncorrected\574.txt,1,69,5,43,5,113,7,59,7,0.52,0.12,0.07,0.07,0.07,0.18,69,38,37.10,36.10,0.61,0.71,4.59,6.49,0.90,19.68,0.73,0.93,13.07,2.56,0.24,0.61,0.17,0.05,0.22
..\data\indiv_files\STAT_A_EN_uncorrected\532.txt,1,51,4,30,4,81,4,43,4,0.53,0.09,0.08,0.00,0.00,0.00,51,34,34.90,34.60,0.63,0.68,4.01,5.67,0.89,18.13,0.70,0.82,7.36,1.92,0.21,0.57,0.12,0.07,0.19
..\data\indiv_files\STAT_A_EN_uncorrected\818.txt,1,56,11,37,11,99,16,54,16,0.55,0.30,0.20,0.21,0.64,0.57,56,33,36.90,33.80,0.57,0.66,3.98,5.63,0.88,16.09,0.69,0.71,7.14,1.89,0.19,0.65,0.09,0.11,0.20
..\data\indiv_files\STAT_A_EN_uncorrected\817.txt,1,64,14,43,14,91,16,49,16,0.54,0.33,0.22,0.08,0.08,0.20,64,41,39.70,41.10,0.70,0.82,4.74,6.71,0.92,25.11,0.88,0.83,8.33,2.04,0.20,0.86,0.14,0.16,0.31
..\data\indiv_files\STAT_A_EN_uncorrected\635.txt,1,49,6,33,6,99,8,52,8,0.53,0.15,0.12,0.12,0.12,0.25,49,27,31.40,28.40,0.49,0.54,3.48,4.92,0.85,13.04,0.63,0.50,2.00,1.00,0.08,0.56,0.13,0.08,0.21
..\data\indiv_files\STAT_A_EN_uncorrected\786.txt,1,42,5,26,5,69,5,35,5,0.51,0.14,0.12,0.50,1.00,0.71,42,35,34.00,36.00,0.61,0.70,3.58,5.06,0.88,15.68,0.74,1.00,4.00,1.41,0.11,0.72,0.20,0.09,0.29
..\data\indiv_files\STAT_A_EN_uncorrected\740.txt,1,55,7,32,7,109,8,49,8,0.45,0.16,0.13,0.20,0.40,0.45,55,39,33.60,33.70,0.50,0.69,3.73,5.27,0.85,13.97,0.65,0.80,6.40,1.79,0.16,0.61,0.18,0.06,0.24
..\data\indiv_files\STAT_A_EN_uncorrected\571.txt,1,67,10,43,9,121,16,64,15,0.53,0.23,0.15,0.08,0.08,0.20,67,34,36.10,36.90,0.55,0.70,4.31,6.09,0.88,16.90,0.67,1.00,13.00,2.55,0.20,0.56,0.17,0.03,0.20
..\data\indiv_files\STAT_A_EN_uncorrected\665.txt,1,62,8,39,7,122,11,60,10,0.49,0.17,0.13,0.13,0.27,0.37,62,35,34.90,32.50,0.51,0.70,3.97,5.61,0.86,14.81,0.65,0.87,11.27,2.37,0.22,0.47,0.15,0.08,0.23
..\data\indiv_files\STAT_A_EN_uncorrected\906.txt,1,46,6,28,6,98,6,46,6,0.47,0.13,0.13,0.33,0.33,0.41,46,32,30.90,29.40,0.47,0.64,3.29,4.65,0.84,12.07,0.61,1.00,3.00,1.22,0.07,0.67,0.11,0.15,0.26
..\data\indiv_files\STAT_A_EN_uncorrected\847.txt,1,49,5,32,4,96,6,49,5,0.51,0.10,0.10,0.00,0.00,0.00,49,31,32.00,33.00,0.51,0.62,3.54,5.00,0.85,13.45,0.65,1.00,5.00,1.58,0.10,0.62,0.20,0.08,0.29
..\data\indiv_files\STAT_A_EN_uncorrected\890.txt,1,54,6,34,6,94,6,47,6,0.50,0.13,0.11,0.00,0.00,0.00,54,30,34.60,38.30,0.57,0.60,3.94,5.57,0.88,16.17,0.72,0.90,8.10,2.01,0.19,0.52,0.21,0.06,0.28
..\data\indiv_files\STAT_A_EN_uncorrected\854.txt,1,47,3,26,3,90,5,43,5,0.48,0.12,0.06,0.00,0.00,0.00,47,29,33.90,31.20,0.52,0.58,3.50,4.95,0.86,13.54,0.60,0.64,4.45,1.49,0.16,0.48,0.12,0.05,0.16
..\data\indiv_files\STAT_A_EN_uncorrected\881.txt,1,56,2,34,2,98,2,52,2,0.53,0.04,0.04,0.00,0.00,0.00,56,36,35.50,34.60,0.57,0.72,4.00,5.66,0.88,16.31,0.65,0.90,8.10,2.01,0.17,0.56,0.15,0.08,0.23
..\data\indiv_files\STAT_A_EN_uncorrected\732.txt,1,65,9,40,9,160,12,76,12,0.47,0.16,0.14,0.20,0.40,0.45,65,29,31.60,28.40,0.41,0.57,3.63,5.14,0.82,12.42,0.53,0.70,4.90,1.57,0.09,0.47,0.13,0.08,0.21
..\data\indiv_files\STAT_A_EN_uncorrected\902.txt,1,49,6,30,6,96,8,42,8,0.44,0.19,0.12,0.33,1.00,0.71,49,29,32.60,31.40,0.51,0.58,3.54,5.00,0.85,13.45,0.71,0.78,5.44,1.65,0.17,0.75,0.19,0.10,0.29
..\data\indiv_files\STAT_A_EN_uncorrected\907.txt,1,77,6,52,6,105,6,61,6,0.58,0.10,0.08,0.00,0.00,0.00,77,39,42.70,42.60,0.73,0.82,5.31,7.51,0.93,30.33,0.85,0.92,10.08,2.25,0.18,0.96,0.15,0.13,0.28
..\data\indiv_files\STAT_A_EN_uncorrected\862.txt,1,54,6,33,6,106,15,55,15,0.52,0.27,0.11,0.09,0.09,0.21,54,32,32.50,34.10,0.51,0.65,3.71,5.24,0.86,14.00,0.60,0.91,9.09,2.13,0.18,0.47,0.15,0.04,0.18
..\data\indiv_files\STAT_A_EN_uncorrected\762.txt,1,84,16,63,16,148,16,88,16,0.59,0.18,0.19,0.11,0.22,0.33,84,39,37.10,36.50,0.57,0.71,4.88,6.90,0.89,19.15,0.72,0.89,14.22,2.67,0.18,0.57,0.18,0.11,0.30
..\data\indiv_files\STAT_A_EN_uncorrected\715.txt,1,42,8,27,8,61,11,34,11,0.56,0.32,0.19,0.00,0.00,0.00,42,36,36.70,35.60,0.69,0.72,3.80,5.38,0.91,19.67,0.79,0.90,8.10,2.01,0.26,0.72,0.18,0.00,0.18
..\data\indiv_files\STAT_A_EN_uncorrected\884.txt,1,55,7,36,7,89,9,45,9,0.51,0.20,0.13,0.22,0.44,0.47,55,34,36.50,34.40,0.62,0.68,4.12,5.83,0.89,18.18,0.80,1.00,9.00,2.12,0.20,0.68,0.16,0.16,0.31
..\data\indiv_files\STAT_A_EN_uncorrected\800.txt,1,53,3,33,3,101,5,50,5,0.50,0.10,0.06,0.00,0.00,0.00,53,36,33.30,31.80,0.52,0.69,3.73,5.27,0.86,14.35,0.66,0.82,7.36,1.92,0.18,0.56,0.10,0.08,0.18
..\data\indiv_files\STAT_A_EN_uncorrected\628.txt,1,79,16,50,14,120,19,61,15,0.51,0.25,0.20,0.22,0.89,0.67,79,42,41.00,40.30,0.66,0.80,5.10,7.21,0.91,23.81,0.82,0.78,10.89,2.33,0.23,0.82,0.08,0.15,0.23
..\data\indiv_files\STAT_A_EN_uncorrected\871.txt,1,56,4,39,4,96,5,51,5,0.53,0.10,0.07,0.11,0.11,0.24,56,35,34.20,35.10,0.58,0.70,4.04,5.72,0.88,16.79,0.76,0.89,7.11,1.89,0.16,0.64,0.20,0.10,0.29
..\data\indiv_files\STAT_A_EN_uncorrected\700.txt,1,50,7,31,6,78,8,41,7,0.53,0.17,0.14,0.00,0.00,0.00,50,35,36.00,36.30,0.64,0.70,4.00,5.66,0.90,18.54,0.76,0.89,7.11,1.89,0.20,0.65,0.20,0.07,0.27
..\data\indiv_files\STAT_A_EN_uncorrected\594.txt,1,65,5,41,5,129,10,64,10,0.50,0.16,0.08,0.07,0.07,0.19,65,35,34.30,35.00,0.50,0.71,4.05,5.72,0.86,14.96,0.64,0.86,10.29,2.27,0.19,0.62,0.11,0.06,0.17
..\data\indiv_files\STAT_A_EN_uncorrected\510.txt,1,76,9,50,9,133,17,79,17,0.59,0.22,0.12,0.15,0.45,0.47,76,35,38.50,36.80,0.57,0.73,4.66,6.59,0.89,18.56,0.63,0.80,12.80,2.53,0.20,0.55,0.13,0.05,0.18
..\data\indiv_files\STAT_A_EN_uncorrected\611.txt,1,67,5,44,5,144,11,78,11,0.54,0.14,0.07,0.00,0.00,0.00,67,32,36.10,33.50,0.47,0.69,3.95,5.58,0.85,14.02,0.56,0.87,11.27,2.37,0.17,0.50,0.10,0.04,0.14
..\data\indiv_files\STAT_A_EN_uncorrected\687.txt,1,58,7,41,7,135,11,76,11,0.56,0.14,0.12,0.00,0.00,0.00,58,34,31.80,30.60,0.43,0.65,3.53,4.99,0.83,12.37,0.54,0.64,4.45,1.49,0.09,0.49,0.18,0.04,0.22
..\data\indiv_files\STAT_A_EN_uncorrected\876.txt,1,36,4,21,4,56,4,30,4,0.54,0.13,0.11,0.22,0.44,0.47,36,33,33.70,33.60,0.64,0.66,3.40,4.81,0.89,15.93,0.70,0.67,4.00,1.41,0.20,0.73,0.17,0.13,0.30
..\data\indiv_files\STAT_A_EN_uncorrected\527.txt,1,29,2,14,2,37,2,16,2,0.43,0.12,0.07,0.00,0.00,0.00,29,29,29,29,0.78,0.78,3.37,4.77,0.93,23.24,0.88,1.00,3.00,1.22,0.19,0.71,0.31,0.06,0.38
..\data\indiv_files\STAT_A_EN_uncorrected\660.txt,1,41,4,24,4,72,8,36,8,0.50,0.22,0.10,0.00,0.00,0.00,41,33,31.60,33.40,0.57,0.66,3.42,4.83,0.87,14.11,0.67,1.00,5.00,1.58,0.14,0.52,0.17,0.03,0.19
..\data\indiv_files\STAT_A_EN_uncorrected\560.txt,1,51,6,35,5,97,6,49,5,0.51,0.10,0.12,0.06,0.06,0.18,51,30,32.70,34.60,0.53,0.60,3.66,5.18,0.86,14.14,0.71,0.81,10.56,2.30,0.27,0.62,0.10,0.04,0.14
..\data\indiv_files\STAT_A_EN_uncorrected\576.txt,1,57,4,34,4,107,6,55,6,0.51,0.11,0.07,0.00,0.00,0.00,57,36,35.20,31.70,0.53,0.69,3.90,5.51,0.87,15.06,0.62,0.71,7.14,1.89,0.18,0.52,0.13,0.05,0.18
..\data\indiv_files\STAT_A_EN_uncorrected\775.txt,1,63,12,38,11,125,17,56,16,0.45,0.29,0.19,0.00,0.00,0.00,63,34,33.70,33.20,0.50,0.67,3.98,5.63,0.86,14.78,0.68,0.77,7.69,1.96,0.18,0.55,0.16,0.04,0.20
..\data\indiv_files\STAT_A_EN_uncorrected\838.txt,1,42,4,24,4,72,12,36,12,0.50,0.33,0.10,0.00,0.00,0.00,42,32,33.30,30.80,0.58,0.64,3.50,4.95,0.87,14.74,0.67,0.80,3.20,1.26,0.11,0.63,0.22,0.06,0.28
..\data\indiv_files\STAT_A_EN_uncorrected\675.txt,1,55,4,34,4,88,6,44,6,0.50,0.14,0.07,0.00,0.00,0.00,55,35,36.20,37.40,0.62,0.70,4.15,5.86,0.90,18.52,0.77,0.90,8.10,2.01,0.20,0.71,0.09,0.09,0.18
..\data\indiv_files\STAT_A_EN_uncorrected\551.txt,1,44,5,28,5,81,7,41,7,0.51,0.17,0.11,0.00,0.00,0.00,44,31,31.30,34.30,0.54,0.62,3.46,4.89,0.86,13.74,0.68,0.89,7.11,1.89,0.20,0.52,0.15,0.07,0.22
..\data\indiv_files\STAT_A_EN_uncorrected\820.txt,1,63,6,43,6,117,7,66,7,0.56,0.11,0.10,0.00,0.00,0.00,63,33,36.60,34.30,0.54,0.69,4.12,5.82,0.87,15.91,0.65,0.75,6.75,1.84,0.14,0.50,0.15,0.14,0.29
..\data\indiv_files\STAT_A_EN_uncorrected\797.txt,1,61,8,36,8,108,12,58,12,0.54,0.21,0.13,0.09,0.09,0.21,61,31,37.10,35.10,0.56,0.68,4.15,5.87,0.88,16.67,0.62,0.82,7.36,1.92,0.16,0.56,0.16,0.05,0.21
..\data\indiv_files\STAT_A_EN_uncorrected\758.txt,1,52,6,30,6,104,10,54,10,0.52,0.19,0.12,0.09,0.09,0.21,52,29,33.90,29.60,0.50,0.65,3.61,5.10,0.85,13.52,0.56,0.73,5.82,1.71,0.15,0.53,0.11,0.04,0.15
..\data\indiv_files\STAT_A_EN_uncorrected\596.txt,1,60,5,35,5,109,7,53,7,0.49,0.13,0.08,0.08,0.08,0.20,60,32,32.90,33.80,0.55,0.68,4.06,5.75,0.87,16.01,0.66,0.77,7.69,1.96,0.19,0.52,0.09,0.09,0.19
..\data\indiv_files\STAT_A_EN_uncorrected\878.txt,1,90,16,64,16,197,20,106,20,0.54,0.19,0.18,0.12,0.38,0.43,90,36,35.30,36.70,0.46,0.70,4.53,6.41,0.85,15.47,0.60,0.75,13.50,2.60,0.17,0.47,0.14,0.09,0.24
..\data\indiv_files\STAT_A_EN_uncorrected\706.txt,1,56,5,35,5,132,10,66,10,0.50,0.15,0.09,0.10,0.10,0.22,56,27,31.00,33.30,0.42,0.61,3.45,4.87,0.82,12.08,0.53,0.80,6.40,1.79,0.12,0.41,0.09,0.11,0.20
..\data\indiv_files\STAT_A_EN_uncorrected\809.txt,1,43,5,28,5,76,5,42,5,0.55,0.12,0.12,0.12,0.12,0.25,43,35,32.40,32.10,0.57,0.70,3.49,4.93,0.87,14.30,0.67,0.75,4.50,1.50,0.14,0.58,0.17,0.12,0.29
..\data\indiv_files\STAT_A_EN_uncorrected\724.txt,1,43,4,25,4,76,6,36,6,0.47,0.17,0.09,0.33,0.67,0.58,43,30,32.50,29.40,0.57,0.60,3.49,4.93,0.87,14.30,0.69,0.83,4.17,1.44,0.14,0.55,0.17,0.08,0.25
..\data\indiv_files\STAT_A_EN_uncorrected\874.txt,1,53,6,30,5,96,7,43,6,0.45,0.14,0.11,0.17,0.17,0.29,53,25,33.70,28.60,0.55,0.50,3.82,5.41,0.87,15.23,0.70,0.83,4.17,1.44,0.12,0.61,0.16,0.09,0.26
..\data\indiv_files\STAT_A_EN_uncorrected\561.txt,0,0,0,0,0,0,0,0,0,0,0,0,0,0,0,0,0,0,0,0,0,0,0,0,0,0,0,0,0,0,0,0,0,0
..\data\indiv_files\STAT_A_EN_uncorrected\735.txt,1,56,5,31,5,117,5,57,5,0.49,0.09,0.09,0.22,0.44,0.47,56,35,34.30,32.90,0.48,0.66,3.66,5.18,0.85,13.37,0.54,0.67,4.00,1.41,0.11,0.60,0.14,0.02,0.16
..\data\indiv_files\STAT_A_EN_uncorrected\796.txt,1,56,6,36,6,108,9,59,9,0.55,0.15,0.11,0.09,0.09,0.21,56,34,33.30,32.90,0.52,0.66,3.81,5.39,0.86,14.50,0.61,0.82,7.36,1.92,0.15,0.48,0.15,0.07,0.22
..\data\indiv_files\STAT_A_EN_uncorrected\605.txt,1,47,4,27,4,102,5,51,5,0.50,0.10,0.09,0.00,0.00,0.00,47,31,31.20,32.10,0.46,0.62,3.29,4.65,0.83,11.99,0.53,0.45,2.27,1.07,0.10,0.43,0.18,0.08,0.25
..\data\indiv_files\STAT_A_EN_uncorrected\739.txt,0,0,0,0,0,0,0,0,0,0,0,0,0,0,0,0,0,0,0,0,0,0,0,0,0,0,0,0,0,0,0,0,0,0
..\data\indiv_files\STAT_A_EN_uncorrected\760.txt,1,46,3,28,3,77,7,41,7,0.53,0.17,0.07,0.00,0.00,0.00,46,31,34.80,34.30,0.60,0.62,3.71,5.24,0.88,15.91,0.68,0.86,5.14,1.60,0.15,0.52,0.12,0.12,0.24
..\data\indiv_files\STAT_A_EN_uncorrected\860.txt,1,22,1,13,1,32,1,14,1,0.44,0.07,0.05,0.00,0.00,0.00,22,22,22,22,0.69,0.69,2.75,3.89,0.89,13.92,0.93,1.00,3.00,1.22,0.21,0.83,0.29,0.07,0.36
..\data\indiv_files\STAT_A_EN_uncorrected\816.txt,1,49,5,32,5,95,6,50,6,0.53,0.12,0.10,0.25,0.50,0.50,49,33,33.90,35.60,0.52,0.66,3.55,5.03,0.85,13.60,0.64,1.00,8.00,2.00,0.16,0.56,0.16,0.06,0.22
..\data\indiv_files\STAT_A_EN_uncorrected\824.txt,1,46,4,24,4,76,5,35,5,0.46,0.14,0.09,0.17,0.17,0.29,46,34,34.10,33.30,0.61,0.68,3.73,5.28,0.88,16.22,0.69,0.83,4.17,1.44,0.14,0.62,0.14,0.03,0.17
..\data\indiv_files\STAT_A_EN_uncorrected\578.txt,1,56,9,36,9,125,15,57,15,0.46,0.26,0.16,0.27,0.82,0.64,56,33,31.40,28.80,0.45,0.61,3.54,5.01,0.83,12.61,0.63,0.91,9.09,2.13,0.18,0.64,0.09,0.05,0.14
..\data\indiv_files\STAT_A_EN_uncorrected\633.txt,1,55,9,37,9,124,12,66,12,0.53,0.18,0.16,0.08,0.08,0.20,55,30,31.80,30.40,0.44,0.63,3.49,4.94,0.83,12.41,0.56,0.75,6.75,1.84,0.14,0.52,0.14,0.06,0.20
..\data\indiv_files\STAT_A_EN_uncorrected\757.txt,1,31,3,16,3,61,5,26,4,0.43,0.15,0.10,0.00,0.00,0.00,31,28,27.90,25.70,0.51,0.56,2.81,3.97,0.84,10.84,0.62,0.71,3.57,1.34,0.19,0.56,0.12,0.00,0.12
..\data\indiv_files\STAT_A_EN_uncorrected\752.txt,1,72,7,48,7,161,10,85,10,0.53,0.12,0.10,0.05,0.05,0.16,72,32,33.80,32.30,0.45,0.67,4.01,5.67,0.84,13.93,0.56,0.74,10.32,2.27,0.16,0.56,0.11,0.05,0.15
..\data\indiv_files\STAT_A_EN_uncorrected\899.txt,1,55,2,32,2,102,2,52,2,0.51,0.04,0.04,0.08,0.08,0.20,55,31,34.70,34.90,0.54,0.67,3.85,5.45,0.87,15.04,0.62,0.69,6.23,1.77,0.17,0.62,0.10,0.04,0.13
..\data\indiv_files\STAT_A_EN_uncorrected\513.txt,1,42,3,23,2,88,7,39,6,0.44,0.15,0.07,0.00,0.00,0.00,42,30,28.50,30.20,0.48,0.60,3.17,4.48,0.83,11.77,0.59,1.00,3.00,1.22,0.08,0.48,0.13,0.13,0.26
..\data\indiv_files\STAT_A_EN_uncorrected\639.txt,1,44,6,28,6,83,9,39,9,0.47,0.23,0.14,0.33,0.67,0.58,44,32,31.90,32.40,0.53,0.64,3.42,4.83,0.86,13.36,0.72,0.83,4.17,1.44,0.13,0.67,0.26,0.05,0.31
..\data\indiv_files\STAT_A_EN_uncorrected\826.txt,1,43,3,27,3,68,4,33,4,0.49,0.12,0.07,0.00,0.00,0.00,43,33,34.70,32.30,0.63,0.66,3.69,5.21,0.89,16.87,0.82,1.00,6.00,1.73,0.18,0.70,0.21,0.00,0.21
..\data\indiv_files\STAT_A_EN_uncorrected\922.txt,1,46,5,31,5,73,9,41,9,0.56,0.22,0.11,0.00,0.00,0.00,46,35,34.80,34.80,0.63,0.70,3.81,5.38,0.89,17.31,0.76,1.00,6.00,1.73,0.15,0.70,0.17,0.05,0.22
..\data\indiv_files\STAT_A_EN_uncorrected\595.txt,1,52,5,32,4,111,6,54,5,0.49,0.09,0.10,0.00,0.00,0.00,52,32,31.40,31.60,0.47,0.64,3.49,4.94,0.84,12.70,0.59,0.88,12.25,2.47,0.26,0.46,0.07,0.07,0.15
..\data\indiv_files\STAT_A_EN_uncorrected\865.txt,0,0,0,0,0,0,0,0,0,0,0,0,0,0,0,0,0,0,0,0,0,0,0,0,0,0,0,0,0,0,0,0,0,0
..\data\indiv_files\STAT_A_EN_uncorrected\795.txt,1,68,10,44,10,150,13,78,13,0.52,0.17,0.15,0.18,0.36,0.43,68,33,33.70,33.70,0.45,0.69,3.93,5.55,0.84,13.78,0.56,0.82,7.36,1.92,0.12,0.50,0.17,0.08,0.24
..\data\indiv_files\STAT_A_EN_uncorrected\599.txt,1,54,4,35,4,123,5,64,5,0.52,0.08,0.07,0.07,0.07,0.19,54,33,29.70,31.80,0.44,0.64,3.44,4.87,0.83,12.22,0.55,0.71,7.14,1.89,0.16,0.42,0.14,0.06,0.20
..\data\indiv_files\STAT_A_EN_uncorrected\905.txt,1,62,9,36,7,136,23,64,20,0.47,0.31,0.15,0.18,0.36,0.43,62,31,32.90,33.50,0.46,0.68,3.76,5.32,0.84,13.34,0.56,0.55,3.27,1.28,0.09,0.52,0.09,0.17,0.27
..\data\indiv_files\STAT_A_EN_uncorrected\763.txt,1,52,3,32,3,111,5,51,5,0.46,0.10,0.06,0.11,0.11,0.24,52,36,32.20,30.60,0.47,0.64,3.49,4.94,0.84,12.70,0.63,0.67,4.00,1.41,0.12,0.57,0.14,0.08,0.22
..\data\indiv_files\STAT_A_EN_uncorrected\505.txt,1,44,3,27,3,84,3,42,3,0.50,0.07,0.07,0.12,0.12,0.25,44,32,30.50,29.30,0.52,0.64,3.39,4.80,0.85,13.19,0.64,0.75,4.50,1.50,0.14,0.67,0.14,0.10,0.24
..\data\indiv_files\STAT_A_EN_uncorrected\821.txt,0,0,0,0,0,0,0,0,0,0,0,0,0,0,0,0,0,0,0,0,0,0,0,0,0,0,0,0,0,0,0,0,0,0
..\data\indiv_files\STAT_A_EN_uncorrected\784.txt,1,46,6,26,6,92,8,43,8,0.47,0.19,0.13,0.14,0.14,0.27,46,29,30.90,31.10,0.50,0.58,3.39,4.80,0.85,12.81,0.60,0.86,5.14,1.60,0.14,0.52,0.16,0.07,0.23
..\data\indiv_files\STAT_A_EN_uncorrected\806.txt,1,26,6,17,6,38,8,24,8,0.63,0.33,0.23,0.33,0.33,0.41,26,26,26,26,0.68,0.68,2.98,4.22,0.90,15.14,0.71,1.00,3.00,1.22,0.12,0.62,0.21,0.08,0.29
..\data\indiv_files\STAT_A_EN_uncorrected\558.txt,1,53,7,34,7,111,9,55,9,0.50,0.16,0.13,0.00,0.00,0.00,53,30,31.70,33.00,0.48,0.66,3.56,5.03,0.84,13.03,0.62,0.82,7.36,1.92,0.16,0.52,0.13,0.11,0.24
..\data\indiv_files\STAT_A_EN_uncorrected\533.txt,1,35,2,16,2,67,3,31,3,0.46,0.10,0.06,0.00,0.00,0.00,35,28,29.40,29.50,0.52,0.56,3.02,4.28,0.85,11.82,0.52,0.75,2.25,1.06,0.10,0.41,0.19,0.03,0.23
..\data\indiv_files\STAT_A_EN_uncorrected\583.txt,1,72,14,47,14,118,17,63,17,0.53,0.27,0.19,0.09,0.09,0.21,72,42,38.40,36.50,0.61,0.77,4.69,6.63,0.90,20.01,0.75,0.82,7.36,1.92,0.14,0.64,0.21,0.06,0.27
..\data\indiv_files\STAT_A_EN_uncorrected\692.txt,1,50,8,33,8,80,9,45,9,0.56,0.20,0.16,0.18,0.36,0.43,50,36,34.20,33.70,0.62,0.72,3.95,5.59,0.89,17.74,0.73,1.00,11.00,2.35,0.24,0.54,0.13,0.04,0.18
..\data\indiv_files\STAT_A_EN_uncorrected\811.txt,0,0,0,0,0,0,0,0,0,0,0,0,0,0,0,0,0,0,0,0,0,0,0,0,0,0,0,0,0,0,0,0,0,0
..\data\indiv_files\STAT_A_EN_uncorrected\917.txt,1,66,4,42,3,152,6,71,5,0.47,0.07,0.06,0.00,0.00,0.00,66,29,31.70,31.70,0.43,0.60,3.79,5.35,0.83,13.14,0.59,0.75,6.75,1.84,0.13,0.50,0.18,0.07,0.25
..\data\indiv_files\STAT_A_EN_uncorrected\582.txt,1,35,4,22,4,57,5,32,5,0.56,0.16,0.11,0.00,0.00,0.00,35,29,31.90,29.70,0.61,0.58,3.28,4.64,0.88,14.56,0.69,0.78,5.44,1.65,0.22,0.73,0.12,0.03,0.16
..\data\indiv_files\STAT_A_EN_uncorrected\855.txt,1,40,4,26,4,58,5,31,5,0.53,0.16,0.10,0.00,0.00,0.00,40,37,35.50,36.90,0.69,0.74,3.71,5.25,0.91,19.27,0.84,1.00,7.00,1.87,0.23,0.75,0.16,0.06,0.23
..\data\indiv_files\STAT_A_EN_uncorrected\555.txt,1,53,4,31,4,92,5,42,5,0.46,0.12,0.08,0.00,0.00,0.00,53,34,35.30,34.40,0.58,0.68,3.91,5.53,0.88,16.10,0.74,0.90,8.10,2.01,0.21,0.61,0.17,0.10,0.26
..\data\indiv_files\STAT_A_EN_uncorrected\652.txt,1,64,10,40,10,121,16,71,16,0.59,0.23,0.16,0.14,0.29,0.38,64,38,35.70,32.60,0.53,0.68,4.11,5.82,0.87,15.68,0.56,0.71,7.14,1.89,0.14,0.48,0.20,0.08,0.28
..\data\indiv_files\STAT_A_EN_uncorrected\695.txt,1,53,10,34,9,91,10,46,9,0.51,0.20,0.19,0.08,0.08,0.20,53,37,34.30,32.90,0.58,0.74,3.93,5.56,0.88,16.35,0.74,0.83,8.33,2.04,0.22,0.67,0.09,0.04,0.13
..\data\indiv_files\STAT_A_EN_uncorrected\748.txt,1,52,2,30,2,116,5,54,5,0.47,0.09,0.04,0.00,0.00,0.00,52,33,32.10,32.10,0.45,0.64,3.41,4.83,0.83,12.23,0.56,0.73,5.82,1.71,0.15,0.44,0.13,0.09,0.22
..\data\indiv_files\STAT_A_EN_uncorrected\538.txt,1,2,1,2,1,2,1,2,1,1.00,0.50,0.50,0,0,0,2,2,2,2,1.00,1.00,1.00,1.41,1.00,NaN,1.00,0,0,0,0.00,1.00,0.00,0.00,0.00
..\data\indiv_files\STAT_A_EN_uncorrected\552.txt,1,48,5,29,5,86,7,44,7,0.51,0.16,0.10,0.09,0.09,0.21,48,34,34.10,31.60,0.56,0.68,3.66,5.18,0.87,14.78,0.66,0.64,4.45,1.49,0.16,0.57,0.18,0.09,0.27
..\data\indiv_files\STAT_A_EN_uncorrected\668.txt,1,41,3,25,3,70,6,32,6,0.46,0.19,0.07,0.14,0.14,0.27,41,32,31.90,30.10,0.59,0.64,3.47,4.90,0.87,14.65,0.78,0.86,5.14,1.60,0.19,0.71,0.25,0.03,0.28
..\data\indiv_files\STAT_A_EN_uncorrected\511.txt,1,51,9,33,9,103,19,55,19,0.53,0.35,0.18,0.12,0.12,0.25,51,27,32.90,34.60,0.50,0.59,3.55,5.03,0.85,13.27,0.60,1.00,8.00,2.00,0.15,0.38,0.15,0.13,0.27
..\data\indiv_files\STAT_A_EN_uncorrected\676.txt,0,0,0,0,0,0,0,0,0,0,0,0,0,0,0,0,0,0,0,0,0,0,0,0,0,0,0,0,0,0,0,0,0,0
..\data\indiv_files\STAT_A_EN_uncorrected\509.txt,1,52,3,33,3,90,5,49,5,0.54,0.10,0.06,0.00,0.00,0.00,52,32,35.20,35.10,0.58,0.64,3.88,5.48,0.88,16.03,0.67,0.80,6.40,1.79,0.16,0.58,0.12,0.08,0.20
..\data\indiv_files\STAT_A_EN_uncorrected\619.txt,1,69,7,41,7,158,11,82,11,0.52,0.13,0.10,0.19,0.56,0.53,69,32,32.50,33.50,0.44,0.65,3.88,5.49,0.84,13.44,0.50,0.75,9.00,2.12,0.15,0.40,0.10,0.05,0.15
..\data\indiv_files\STAT_A_EN_uncorrected\698.txt,1,47,8,31,8,79,9,43,9,0.54,0.21,0.17,0.00,0.00,0.00,47,34,34.40,36.10,0.59,0.68,3.74,5.29,0.88,15.97,0.72,1.00,8.00,2.00,0.19,0.60,0.09,0.12,0.21
..\data\indiv_files\STAT_A_EN_uncorrected\659.txt,1,69,13,48,13,149,18,79,18,0.53,0.23,0.19,0.18,0.53,0.51,69,38,33.60,33.00,0.46,0.70,4.00,5.65,0.85,14.13,0.61,0.82,11.53,2.40,0.18,0.56,0.13,0.06,0.19
..\data\indiv_files\STAT_A_EN_uncorrected\891.txt,1,48,7,33,7,77,9,41,9,0.53,0.22,0.15,0.14,0.14,0.27,48,36,34.60,33.40,0.62,0.72,3.87,5.47,0.89,17.34,0.80,1.00,7.00,1.87,0.17,0.71,0.17,0.05,0.22
..\data\indiv_files\STAT_A_EN_uncorrected\721.txt,1,39,5,25,5,61,6,30,6,0.49,0.20,0.13,0.14,0.14,0.27,39,37,34.80,34.80,0.64,0.74,3.53,4.99,0.89,16.41,0.83,1.00,7.00,1.87,0.23,0.85,0.13,0.10,0.23
..\data\indiv_files\STAT_A_EN_uncorrected\691.txt,1,63,9,41,9,127,15,66,15,0.52,0.23,0.14,0.17,0.50,0.50,63,34,34.40,35.00,0.50,0.70,3.95,5.59,0.86,14.54,0.62,0.89,14.22,2.67,0.24,0.47,0.15,0.06,0.21
..\data\indiv_files\STAT_A_EN_uncorrected\644.txt,1,51,5,30,5,87,7,48,7,0.55,0.15,0.10,0.09,0.09,0.21,51,31,34.30,33.40,0.59,0.62,3.87,5.47,0.88,16.22,0.62,0.82,7.36,1.92,0.19,0.48,0.17,0.06,0.23
..\data\indiv_files\STAT_A_EN_uncorrected\682.txt,1,41,10,25,9,67,12,36,11,0.54,0.31,0.24,0.33,1.33,0.82,41,32,33.10,30.90,0.61,0.64,3.54,5.01,0.88,15.63,0.69,0.75,6.75,1.84,0.25,0.57,0.14,0.08,0.22
..\data\indiv_files\STAT_A_EN_uncorrected\616.txt,1,67,5,46,5,179,10,95,10,0.53,0.11,0.07,0.08,0.08,0.20,67,25,33.30,31.50,0.37,0.60,3.54,5.01,0.81,11.89,0.48,0.83,8.33,2.04,0.11,0.40,0.13,0.09,0.22
..\data\indiv_files\STAT_A_EN_uncorrected\529.txt,1,32,3,19,3,53,6,25,5,0.47,0.20,0.09,0.00,0.00,0.00,32,31,30.40,30.60,0.60,0.62,3.11,4.40,0.87,13.57,0.76,1.00,3.00,1.22,0.12,0.80,0.20,0.04,0.24
..\data\indiv_files\STAT_A_EN_uncorrected\850.txt,1,56,2,34,2,116,2,59,2,0.51,0.03,0.04,0.00,0.00,0.00,56,33,32.40,31.40,0.48,0.62,3.68,5.20,0.85,13.48,0.58,1.00,7.00,1.87,0.12,0.50,0.14,0.08,0.22
..\data\indiv_files\STAT_A_EN_uncorrected\908.txt,1,37,1,23,1,67,1,34,1,0.51,0.03,0.03,0.00,0.00,0.00,37,28,30.90,30.40,0.55,0.56,3.20,4.52,0.86,12.93,0.68,1.00,5.00,1.58,0.15,0.56,0.21,0.06,0.26
..\data\indiv_files\STAT_A_EN_uncorrected\799.txt,1,55,5,38,5,113,7,58,7,0.51,0.12,0.09,0.09,0.09,0.21,55,34,32.50,30.50,0.49,0.64,3.66,5.17,0.85,13.48,0.66,0.91,9.09,2.13,0.17,0.63,0.17,0.05,0.22
..\data\indiv_files\STAT_A_EN_uncorrected\918.txt,1,60,7,39,7,105,7,51,7,0.49,0.14,0.12,0.10,0.10,0.22,60,32,36.00,35.50,0.57,0.68,4.14,5.86,0.88,16.81,0.76,0.90,8.10,2.01,0.18,0.78,0.22,0.04,0.25
..\data\indiv_files\STAT_A_EN_uncorrected\609.txt,1,61,7,40,6,103,11,52,8,0.50,0.15,0.11,0.06,0.06,0.17,61,36,35.90,34.70,0.59,0.71,4.25,6.01,0.89,17.81,0.77,0.88,13.24,2.57,0.29,0.71,0.10,0.10,0.19
..\data\indiv_files\STAT_A_EN_uncorrected\813.txt,1,40,1,24,1,59,1,31,1,0.53,0.03,0.03,0.00,0.00,0.00,40,34,34.40,34.50,0.68,0.68,3.68,5.21,0.90,18.58,0.77,1.00,5.00,1.58,0.16,0.59,0.26,0.03,0.29
..\data\indiv_files\STAT_A_EN_uncorrected\772.txt,1,51,6,31,6,86,6,43,6,0.50,0.14,0.12,0.14,0.14,0.27,51,40,37.60,35.80,0.59,0.80,3.89,5.50,0.88,16.49,0.72,1.00,7.00,1.87,0.16,0.82,0.14,0.07,0.21
..\data\indiv_files\STAT_A_EN_uncorrected\776.txt,1,41,5,27,5,87,7,44,7,0.51,0.16,0.12,0.14,0.14,0.27,41,31,30.50,33.00,0.47,0.62,3.11,4.40,0.83,11.51,0.61,0.71,3.57,1.34,0.11,0.63,0.14,0.09,0.23
..\data\indiv_files\STAT_A_EN_uncorrected\623.txt,1,43,3,28,3,78,4,44,4,0.56,0.09,0.07,0.07,0.07,0.19,43,31,33.40,32.00,0.55,0.62,3.44,4.87,0.86,13.84,0.64,0.79,8.64,2.08,0.25,0.50,0.11,0.07,0.18
..\data\indiv_files\STAT_A_EN_uncorrected\897.txt,1,41,8,24,8,84,11,44,11,0.52,0.25,0.20,0.09,0.09,0.21,41,28,29.00,29.40,0.49,0.56,3.16,4.47,0.84,11.89,0.55,0.64,4.45,1.49,0.16,0.35,0.16,0.05,0.20
..\data\indiv_files\STAT_A_EN_uncorrected\823.txt,0,0,0,0,0,0,0,0,0,0,0,0,0,0,0,0,0,0,0,0,0,0,0,0,0,0,0,0,0,0,0,0,0,0
..\data\indiv_files\STAT_A_EN_uncorrected\802.txt,1,31,3,20,3,52,5,28,5,0.54,0.18,0.10,0.10,0.10,0.22,31,31,30.30,30.40,0.60,0.62,3.04,4.30,0.87,13.11,0.71,0.80,6.40,1.79,0.29,0.64,0.07,0.14,0.21
..\data\indiv_files\STAT_A_EN_uncorrected\861.txt,1,56,6,35,6,113,7,58,7,0.51,0.12,0.11,0.50,1.00,0.71,56,35,33.90,33.00,0.50,0.69,3.73,5.27,0.85,13.83,0.60,1.00,4.00,1.41,0.07,0.52,0.22,0.07,0.29
..\data\indiv_files\STAT_A_EN_uncorrected\843.txt,1,59,6,38,6,103,9,57,9,0.55,0.16,0.10,0.17,0.17,0.29,59,35,34.70,33.90,0.57,0.68,4.11,5.81,0.88,16.74,0.67,1.00,6.00,1.73,0.11,0.63,0.18,0.14,0.32
..\data\indiv_files\STAT_A_EN_uncorrected\667.txt,1,55,5,32,5,113,10,55,10,0.49,0.18,0.09,0.00,0.00,0.00,55,32,32.60,31.50,0.49,0.67,3.66,5.17,0.85,13.48,0.58,0.73,5.82,1.71,0.15,0.48,0.18,0.04,0.22
..\data\indiv_files\STAT_A_EN_uncorrected\726.txt,1,36,5,21,5,56,6,31,6,0.55,0.19,0.14,0.20,0.20,0.32,36,35,33.50,33.20,0.64,0.70,3.40,4.81,0.89,15.93,0.68,1.00,5.00,1.58,0.16,0.56,0.16,0.10,0.26
..\data\indiv_files\STAT_A_EN_uncorrected\766.txt,1,40,8,25,8,65,10,32,10,0.49,0.31,0.20,0.40,0.80,0.63,40,33,33.80,32.10,0.62,0.66,3.51,4.96,0.88,15.59,0.78,1.00,5.00,1.58,0.16,0.67,0.19,0.09,0.28
..\data\indiv_files\STAT_A_EN_uncorrected\544.txt,1,52,2,31,2,92,4,45,4,0.49,0.09,0.04,0.00,0.00,0.00,52,35,34.20,34.20,0.57,0.70,3.83,5.42,0.87,15.56,0.69,0.91,9.09,2.13,0.22,0.64,0.16,0.02,0.18
..\data\indiv_files\STAT_A_EN_uncorrected\608.txt,1,42,3,26,3,73,4,36,4,0.49,0.11,0.07,0.00,0.00,0.00,42,27,33.80,30.70,0.58,0.54,3.48,4.92,0.87,14.46,0.72,1.00,5.00,1.58,0.14,0.61,0.19,0.08,0.28
..\data\indiv_files\STAT_A_EN_uncorrected\856.txt,1,52,7,33,7,111,10,52,10,0.47,0.19,0.13,0.12,0.12,0.25,52,29,32.40,31.60,0.47,0.62,3.49,4.94,0.84,12.70,0.63,0.75,4.50,1.50,0.12,0.59,0.13,0.06,0.19
..\data\indiv_files\STAT_A_EN_uncorrected\536.txt,1,50,7,30,7,94,7,45,7,0.48,0.16,0.14,0.29,0.57,0.53,50,29,32.90,32.50,0.53,0.58,3.65,5.16,0.86,14.20,0.67,1.00,7.00,1.87,0.16,0.48,0.20,0.04,0.24
..\data\indiv_files\STAT_A_EN_uncorrected\787.txt,1,48,3,27,3,82,4,42,4,0.51,0.10,0.06,0.00,0.00,0.00,48,32,34.70,32.60,0.59,0.64,3.75,5.30,0.88,15.75,0.64,1.00,5.00,1.58,0.12,0.50,0.26,0.05,0.31
..\data\indiv_files\STAT_A_EN_uncorrected\523.txt,1,38,5,23,5,60,6,33,6,0.55,0.18,0.13,0.20,0.40,0.45,38,33,33.40,32.40,0.63,0.66,3.47,4.91,0.89,15.94,0.70,0.90,8.10,2.01,0.27,0.56,0.12,0.03,0.15
..\data\indiv_files\STAT_A_EN_uncorrected\723.txt,1,59,7,38,7,134,8,72,8,0.54,0.11,0.12,0.17,0.50,0.50,59,36,33.70,34.10,0.44,0.70,3.60,5.10,0.83,12.70,0.53,0.72,9.39,2.17,0.18,0.48,0.07,0.08,0.15
..\data\indiv_files\STAT_A_EN_uncorrected\863.txt,1,22,2,15,2,35,2,20,2,0.57,0.10,0.09,0.00,0.00,0.00,22,22,22,22,0.63,0.63,2.63,3.72,0.87,11.82,0.75,0.67,1.33,0.82,0.10,0.64,0.15,0.15,0.30
..\data\indiv_files\STAT_A_EN_uncorrected\892.txt,1,68,9,48,9,130,10,75,10,0.58,0.13,0.13,0.00,0.00,0.00,68,34,34.60,31.00,0.52,0.64,4.22,5.96,0.87,15.88,0.64,0.75,11.25,2.37,0.20,0.61,0.11,0.13,0.24
..\data\indiv_files\STAT_A_EN_uncorrected\556.txt,1,38,6,22,5,67,9,32,8,0.48,0.25,0.16,0.17,0.17,0.29,38,31,31.40,31.70,0.57,0.62,3.28,4.64,0.87,13.54,0.69,1.00,6.00,1.73,0.19,0.50,0.16,0.06,0.22
..\data\indiv_files\STAT_A_EN_uncorrected\834.txt,1,43,6,25,5,67,9,36,8,0.54,0.22,0.14,0.11,0.11,0.24,43,32,35.40,34.30,0.64,0.64,3.71,5.25,0.89,17.31,0.69,0.78,5.44,1.65,0.19,0.61,0.08,0.11,0.19
..\data\indiv_files\STAT_A_EN_uncorrected\617.txt,1,49,8,32,8,89,15,50,15,0.56,0.30,0.16,0.27,0.82,0.64,49,33,34.30,32.50,0.55,0.66,3.67,5.19,0.87,14.66,0.64,0.91,9.09,2.13,0.20,0.41,0.16,0.06,0.22
..\data\indiv_files\STAT_A_EN_uncorrected\585.txt,1,59,8,40,7,108,11,59,10,0.55,0.17,0.14,0.00,0.00,0.00,59,37,33.30,34.60,0.55,0.67,4.01,5.68,0.87,15.75,0.68,0.90,8.10,2.01,0.15,0.62,0.15,0.05,0.20
..\data\indiv_files\STAT_A_EN_uncorrected\685.txt,1,48,5,29,5,98,9,47,9,0.48,0.19,0.10,0.00,0.00,0.00,48,36,31.10,31.10,0.49,0.72,3.43,4.85,0.84,12.79,0.62,0.83,4.17,1.44,0.11,0.62,0.17,0.04,0.21
..\data\indiv_files\STAT_A_EN_uncorrected\833.txt,1,79,12,53,10,146,14,81,12,0.55,0.15,0.15,0.11,0.22,0.33,79,34,37.80,38.00,0.54,0.73,4.62,6.54,0.88,17.56,0.65,0.78,10.89,2.33,0.17,0.54,0.16,0.11,0.27
..\data\indiv_files\STAT_A_EN_uncorrected\836.txt,1,70,14,46,13,158,21,81,20,0.51,0.25,0.20,0.12,0.25,0.35,70,34,33.50,31.70,0.44,0.67,3.94,5.57,0.84,13.67,0.57,0.88,12.25,2.47,0.17,0.43,0.15,0.04,0.19
..\data\indiv_files\STAT_A_EN_uncorrected\830.txt,1,40,5,21,5,64,6,28,6,0.44,0.21,0.12,0.29,0.57,0.53,40,33,33.90,33.40,0.62,0.66,3.54,5.00,0.89,15.98,0.75,0.86,5.14,1.60,0.21,0.67,0.04,0.07,0.11
..\data\indiv_files\STAT_A_EN_uncorrected\737.txt,1,53,5,38,5,92,7,52,7,0.57,0.13,0.09,0.00,0.00,0.00,53,32,34.00,35.70,0.58,0.64,3.91,5.53,0.88,16.10,0.73,1.00,10.00,2.24,0.19,0.59,0.17,0.06,0.23
..\data\indiv_files\STAT_A_EN_uncorrected\858.txt,1,50,8,31,8,86,12,51,12,0.59,0.24,0.16,0.11,0.11,0.24,50,36,35.50,34.80,0.58,0.72,3.81,5.39,0.88,15.89,0.61,0.89,7.11,1.89,0.16,0.56,0.14,0.06,0.20
..\data\indiv_files\STAT_A_EN_uncorrected\670.txt,1,37,6,23,6,72,11,36,11,0.50,0.31,0.16,0.50,0.50,0.50,37,34,29.90,30.70,0.51,0.68,3.08,4.36,0.84,11.93,0.64,1.00,2.00,1.00,0.06,0.67,0.19,0.06,0.25
..\data\indiv_files\STAT_A_EN_uncorrected\916.txt,1,44,6,28,6,68,6,38,6,0.56,0.16,0.14,0.00,0.00,0.00,44,36,36.00,37.30,0.65,0.72,3.77,5.34,0.90,17.76,0.74,1.00,6.00,1.73,0.16,0.70,0.21,0.05,0.26
..\data\indiv_files\STAT_A_EN_uncorrected\702.txt,1,59,6,40,6,103,7,57,7,0.55,0.12,0.10,0.17,0.33,0.41,59,34,36.10,31.80,0.57,0.70,4.11,5.81,0.88,16.74,0.70,0.92,10.08,2.25,0.19,0.64,0.11,0.09,0.19
..\data\indiv_files\STAT_A_EN_uncorrected\577.txt,1,46,7,28,7,92,7,44,7,0.48,0.16,0.15,0.29,0.57,0.53,46,30,31.30,30.70,0.50,0.60,3.39,4.80,0.85,12.81,0.64,0.86,5.14,1.60,0.14,0.48,0.16,0.11,0.27
..\data\indiv_files\STAT_A_EN_uncorrected\631.txt,0,0,0,0,0,0,0,0,0,0,0,0,0,0,0,0,0,0,0,0,0,0,0,0,0,0,0,0,0,0,0,0,0,0
..\data\indiv_files\STAT_A_EN_uncorrected\810.txt,1,48,9,29,8,71,11,35,10,0.49,0.29,0.19,0.25,0.50,0.50,48,38,36.70,36.20,0.68,0.76,4.03,5.70,0.91,20.16,0.83,0.88,6.12,1.75,0.20,0.84,0.14,0.09,0.23
..\data\indiv_files\STAT_A_EN_uncorrected\851.txt,1,39,5,23,5,75,11,41,11,0.55,0.27,0.13,0.12,0.12,0.25,39,27,29.40,28.10,0.52,0.54,3.18,4.50,0.85,12.38,0.56,0.75,4.50,1.50,0.15,0.39,0.15,0.07,0.22
..\data\indiv_files\STAT_A_EN_uncorrected\880.txt,1,40,3,24,3,71,5,42,5,0.59,0.12,0.07,0.00,0.00,0.00,40,33,32.10,33.30,0.56,0.66,3.36,4.75,0.87,13.75,0.57,0.78,5.44,1.65,0.17,0.50,0.05,0.07,0.12
..\data\indiv_files\STAT_A_EN_uncorrected\778.txt,1,39,2,21,2,59,2,27,2,0.46,0.07,0.05,0.00,0.00,0.00,39,35,35.40,34.00,0.66,0.70,3.59,5.08,0.90,17.44,0.78,0.75,4.50,1.50,0.22,0.69,0.11,0.11,0.22
..\data\indiv_files\STAT_A_EN_uncorrected\798.txt,1,64,12,40,11,137,18,68,16,0.50,0.24,0.19,0.17,0.50,0.50,64,32,33.40,33.30,0.47,0.68,3.87,5.47,0.85,13.81,0.59,0.78,10.89,2.33,0.21,0.50,0.07,0.06,0.13
..\data\indiv_files\STAT_A_EN_uncorrected\747.txt,1,51,8,31,8,111,20,56,20,0.50,0.36,0.16,0.25,0.50,0.50,51,28,31.70,36.10,0.46,0.68,3.42,4.84,0.83,12.39,0.55,0.88,6.12,1.75,0.12,0.55,0.09,0.09,0.18
..\data\indiv_files\STAT_A_EN_uncorrected\593.txt,1,53,5,33,5,113,9,60,9,0.53,0.15,0.09,0.10,0.10,0.22,53,30,32.90,29.60,0.47,0.64,3.53,4.99,0.84,12.82,0.55,0.70,4.90,1.57,0.12,0.55,0.13,0.05,0.18
..\data\indiv_files\STAT_A_EN_uncorrected\920.txt,1,51,5,36,4,97,7,52,6,0.54,0.12,0.10,0.00,0.00,0.00,51,31,31.60,31.30,0.53,0.62,3.66,5.18,0.86,14.14,0.69,0.82,7.36,1.92,0.17,0.54,0.21,0.06,0.27
..\data\indiv_files\STAT_A_EN_uncorrected\534.txt,1,75,13,49,13,157,22,85,22,0.54,0.26,0.17,0.16,0.47,0.49,75,38,35.70,34.90,0.48,0.70,4.23,5.99,0.85,15.03,0.58,0.84,13.47,2.60,0.19,0.49,0.12,0.06,0.18
..\data\indiv_files\STAT_A_EN_uncorrected\898.txt,1,41,2,23,2,73,2,33,2,0.45,0.06,0.05,0.29,0.57,0.53,41,32,32.30,32.00,0.56,0.64,3.39,4.80,0.87,13.86,0.70,1.00,7.00,1.87,0.21,0.47,0.09,0.12,0.21
..\data\indiv_files\STAT_A_EN_uncorrected\637.txt,1,38,1,18,1,71,2,31,2,0.44,0.06,0.03,0.00,0.00,0.00,38,27,30.60,27.80,0.54,0.54,3.19,4.51,0.85,12.62,0.58,0.67,2.67,1.15,0.13,0.47,0.19,0.03,0.23
..\data\indiv_files\STAT_A_EN_uncorrected\620.txt,0,0,0,0,0,0,0,0,0,0,0,0,0,0,0,0,0,0,0,0,0,0,0,0,0,0,0,0,0,0,0,0,0,0
..\data\indiv_files\STAT_A_EN_uncorrected\727.txt,1,43,2,26,2,64,2,35,2,0.55,0.06,0.05,0.17,0.17,0.29,43,36,36.10,36.50,0.67,0.72,3.80,5.38,0.90,18.89,0.74,1.00,6.00,1.73,0.17,0.53,0.23,0.11,0.34
..\data\indiv_files\STAT_A_EN_uncorrected\501.txt,1,26,2,15,2,34,2,16,2,0.47,0.12,0.08,0.00,0.00,0.00,26,26,26,26,0.76,0.76,3.15,4.46,0.92,20.13,0.94,1.00,3.00,1.22,0.19,0.89,0.19,0.06,0.25
..\data\indiv_files\STAT_A_EN_uncorrected\671.txt,1,51,6,33,6,90,8,43,8,0.48,0.19,0.12,0.12,0.12,0.25,51,35,33.40,33.50,0.57,0.70,3.80,5.38,0.87,15.48,0.77,1.00,8.00,2.00,0.19,0.68,0.14,0.02,0.16
..\data\indiv_files\STAT_A_EN_uncorrected\767.txt,1,48,7,30,7,95,10,48,10,0.51,0.21,0.15,0.08,0.08,0.20,48,35,33.50,33.00,0.51,0.70,3.48,4.92,0.85,13.19,0.62,0.67,5.33,1.63,0.17,0.50,0.19,0.02,0.21
..\data\indiv_files\STAT_A_EN_uncorrected\601.txt,1,58,3,33,3,104,4,53,4,0.51,0.08,0.05,0.09,0.09,0.21,58,34,35.10,35.80,0.56,0.72,4.02,5.69,0.87,16.04,0.62,0.82,7.36,1.92,0.17,0.65,0.09,0.09,0.19
..\data\indiv_files\STAT_A_EN_uncorrected\780.txt,1,68,8,48,8,137,10,64,10,0.47,0.16,0.12,0.00,0.00,0.00,68,33,33.00,33.80,0.50,0.67,4.11,5.81,0.86,15.01,0.75,0.92,11.08,2.35,0.19,0.67,0.19,0.08,0.27
..\data\indiv_files\STAT_A_EN_uncorrected\864.txt,1,51,3,32,3,105,3,52,3,0.50,0.06,0.06,0.00,0.00,0.00,51,33,33.40,33.30,0.49,0.65,3.52,4.98,0.84,13.03,0.62,0.73,5.82,1.71,0.15,0.67,0.15,0.04,0.19
..\data\indiv_files\STAT_A_EN_uncorrected\638.txt,1,53,7,33,6,98,9,47,8,0.48,0.17,0.13,0.00,0.00,0.00,53,38,33.70,33.00,0.54,0.76,3.79,5.35,0.87,14.85,0.70,0.89,7.11,1.89,0.17,0.62,0.23,0.06,0.30
..\data\indiv_files\STAT_A_EN_uncorrected\693.txt,1,57,3,36,3,109,4,56,4,0.51,0.07,0.05,0.00,0.00,0.00,57,34,33.60,34.00,0.52,0.70,3.86,5.46,0.86,14.74,0.64,0.69,6.23,1.77,0.16,0.61,0.11,0.09,0.20
..\data\indiv_files\STAT_A_EN_uncorrected\744.txt,1,54,10,34,10,86,20,47,20,0.55,0.43,0.19,0.12,0.12,0.25,54,38,37.20,36.30,0.63,0.76,4.12,5.82,0.90,18.52,0.72,0.88,6.12,1.75,0.15,0.54,0.17,0.11,0.28
..\data\indiv_files\STAT_A_EN_uncorrected\508.txt,1,50,4,32,4,83,5,47,5,0.57,0.11,0.08,0.11,0.11,0.24,50,30,35.50,31.00,0.60,0.60,3.88,5.49,0.89,16.73,0.68,0.89,7.11,1.89,0.17,0.59,0.19,0.09,0.28
..\data\indiv_files\STAT_A_EN_uncorrected\815.txt,1,65,7,39,7,167,12,74,12,0.44,0.16,0.11,0.15,0.31,0.39,65,31,30.10,30.60,0.39,0.58,3.56,5.03,0.82,12.06,0.53,0.85,9.31,2.16,0.15,0.38,0.15,0.05,0.20
..\data\indiv_files\STAT_A_EN_uncorrected\629.txt,1,32,4,19,4,49,6,22,6,0.45,0.27,0.12,0.00,0.00,0.00,32,32,32,32,0.65,0.65,3.23,4.57,0.89,15.44,0.86,1.00,3.00,1.22,0.14,0.91,0.23,0.05,0.27
..\data\indiv_files\STAT_A_EN_uncorrected\764.txt,1,56,13,35,12,85,13,46,12,0.54,0.26,0.23,0.18,0.36,0.43,56,36,36.70,32.70,0.66,0.72,4.30,6.07,0.91,20.54,0.76,0.91,9.09,2.13,0.22,0.64,0.11,0.04,0.15
..\data\indiv_files\STAT_A_EN_uncorrected\867.txt,1,77,11,49,11,137,12,66,12,0.48,0.18,0.14,0.00,0.00,0.00,77,35,35.40,36.50,0.56,0.73,4.65,6.58,0.88,18.25,0.74,0.87,11.27,2.37,0.20,0.64,0.15,0.11,0.26
..\data\indiv_files\STAT_A_EN_uncorrected\893.txt,1,53,6,33,5,92,6,49,5,0.53,0.10,0.11,0.00,0.00,0.00,53,32,33.40,34.20,0.58,0.64,3.91,5.53,0.88,16.10,0.67,0.83,8.33,2.04,0.20,0.56,0.10,0.08,0.18
..\data\indiv_files\STAT_A_EN_uncorrected\535.txt,1,64,7,44,7,117,17,80,17,0.68,0.21,0.11,0.00,0.00,0.00,64,33,35.40,37.40,0.55,0.71,4.18,5.92,0.87,16.33,0.55,0.80,9.60,2.19,0.15,0.41,0.15,0.06,0.21
..\data\indiv_files\STAT_A_EN_uncorrected\573.txt,1,41,5,24,5,63,6,31,5,0.49,0.16,0.12,0.00,0.00,0.00,41,35,35.20,34.00,0.65,0.70,3.65,5.17,0.90,17.35,0.77,0.88,6.12,1.75,0.23,0.73,0.13,0.06,0.19
..\data\indiv_files\STAT_A_EN_uncorrected\539.txt,1,34,2,19,2,52,2,26,2,0.50,0.08,0.06,0.00,0.00,0.00,34,33,33.40,33.80,0.65,0.66,3.33,4.71,0.89,15.96,0.73,0.67,2.67,1.15,0.15,0.77,0.12,0.12,0.23
..\data\indiv_files\STAT_A_EN_uncorrected\912.txt,1,44,4,24,4,77,6,41,6,0.53,0.15,0.09,0.08,0.08,0.20,44,31,34.20,31.00,0.57,0.62,3.55,5.01,0.87,14.64,0.59,0.58,4.08,1.43,0.17,0.55,0.15,0.05,0.20
..\data\indiv_files\STAT_A_EN_uncorrected\728.txt,1,43,4,26,4,113,7,53,7,0.47,0.13,0.09,0.10,0.10,0.22,43,25,27.90,28.10,0.38,0.56,2.86,4.05,0.80,10.05,0.49,0.60,3.60,1.34,0.11,0.48,0.13,0.04,0.17
..\data\indiv_files\STAT_A_EN_uncorrected\553.txt,1,82,10,55,10,167,10,89,10,0.53,0.11,0.12,0.00,0.00,0.00,82,35,36.00,35.60,0.49,0.70,4.49,6.35,0.86,15.99,0.62,0.80,12.80,2.53,0.18,0.65,0.11,0.08,0.19
..\data\indiv_files\STAT_A_EN_uncorrected\771.txt,1,64,5,40,5,133,8,67,8,0.50,0.12,0.08,0.00,0.00,0.00,64,32,34.10,31.70,0.48,0.64,3.92,5.55,0.85,14.20,0.60,0.69,6.23,1.77,0.13,0.59,0.10,0.09,0.19
..\data\indiv_files\STAT_A_EN_uncorrected\857.txt,1,49,4,33,4,79,4,43,4,0.54,0.09,0.08,0.27,0.82,0.64,49,36,35.20,35.40,0.62,0.72,3.90,5.51,0.89,17.36,0.77,1.00,11.00,2.35,0.26,0.69,0.21,0.09,0.30
..\data\indiv_files\STAT_A_EN_uncorrected\895.txt,0,0,0,0,0,0,0,0,0,0,0,0,0,0,0,0,0,0,0,0,0,0,0,0,0,0,0,0,0,0,0,0,0,0
..\data\indiv_files\STAT_A_EN_uncorrected\600.txt,1,45,9,32,8,111,25,59,22,0.53,0.37,0.20,0.00,0.00,0.00,45,18,29.30,32.90,0.41,0.53,3.02,4.27,0.81,10.67,0.54,0.86,5.14,1.60,0.10,0.46,0.10,0.05,0.15
..\data\indiv_files\STAT_A_EN_uncorrected\743.txt,1,59,9,37,9,114,17,59,17,0.52,0.29,0.15,0.12,0.25,0.35,59,35,35.80,34.20,0.52,0.70,3.91,5.53,0.86,14.79,0.63,0.81,10.56,2.30,0.22,0.50,0.12,0.07,0.19
..\data\indiv_files\STAT_A_EN_uncorrected\841.txt,1,40,7,25,6,69,8,39,7,0.57,0.18,0.17,0.18,0.36,0.43,40,31,32.30,30.70,0.58,0.62,3.41,4.82,0.87,14.28,0.64,0.73,5.82,1.71,0.21,0.53,0.10,0.13,0.23
..\data\indiv_files\STAT_A_EN_uncorrected\792.txt,1,74,7,47,7,141,8,64,8,0.45,0.12,0.09,0.13,0.27,0.37,74,35,35.80,36.10,0.52,0.73,4.41,6.23,0.87,16.50,0.73,0.93,13.07,2.56,0.22,0.67,0.14,0.08,0.22
..\data\indiv_files\STAT_A_EN_uncorrected\729.txt,1,37,3,20,3,75,7,39,7,0.52,0.18,0.08,0.17,0.17,0.29,37,28,28.40,27.60,0.49,0.56,3.02,4.27,0.84,11.46,0.51,0.83,4.17,1.44,0.13,0.33,0.10,0.05,0.15
..\data\indiv_files\STAT_A_EN_uncorrected\900.txt,1,59,3,37,3,97,3,50,3,0.52,0.06,0.05,0.00,0.00,0.00,59,33,38.20,35.60,0.61,0.66,4.24,5.99,0.89,18.28,0.74,0.88,6.12,1.75,0.14,0.61,0.24,0.14,0.38
..\data\indiv_files\STAT_A_EN_uncorrected\515.txt,1,39,6,24,6,83,13,46,13,0.55,0.28,0.15,0.25,0.50,0.50,39,24,29.50,25.70,0.47,0.48,3.03,4.28,0.83,11.23,0.52,0.62,3.12,1.25,0.11,0.48,0.13,0.07,0.20
..\data\indiv_files\STAT_A_EN_uncorrected\603.txt,1,21,3,12,3,29,3,16,3,0.55,0.19,0.14,0.25,0.25,0.35,21,21,21,21,0.72,0.72,2.76,3.90,0.90,15.26,0.75,1.00,4.00,1.41,0.25,0.67,0.19,0.06,0.25
..\data\indiv_files\STAT_A_EN_uncorrected\618.txt,1,47,6,28,6,94,7,47,7,0.50,0.15,0.13,0.25,0.25,0.35,47,34,32.60,31.90,0.50,0.68,3.43,4.85,0.85,12.93,0.60,1.00,4.00,1.41,0.09,0.58,0.15,0.06,0.21
..\data\indiv_files\STAT_A_EN_uncorrected\568.txt,0,0,0,0,0,0,0,0,0,0,0,0,0,0,0,0,0,0,0,0,0,0,0,0,0,0,0,0,0,0,0,0,0,0
..\data\indiv_files\STAT_A_EN_uncorrected\607.txt,1,63,7,43,7,136,11,68,11,0.50,0.16,0.11,0.10,0.19,0.31,63,31,31.90,31.30,0.46,0.63,3.82,5.40,0.84,13.62,0.63,0.81,13.76,2.62,0.25,0.50,0.10,0.03,0.13
..\data\indiv_files\STAT_A_EN_uncorrected\686.txt,1,45,8,30,7,63,10,37,9,0.59,0.24,0.18,0.12,0.12,0.25,45,39,38.50,36.90,0.71,0.78,4.01,5.67,0.92,22.16,0.81,0.88,6.12,1.75,0.19,0.67,0.19,0.11,0.30
..\data\indiv_files\STAT_A_EN_uncorrected\774.txt,1,51,9,31,9,101,13,56,13,0.55,0.23,0.18,0.09,0.09,0.21,51,33,33.50,32.00,0.50,0.60,3.59,5.07,0.85,13.54,0.55,0.91,9.09,2.13,0.18,0.48,0.09,0.04,0.12
..\data\indiv_files\STAT_A_EN_uncorrected\586.txt,1,64,7,40,7,132,8,67,8,0.51,0.12,0.11,0.08,0.08,0.20,64,35,32.10,31.20,0.48,0.66,3.94,5.57,0.85,14.30,0.60,0.69,6.23,1.77,0.13,0.58,0.12,0.06,0.18
..\data\indiv_files\STAT_A_EN_uncorrected\765.txt,1,2,1,2,1,2,1,2,1,1.00,0.50,0.50,0,0,0,2,2,2,2,1.00,1.00,1.00,1.41,1.00,NaN,1.00,0,0,0,0.00,1.00,0.00,0.00,0.00
..\data\indiv_files\STAT_A_EN_uncorrected\554.txt,1,84,10,53,10,208,11,99,11,0.48,0.11,0.12,0.14,0.43,0.46,84,34,34.00,31.00,0.40,0.64,4.12,5.82,0.83,13.65,0.54,0.76,12.19,2.47,0.16,0.48,0.11,0.05,0.16
..\data\indiv_files\STAT_A_EN_uncorrected\713.txt,1,59,9,39,9,112,12,59,12,0.53,0.20,0.15,0.23,0.69,0.59,59,35,34.20,35.00,0.53,0.68,3.94,5.57,0.86,15.09,0.66,0.92,11.08,2.35,0.20,0.63,0.08,0.05,0.14
..\data\indiv_files\STAT_A_EN_uncorrected\613.txt,1,75,7,51,7,148,10,78,10,0.53,0.13,0.09,0.00,0.00,0.00,75,33,35.80,35.10,0.51,0.70,4.36,6.16,0.86,15.96,0.65,0.87,11.27,2.37,0.17,0.55,0.14,0.08,0.22
..\data\indiv_files\STAT_A_EN_uncorrected\923.txt,0,0,0,0,0,0,0,0,0,0,0,0,0,0,0,0,0,0,0,0,0,0,0,0,0,0,0,0,0,0,0,0,0,0
..\data\indiv_files\STAT_A_EN_uncorrected\717.txt,1,44,9,26,9,83,12,43,12,0.52,0.28,0.20,0.17,0.17,0.29,44,34,31.10,33.30,0.53,0.68,3.42,4.83,0.86,13.36,0.60,0.83,4.17,1.44,0.12,0.52,0.14,0.02,0.16
..\data\indiv_files\STAT_A_EN_uncorrected\911.txt,1,51,5,35,5,106,9,57,9,0.54,0.16,0.10,0.08,0.08,0.20,51,32,31.10,28.90,0.48,0.60,3.50,4.95,0.84,12.91,0.61,0.67,5.33,1.63,0.14,0.50,0.16,0.09,0.25
..\data\indiv_files\STAT_A_EN_uncorrected\541.txt,1,48,6,33,6,103,9,57,9,0.55,0.16,0.12,0.14,0.14,0.27,48,30,30.30,32.10,0.47,0.62,3.34,4.73,0.84,12.22,0.58,1.00,7.00,1.87,0.12,0.50,0.19,0.07,0.26
..\data\indiv_files\STAT_A_EN_uncorrected\872.txt,1,54,7,33,7,92,10,46,10,0.50,0.22,0.13,0.00,0.00,0.00,54,34,36.50,37.20,0.59,0.68,3.98,5.63,0.88,16.67,0.72,0.78,5.44,1.65,0.15,0.74,0.13,0.11,0.24
..\data\indiv_files\STAT_A_EN_uncorrected\808.txt,1,53,9,30,7,94,11,44,8,0.47,0.18,0.17,0.15,0.31,0.39,53,33,34.50,35.10,0.56,0.66,3.87,5.47,0.87,15.64,0.68,0.85,9.31,2.16,0.25,0.60,0.14,0.07,0.20
..\data\indiv_files\STAT_A_EN_uncorrected\875.txt,1,61,8,38,8,111,12,51,12,0.46,0.24,0.13,0.18,0.36,0.43,61,31,34.50,36.80,0.55,0.67,4.09,5.79,0.87,16.09,0.75,0.82,7.36,1.92,0.18,0.67,0.14,0.14,0.27
..\data\indiv_files\STAT_A_EN_uncorrected\829.txt,1,45,8,28,7,78,9,37,8,0.47,0.22,0.18,0.20,0.20,0.32,45,33,33.90,31.60,0.58,0.66,3.60,5.10,0.87,14.99,0.76,1.00,5.00,1.58,0.14,0.68,0.19,0.05,0.24
..\data\indiv_files\STAT_A_EN_uncorrected\827.txt,1,58,6,37,6,94,8,55,8,0.59,0.15,0.10,0.00,0.00,0.00,58,35,37.20,36.90,0.62,0.70,4.23,5.98,0.89,18.57,0.67,0.92,11.08,2.35,0.22,0.53,0.13,0.07,0.20
..\data\indiv_files\STAT_A_EN_uncorrected\658.txt,1,37,3,24,3,55,4,28,4,0.51,0.14,0.08,0.00,0.00,0.00,37,37,34.50,36.30,0.67,0.74,3.53,4.99,0.90,17.59,0.86,1.00,7.00,1.87,0.25,0.83,0.07,0.04,0.11
..\data\indiv_files\STAT_A_EN_uncorrected\718.txt,1,59,8,35,8,91,9,49,9,0.54,0.18,0.14,0.09,0.09,0.21,59,38,37.80,38.10,0.65,0.76,4.37,6.18,0.90,20.39,0.71,0.91,9.09,2.13,0.20,0.62,0.14,0.08,0.22
..\data\indiv_files\STAT_A_EN_uncorrected\725.txt,1,56,4,34,4,105,5,57,5,0.54,0.09,0.07,0.08,0.08,0.20,56,37,35.40,35.10,0.53,0.69,3.86,5.47,0.86,14.96,0.60,0.92,10.08,2.25,0.19,0.42,0.14,0.07,0.21
..\data\indiv_files\STAT_A_EN_uncorrected\575.txt,1,51,7,32,7,93,8,46,8,0.49,0.17,0.14,0.11,0.11,0.24,51,31,34.50,32.20,0.55,0.62,3.74,5.29,0.87,14.85,0.70,0.89,7.11,1.89,0.17,0.72,0.24,0.04,0.28
..\data\indiv_files\STAT_A_EN_uncorrected\507.txt,1,44,4,28,4,74,6,38,6,0.51,0.16,0.09,0.29,0.57,0.53,44,32,33.20,28.70,0.59,0.64,3.62,5.11,0.88,15.48,0.74,1.00,7.00,1.87,0.18,0.67,0.18,0.03,0.21
..\data\indiv_files\STAT_A_EN_uncorrected\714.txt,1,49,3,32,3,86,3,43,3,0.50,0.07,0.06,0.00,0.00,0.00,49,33,32.30,29.50,0.57,0.66,3.74,5.28,0.87,15.32,0.74,0.70,4.90,1.57,0.16,0.80,0.12,0.12,0.23
..\data\indiv_files\STAT_A_EN_uncorrected\761.txt,1,70,5,44,5,136,7,66,7,0.49,0.11,0.07,0.00,0.00,0.00,70,32,36.20,36.40,0.51,0.67,4.24,6.00,0.86,15.78,0.67,0.86,10.29,2.27,0.18,0.59,0.12,0.08,0.20
..\data\indiv_files\STAT_A_EN_uncorrected\614.txt,1,63,7,40,7,99,7,51,7,0.52,0.14,0.11,0.15,0.31,0.39,63,37,37.20,37.90,0.64,0.74,4.48,6.33,0.90,20.29,0.78,1.00,13.00,2.55,0.25,0.68,0.08,0.08,0.16
..\data\indiv_files\STAT_A_EN_uncorrected\627.txt,1,17,3,9,3,21,4,11,4,0.52,0.36,0.18,0.33,0.33,0.41,17,17,17,17,0.81,0.81,2.62,3.71,0.93,19.05,0.82,1.00,3.00,1.22,0.27,0.50,0.27,0.09,0.36
..\data\indiv_files\STAT_A_EN_uncorrected\684.txt,1,94,10,65,10,208,14,121,14,0.58,0.12,0.11,0.00,0.00,0.00,94,34,36.30,34.70,0.45,0.72,4.61,6.52,0.85,15.58,0.54,0.73,11.64,2.41,0.13,0.44,0.14,0.08,0.22
..\data\indiv_files\STAT_A_EN_uncorrected\606.txt,1,44,6,24,5,70,12,35,11,0.50,0.31,0.14,0.00,0.00,0.00,44,31,34.20,33.00,0.63,0.62,3.72,5.26,0.89,16.88,0.69,0.67,5.33,1.63,0.23,0.62,0.09,0.11,0.20
..\data\indiv_files\STAT_A_EN_uncorrected\869.txt,1,62,6,40,6,120,6,61,6,0.51,0.10,0.10,0.08,0.08,0.20,62,35,37.00,35.00,0.52,0.72,4.00,5.66,0.86,15.07,0.66,0.85,9.31,2.16,0.18,0.66,0.15,0.05,0.20
..\data\indiv_files\STAT_A_EN_uncorrected\769.txt,1,35,4,18,4,53,6,25,6,0.47,0.24,0.11,0.00,0.00,0.00,35,33,33.40,32.70,0.66,0.66,3.40,4.81,0.90,16.50,0.72,1.00,3.00,1.22,0.12,0.58,0.24,0.12,0.36
..\data\indiv_files\STAT_A_EN_uncorrected\680.txt,1,57,8,34,7,107,9,50,8,0.47,0.16,0.14,0.14,0.29,0.38,57,34,33.80,33.60,0.53,0.68,3.90,5.51,0.87,15.06,0.68,0.86,10.29,2.27,0.24,0.50,0.14,0.08,0.22
..\data\indiv_files\STAT_A_EN_uncorrected\512.txt,1,76,14,51,14,130,18,65,17,0.50,0.26,0.18,0.09,0.09,0.21,76,37,36.50,38.50,0.58,0.74,4.71,6.67,0.89,19.17,0.78,1.00,11.00,2.35,0.17,0.67,0.22,0.12,0.34
..\data\indiv_files\STAT_A_EN_uncorrected\716.txt,1,62,12,37,11,114,22,63,21,0.55,0.33,0.19,0.20,0.60,0.55,62,38,37.20,38.50,0.54,0.79,4.11,5.81,0.87,15.99,0.59,0.67,6.67,1.83,0.16,0.52,0.14,0.08,0.22
..\data\indiv_files\STAT_A_EN_uncorrected\777.txt,1,46,7,34,7,72,10,46,10,0.64,0.22,0.15,0.17,0.33,0.41,46,33,33.60,37.10,0.64,0.66,3.83,5.42,0.90,17.73,0.74,1.00,12.00,2.45,0.26,0.65,0.07,0.11,0.17
..\data\indiv_files\STAT_A_EN_uncorrected\837.txt,1,48,7,33,7,98,10,54,10,0.55,0.19,0.15,0.00,0.00,0.00,48,32,31.30,30.90,0.49,0.64,3.43,4.85,0.84,12.79,0.61,0.67,5.33,1.63,0.15,0.61,0.13,0.06,0.19
..\data\indiv_files\STAT_A_EN_uncorrected\835.txt,1,50,2,29,2,92,2,45,2,0.49,0.04,0.04,0.00,0.00,0.00,50,30,34.80,32.40,0.54,0.60,3.69,5.21,0.87,14.56,0.64,0.75,4.50,1.50,0.13,0.59,0.18,0.11,0.29
..\data\indiv_files\STAT_A_EN_uncorrected\530.txt,0,0,0,0,0,0,0,0,0,0,0,0,0,0,0,0,0,0,0,0,0,0,0,0,0,0,0,0,0,0,0,0,0,0
..\data\indiv_files\STAT_A_EN_uncorrected\696.txt,1,53,4,34,4,107,13,57,13,0.53,0.23,0.08,0.08,0.08,0.20,53,33,33.20,32.20,0.50,0.65,3.62,5.12,0.85,13.50,0.60,0.83,8.33,2.04,0.18,0.53,0.12,0.05,0.18
..\data\indiv_files\STAT_A_EN_uncorrected\548.txt,1,34,3,18,3,69,4,28,4,0.41,0.14,0.09,0.00,0.00,0.00,34,29,28.30,27.50,0.49,0.58,2.89,4.09,0.83,11.00,0.64,0.67,2.67,1.15,0.14,0.61,0.07,0.04,0.11
..\data\indiv_files\STAT_A_EN_uncorrected\805.txt,0,0,0,0,0,0,0,0,0,0,0,0,0,0,0,0,0,0,0,0,0,0,0,0,0,0,0,0,0,0,0,0,0,0
..\data\indiv_files\STAT_A_EN_uncorrected\624.txt,1,59,5,35,5,85,5,47,5,0.55,0.11,0.08,0.00,0.00,0.00,59,40,39.10,40.10,0.69,0.80,4.53,6.40,0.92,23.48,0.74,0.83,4.17,1.44,0.11,0.73,0.21,0.13,0.34
..\data\indiv_files\STAT_A_EN_uncorrected\915.txt,1,53,7,33,7,108,9,50,9,0.46,0.18,0.13,0.00,0.00,0.00,53,36,32.80,33.30,0.49,0.67,3.61,5.10,0.85,13.37,0.66,0.75,6.75,1.84,0.18,0.57,0.14,0.02,0.16
..\data\indiv_files\STAT_A_EN_uncorrected\768.txt,1,72,8,49,7,155,8,82,7,0.53,0.09,0.11,0.05,0.05,0.15,72,31,33.60,32.50,0.46,0.63,4.09,5.78,0.85,14.41,0.60,0.76,12.19,2.47,0.20,0.52,0.12,0.11,0.23
..\data\indiv_files\STAT_A_EN_uncorrected\649.txt,1,63,9,39,9,147,14,69,14,0.47,0.20,0.14,0.10,0.20,0.32,63,28,32.50,32.80,0.43,0.57,3.67,5.20,0.83,12.77,0.57,0.65,8.45,2.06,0.19,0.45,0.13,0.06,0.19
..\data\indiv_files\STAT_A_EN_uncorrected\559.txt,1,69,11,43,10,125,13,69,12,0.55,0.17,0.16,0.15,0.31,0.39,69,39,37.80,35.60,0.55,0.76,4.36,6.17,0.88,17.04,0.62,0.92,11.08,2.35,0.17,0.48,0.17,0.09,0.26
..\data\indiv_files\STAT_A_EN_uncorrected\663.txt,1,67,9,42,9,155,14,73,14,0.47,0.19,0.13,0.07,0.07,0.19,67,28,30.70,32.20,0.43,0.57,3.81,5.38,0.83,13.17,0.58,0.71,7.14,1.89,0.14,0.50,0.15,0.07,0.22
..\data\indiv_files\STAT_A_EN_uncorrected\812.txt,1,58,3,37,3,104,7,52,7,0.50,0.13,0.05,0.00,0.00,0.00,58,33,35.40,35.20,0.56,0.68,4.02,5.69,0.87,16.04,0.71,0.86,10.29,2.27,0.23,0.54,0.15,0.08,0.23
..\data\indiv_files\STAT_A_EN_uncorrected\506.txt,1,63,10,45,10,107,11,58,11,0.54,0.19,0.16,0.06,0.06,0.18,63,35,36.10,35.40,0.59,0.72,4.31,6.09,0.89,17.90,0.78,0.81,10.56,2.30,0.22,0.70,0.19,0.10,0.29
..\data\indiv_files\STAT_A_EN_uncorrected\543.txt,0,0,0,0,0,0,0,0,0,0,0,0,0,0,0,0,0,0,0,0,0,0,0,0,0,0,0,0,0,0,0,0,0,0
..\data\indiv_files\STAT_A_EN_uncorrected\789.txt,1,72,8,48,8,121,10,64,10,0.53,0.16,0.11,0.07,0.07,0.18,72,29,38.80,35.00,0.60,0.66,4.63,6.55,0.89,19.24,0.75,0.87,11.27,2.37,0.20,0.64,0.16,0.20,0.36
..\data\indiv_files\STAT_A_EN_uncorrected\621.txt,1,47,6,29,5,79,6,44,5,0.56,0.11,0.13,0.20,0.40,0.45,47,33,35.60,33.70,0.59,0.66,3.74,5.29,0.88,15.97,0.66,0.70,4.90,1.57,0.16,0.57,0.18,0.05,0.23
..\data\indiv_files\STAT_A_EN_uncorrected\572.txt,1,59,4,39,4,112,6,59,6,0.53,0.10,0.07,0.00,0.00,0.00,59,35,34.60,32.40,0.53,0.67,3.94,5.57,0.86,15.09,0.66,0.64,4.45,1.49,0.12,0.54,0.20,0.10,0.31