filename,sentences,wordtypes,swordtypes,lextypes,slextypes,wordtokens,swordtokens,lextokens,slextokens,ld,ls1,ls2,vs1,vs2,cvs1,ndw,ndwz,ndwerz,ndwesz,ttr,msttr,cttr,rttr,logttr,uber,lv,vv1,svv1,cvv1,vv2,nv,adjv,advv,modv
100.txt,1,42,13,36,12,54,17,39,13,0.72,0.33,0.31,0.06,0.06,0.17,42,39,39.30,38.40,0.78,0.78,4.04,5.72,0.94,27.50,0.92,0.89,14.22,2.67,0.41,0.92,0.18,0.03,0.21
101.txt,1,81,15,76,13,135,29,108,19,0.80,0.18,0.19,0.06,0.17,0.29,81,39,40.20,40.80,0.60,0.80,4.93,6.97,0.90,20.46,0.70,0.67,23.56,3.43,0.32,0.71,0.11,0.13,0.24
105.txt,1,60,15,55,13,104,22,77,13,0.74,0.17,0.25,0.10,0.38,0.44,60,33,34.50,33.70,0.58,0.66,4.16,5.88,0.88,17.03,0.71,0.64,17.36,2.95,0.35,0.78,0.12,0.06,0.18
106.txt,1,38,15,35,14,56,18,42,16,0.75,0.38,0.39,0.17,0.50,0.50,38,34,35.60,34.30,0.68,0.68,3.59,5.08,0.90,18.15,0.83,0.83,12.50,2.50,0.36,0.71,0.19,0.05,0.24
109.txt,1,45,18,41,17,66,22,49,18,0.74,0.37,0.40,0.17,0.50,0.50,45,34,36.80,33.70,0.68,0.68,3.92,5.54,0.91,19.90,0.84,0.78,10.89,2.33,0.29,0.83,0.18,0.06,0.24
110.txt,1,37,8,32,6,59,15,41,9,0.69,0.22,0.22,0.00,0.00,0.00,37,32,32.80,31.30,0.63,0.64,3.41,4.82,0.89,15.47,0.78,0.86,10.29,2.27,0.29,0.62,0.17,0.12,0.29
111.txt,1,48,12,43,11,72,17,53,12,0.74,0.23,0.25,0.12,0.35,0.42,48,36,37.50,36.20,0.67,0.72,4.00,5.66,0.91,19.59,0.81,0.81,16.96,2.91,0.40,0.75,0.15,0.04,0.19
113.txt,1,50,14,41,11,64,17,48,12,0.75,0.25,0.28,0.09,0.17,0.29,50,41,41.00,41.00,0.78,0.82,4.42,6.25,0.94,30.43,0.85,0.83,15.70,2.80,0.40,0.79,0.19,0.04,0.23
115.txt,1,41,14,38,13,69,24,55,18,0.80,0.33,0.34,0.11,0.33,0.41,41,33,33.30,31.50,0.59,0.66,3.49,4.94,0.88,14.96,0.69,0.67,12.00,2.45,0.33,0.56,0.13,0.07,0.20
116.txt,1,15,4,13,3,15,4,13,3,0.87,0.23,0.27,0.17,0.17,0.29,15,15,15,15,1.00,1.00,2.74,3.87,1.00,NaN,1.00,1.00,6.00,1.73,0.46,1.00,0.15,0.08,0.23
118.txt,1,49,16,45,15,80,24,58,18,0.72,0.31,0.33,0.11,0.32,0.40,49,31,35.00,35.00,0.61,0.62,3.87,5.48,0.89,17.01,0.78,0.75,15.75,2.81,0.36,0.70,0.12,0.05,0.17
120.txt,1,35,14,31,13,48,20,35,14,0.73,0.40,0.40,0.23,0.69,0.59,35,35,35,35,0.73,0.73,3.57,5.05,0.92,20.61,0.89,0.85,9.31,2.16,0.31,0.85,0.17,0.09,0.26
121.txt,1,50,11,44,10,72,18,52,11,0.72,0.21,0.22,0.14,0.41,0.45,50,35,38.50,36.10,0.69,0.70,4.17,5.89,0.91,21.78,0.85,0.86,16.41,2.86,0.37,0.71,0.19,0.10,0.29
122.txt,1,46,13,40,11,63,17,45,12,0.71,0.27,0.28,0.05,0.05,0.16,46,36,37.50,35.50,0.73,0.72,4.10,5.80,0.92,23.70,0.89,0.89,15.21,2.76,0.38,0.80,0.13,0.11,0.24
123.txt,1,44,12,39,10,64,18,48,12,0.75,0.25,0.27,0.10,0.20,0.32,44,32,36.20,33.10,0.69,0.64,3.89,5.50,0.91,20.05,0.81,0.80,12.80,2.53,0.33,0.72,0.10,0.10,0.21
124.txt,1,46,12,42,11,70,16,53,12,0.76,0.23,0.26,0.11,0.33,0.41,46,37,36.00,35.60,0.66,0.74,3.89,5.50,0.90,18.67,0.79,0.74,14.81,2.72,0.38,0.79,0.15,0.06,0.21
126.txt,1,48,18,43,16,81,29,59,21,0.73,0.36,0.38,0.19,0.93,0.68,48,29,33.90,28.60,0.59,0.58,3.77,5.33,0.88,16.03,0.73,0.78,16.33,2.86,0.36,0.58,0.12,0.07,0.19
130.txt,1,44,12,39,10,66,15,47,11,0.71,0.23,0.27,0.05,0.05,0.15,44,34,36.40,36.10,0.67,0.68,3.83,5.42,0.90,18.80,0.83,0.81,13.76,2.62,0.36,0.77,0.21,0.06,0.28
132.txt,1,30,11,25,10,43,16,30,12,0.70,0.40,0.37,0.23,0.69,0.59,30,30,30,30,0.70,0.70,3.23,4.57,0.90,17.07,0.83,0.85,9.31,2.16,0.37,0.73,0.10,0.10,0.20
134.txt,1,48,13,42,12,86,26,67,22,0.78,0.33,0.27,0.09,0.26,0.36,48,33,32.40,29.20,0.56,0.66,3.66,5.18,0.87,14.78,0.63,0.65,14.24,2.67,0.33,0.45,0.10,0.04,0.15
135.txt,1,24,9,21,8,40,15,30,11,0.75,0.37,0.38,0.17,0.33,0.41,24,24,24,24,0.60,0.60,2.68,3.79,0.86,11.57,0.70,0.75,6.75,1.84,0.30,0.54,0.13,0.03,0.17
137.txt,1,34,12,30,11,52,19,37,13,0.71,0.35,0.35,0.19,0.56,0.53,34,34,33.20,32.90,0.65,0.68,3.33,4.71,0.89,15.96,0.81,0.88,12.25,2.47,0.38,0.62,0.19,0.03,0.22
138.txt,1,23,7,18,6,24,8,18,6,0.75,0.33,0.30,0.17,0.17,0.29,23,23,23,23,0.96,0.96,3.32,4.69,0.99,103.06,1.00,1.00,6.00,1.73,0.33,1.00,0.22,0.06,0.28
141.txt,1,41,12,37,11,58,16,42,12,0.72,0.29,0.29,0.16,0.47,0.49,41,37,36.30,36.90,0.71,0.74,3.81,5.38,0.91,20.64,0.88,0.95,17.05,2.92,0.43,0.77,0.12,0.10,0.21
142.txt,1,48,18,40,14,88,32,60,21,0.68,0.35,0.38,0.11,0.33,0.41,48,31,33.40,31.90,0.55,0.62,3.62,5.12,0.86,14.36,0.67,0.67,12.00,2.45,0.30,0.57,0.13,0.05,0.18
143.txt,1,21,7,17,6,35,10,25,8,0.71,0.32,0.33,0.11,0.11,0.24,21,21,21,21,0.60,0.60,2.51,3.55,0.86,10.75,0.68,0.67,4.00,1.41,0.24,0.60,0.20,0.04,0.24
144.txt,1,33,11,28,9,40,12,30,9,0.75,0.30,0.33,0.00,0.00,0.00,33,33,33,33,0.82,0.82,3.69,5.22,0.95,30.72,0.93,1.00,10.00,2.24,0.33,0.91,0.17,0.10,0.27
145.txt,1,21,6,17,5,27,7,18,5,0.67,0.28,0.29,0.00,0.00,0.00,21,21,21,21,0.78,0.78,2.86,4.04,0.92,18.77,0.94,1.00,7.00,1.87,0.39,0.86,0.17,0.06,0.22
147.txt,1,37,12,32,11,54,15,41,13,0.76,0.32,0.32,0.29,1.47,0.86,37,33,34.80,33.10,0.69,0.66,3.56,5.04,0.91,18.28,0.78,0.76,9.94,2.23,0.32,0.67,0.17,0.12,0.29
148.txt,1,24,10,21,9,29,11,24,10,0.83,0.42,0.42,0.27,1.07,0.73,24,24,24,24,0.83,0.83,3.15,4.46,0.94,26.02,0.88,0.87,11.27,2.37,0.54,1.00,0.04,0.04,0.08
150.txt,1,18,6,14,5,22,6,15,5,0.68,0.33,0.33,0.00,0.00,0.00,18,18,18,18,0.82,0.82,2.71,3.84,0.94,20.68,0.93,1.00,4.00,1.41,0.27,0.86,0.20,0.07,0.27
152.txt,1,2,2,2,2,2,2,2,2,1.00,1.00,1.00,0,0,0,2,2,2,2,1.00,1.00,1.00,1.41,1.00,NaN,1.00,0,0,0,0.00,1.00,0.50,0.00,0.50
153.txt,1,24,9,20,8,32,12,24,9,0.75,0.38,0.38,0.00,0.00,0.00,24,24,24,24,0.75,0.75,3.00,4.24,0.92,18.13,0.83,0.71,3.57,1.34,0.21,1.00,0.17,0.12,0.29
154.txt,1,36,11,32,10,56,16,40,13,0.71,0.33,0.31,0.07,0.07,0.18,36,34,33.30,32.80,0.64,0.68,3.40,4.81,0.89,15.93,0.80,0.87,11.27,2.37,0.33,0.67,0.28,0.00,0.28
155.txt,1,24,7,20,6,27,8,20,6,0.74,0.30,0.29,0.00,0.00,0.00,24,24,24,24,0.89,0.89,3.27,4.62,0.96,40.05,1.00,1.00,10.00,2.24,0.50,1.00,0.20,0.00,0.20
156.txt,1,36,12,31,10,49,13,36,10,0.73,0.28,0.33,0.22,0.89,0.67,36,36,36,36,0.73,0.73,3.64,5.14,0.92,21.34,0.86,0.83,12.50,2.50,0.42,0.80,0.19,0.03,0.22
157.txt,1,40,12,35,10,55,18,41,11,0.75,0.27,0.30,0.18,0.53,0.51,40,35,36.70,35.20,0.73,0.70,3.81,5.39,0.92,21.90,0.85,0.94,15.06,2.74,0.39,0.70,0.17,0.12,0.29
159.txt,1,40,12,35,10,55,19,41,12,0.75,0.29,0.30,0.18,0.53,0.51,40,37,37.20,35.50,0.73,0.74,3.81,5.39,0.92,21.90,0.85,0.88,13.24,2.57,0.37,0.71,0.20,0.05,0.24
160.txt,1,21,8,18,7,33,12,22,8,0.67,0.36,0.38,0.14,0.14,0.27,21,21,21,21,0.64,0.64,2.58,3.66,0.87,11.75,0.82,0.86,5.14,1.60,0.27,0.73,0.14,0.05,0.18
161.txt,1,48,11,43,10,74,15,54,12,0.73,0.22,0.23,0.12,0.38,0.43,48,35,36.10,34.70,0.65,0.70,3.95,5.58,0.90,18.59,0.80,0.75,13.50,2.60,0.33,0.69,0.15,0.11,0.26
163.txt,1,46,15,42,13,71,23,54,14,0.76,0.26,0.33,0.10,0.30,0.39,46,36,35.20,33.80,0.65,0.72,3.86,5.46,0.90,18.18,0.78,0.70,14.70,2.71,0.39,0.75,0.15,0.07,0.22
164.txt,1,40,12,35,10,62,18,45,11,0.73,0.24,0.30,0.04,0.04,0.15,40,32,35.30,33.70,0.65,0.64,3.59,5.08,0.89,16.88,0.78,0.74,12.57,2.51,0.38,0.73,0.13,0.02,0.16
165.txt,1,34,9,30,8,55,13,40,10,0.73,0.25,0.26,0.05,0.05,0.16,34,31,33.00,31.00,0.62,0.62,3.24,4.58,0.88,14.50,0.75,0.74,10.32,2.27,0.35,0.64,0.12,0.05,0.17
166.txt,1,55,12,49,10,91,21,70,14,0.77,0.20,0.22,0.10,0.39,0.44,55,36,36.60,35.20,0.60,0.72,4.08,5.77,0.89,17.55,0.70,0.63,16.49,2.87,0.37,0.64,0.13,0.07,0.20
167.txt,1,35,11,30,9,53,17,37,11,0.70,0.30,0.31,0.07,0.07,0.19,35,35,33.60,33.60,0.66,0.70,3.40,4.81,0.90,16.50,0.81,0.86,10.29,2.27,0.32,0.64,0.16,0.08,0.24
168.txt,1,45,12,42,11,59,16,49,12,0.83,0.24,0.27,0.11,0.32,0.40,45,41,39.30,40.20,0.76,0.82,4.14,5.86,0.93,26.66,0.86,0.79,17.29,2.94,0.45,1.00,0.10,0.08,0.18
170.txt,1,44,13,39,12,63,18,49,13,0.78,0.27,0.30,0.08,0.16,0.28,44,36,37.20,36.80,0.70,0.72,3.92,5.54,0.91,20.77,0.80,0.76,14.44,2.69,0.39,0.79,0.10,0.08,0.18
171.txt,1,46,13,42,12,65,13,49,12,0.75,0.24,0.28,0.12,0.36,0.42,46,36,36.30,37.20,0.71,0.72,4.03,5.71,0.92,21.89,0.86,0.80,16.00,2.83,0.41,1.00,0.10,0.08,0.18
172.txt,1,24,7,21,6,45,12,34,7,0.76,0.21,0.29,0.00,0.00,0.00,24,24,24,24,0.53,0.53,2.53,3.58,0.83,10.01,0.62,0.46,2.77,1.18,0.18,0.62,0.21,0.00,0.21
173.txt,1,47,10,42,9,67,12,53,9,0.79,0.17,0.21,0.03,0.03,0.12,47,39,38.80,38.00,0.70,0.78,4.06,5.74,0.92,21.66,0.79,0.73,17.45,2.95,0.45,0.92,0.06,0.08,0.13
174.txt,1,30,8,26,7,54,18,37,10,0.69,0.27,0.27,0.13,0.27,0.37,30,29,28.10,28.00,0.56,0.58,2.89,4.08,0.85,11.76,0.70,0.73,8.07,2.01,0.30,0.57,0.16,0.05,0.22
175.txt,1,54,10,50,9,75,14,61,11,0.81,0.18,0.19,0.06,0.11,0.24,54,39,38.30,37.00,0.72,0.78,4.41,6.24,0.92,24.64,0.82,0.75,20.25,3.18,0.44,0.91,0.10,0.11,0.21
177.txt,1,16,5,12,4,19,7,12,4,0.63,0.33,0.31,0.00,0.00,0.00,16,16,16,16,0.84,0.84,2.60,3.67,0.94,21.91,1.00,1.00,4.00,1.41,0.33,1.00,0.08,0.08,0.17
179.txt,1,31,9,27,8,48,14,34,10,0.71,0.29,0.29,0.12,0.25,0.35,31,31,31,31,0.65,0.65,3.16,4.47,0.89,14.89,0.79,0.88,12.25,2.47,0.41,0.58,0.12,0.06,0.18
182.txt,1,20,6,16,5,35,10,23,7,0.66,0.30,0.30,0.00,0.00,0.00,20,20,20,20,0.57,0.57,2.39,3.38,0.84,9.81,0.70,0.71,3.57,1.34,0.22,0.60,0.22,0.04,0.26
183.txt,1,33,11,28,10,51,15,36,10,0.71,0.28,0.33,0.06,0.06,0.17,33,33,32.90,32.60,0.65,0.66,3.27,4.62,0.89,15.42,0.78,0.67,8.00,2.00,0.33,0.93,0.06,0.03,0.08
185.txt,1,33,11,28,9,40,13,31,9,0.78,0.29,0.33,0.19,0.56,0.53,33,33,33,33,0.82,0.82,3.69,5.22,0.95,30.72,0.90,0.81,10.56,2.30,0.42,1.00,0.13,0.06,0.19
186.txt,1,36,8,32,7,54,11,42,9,0.78,0.21,0.22,0.11,0.22,0.33,36,36,34.20,34.30,0.67,0.72,3.46,4.90,0.90,17.04,0.76,0.78,10.89,2.33,0.33,0.64,0.12,0.14,0.26
189.txt,1,38,10,33,9,49,12,37,9,0.76,0.24,0.26,0.11,0.22,0.33,38,38,38,38,0.78,0.78,3.84,5.43,0.93,25.87,0.89,0.89,14.22,2.67,0.43,0.82,0.19,0.03,0.22
191.txt,1,42,12,38,11,69,21,53,17,0.77,0.32,0.29,0.11,0.32,0.40,42,35,34.20,32.50,0.61,0.70,3.58,5.06,0.88,15.68,0.72,0.71,14.29,2.67,0.38,0.56,0.11,0.06,0.17
193.txt,1,29,10,25,9,42,15,29,9,0.69,0.31,0.34,0.10,0.10,0.22,29,29,29,29,0.69,0.69,3.16,4.47,0.90,16.38,0.86,0.80,6.40,1.79,0.28,0.82,0.21,0.07,0.28
194.txt,1,38,9,33,7,51,10,39,7,0.76,0.18,0.24,0.05,0.05,0.16,38,38,37.60,37.60,0.75,0.76,3.76,5.32,0.93,22.82,0.85,0.74,10.32,2.27,0.36,0.91,0.13,0.10,0.23
195.txt,1,41,13,36,11,73,21,57,17,0.78,0.30,0.32,0.03,0.03,0.13,41,35,33.40,32.80,0.56,0.70,3.39,4.80,0.87,13.86,0.63,0.57,9.63,2.19,0.30,0.56,0.14,0.04,0.18
196.txt,1,22,7,18,6,26,8,18,6,0.69,0.33,0.32,0.00,0.00,0.00,22,22,22,22,0.85,0.85,3.05,4.31,0.95,27.60,1.00,1.00,6.00,1.73,0.33,1.00,0.28,0.06,0.33
197.txt,1,45,10,41,9,69,18,51,10,0.74,0.20,0.22,0.09,0.17,0.29,45,37,35.90,36.30,0.65,0.74,3.83,5.42,0.90,18.21,0.80,0.78,14.09,2.65,0.35,0.73,0.18,0.06,0.24
198.txt,1,32,10,27,8,40,14,30,9,0.75,0.30,0.31,0.00,0.00,0.00,32,32,32,32,0.80,0.80,3.58,5.06,0.94,26.48,0.90,0.92,11.08,2.35,0.40,0.82,0.20,0.00,0.20
199.txt,1,39,13,35,12,65,20,44,14,0.68,0.32,0.33,0.08,0.08,0.20,39,33,33.00,31.40,0.60,0.66,3.42,4.84,0.88,14.81,0.80,0.69,6.23,1.77,0.20,0.78,0.23,0.05,0.27
200.txt,1,31,10,26,8,47,12,32,9,0.68,0.28,0.32,0.17,0.33,0.41,31,31,31,31,0.66,0.66,3.20,4.52,0.89,15.47,0.81,0.75,6.75,1.84,0.28,0.67,0.28,0.06,0.34
202.txt,1,38,14,33,13,55,19,39,14,0.71,0.36,0.37,0.25,0.75,0.61,38,34,35.20,33.50,0.69,0.68,3.62,5.12,0.91,18.86,0.85,0.92,10.08,2.25,0.28,0.79,0.18,0.10,0.28
203.txt,1,26,7,23,6,35,8,25,6,0.71,0.24,0.27,0.00,0.00,0.00,26,26,26,26,0.74,0.74,3.11,4.39,0.92,18.47,0.92,0.90,8.10,2.01,0.36,0.88,0.24,0.04,0.28
206.txt,1,64,16,60,15,109,29,83,21,0.76,0.25,0.25,0.09,0.27,0.37,64,33,35.20,35.00,0.59,0.70,4.33,6.13,0.89,17.95,0.72,0.76,18.94,3.08,0.30,0.65,0.12,0.12,0.24
207.txt,1,38,10,33,9,54,14,36,9,0.67,0.25,0.26,0.07,0.07,0.19,38,35,35.80,34.80,0.70,0.70,3.66,5.17,0.91,19.67,0.92,0.93,12.07,2.46,0.36,0.86,0.17,0.06,0.22
208.txt,1,49,13,45,12,77,17,60,14,0.78,0.23,0.27,0.03,0.03,0.13,49,35,36.10,34.20,0.64,0.70,3.95,5.58,0.90,18.13,0.75,0.70,14.70,2.71,0.35,0.80,0.10,0.10,0.20
209.txt,1,37,11,31,9,50,16,35,10,0.70,0.29,0.30,0.21,0.64,0.57,37,37,37.00,37.00,0.74,0.74,3.70,5.23,0.92,22.07,0.89,0.93,12.07,2.46,0.37,0.73,0.20,0.09,0.29
210.txt,1,11,5,8,4,11,5,8,4,0.73,0.50,0.45,0.00,0.00,0.00,11,11,11,11,1.00,1.00,2.35,3.32,1.00,NaN,1.00,1.00,1.00,0.71,0.12,1.00,0.12,0.12,0.25
212.txt,1,42,9,39,8,59,13,45,8,0.76,0.18,0.21,0.05,0.05,0.16,42,36,36.60,37.50,0.71,0.72,3.87,5.47,0.92,21.25,0.87,0.85,14.45,2.69,0.38,0.82,0.20,0.09,0.29
213.txt,1,62,17,57,16,93,25,71,17,0.76,0.24,0.27,0.03,0.03,0.12,62,36,37.10,38.20,0.67,0.72,4.55,6.43,0.91,22.01,0.80,0.73,17.45,2.95,0.34,0.86,0.15,0.06,0.21
214.txt,1,56,15,51,14,97,27,73,19,0.75,0.26,0.27,0.06,0.12,0.24,56,33,36.50,33.30,0.58,0.66,4.02,5.69,0.88,16.54,0.70,0.68,15.56,2.79,0.32,0.64,0.12,0.05,0.18
215.txt,1,24,6,20,6,35,9,24,9,0.69,0.38,0.25,0.25,0.50,0.50,24,24,24,24,0.69,0.69,2.87,4.06,0.89,14.55,0.83,1.00,8.00,2.00,0.33,0.78,0.12,0.12,0.25
216.txt,1,19,6,16,5,25,6,17,5,0.68,0.29,0.32,0.00,0.00,0.00,19,19,19,19,0.76,0.76,2.69,3.80,0.91,16.40,0.94,0.83,4.17,1.44,0.29,1.00,0.24,0.06,0.29
217.txt,1,23,6,20,6,27,6,20,6,0.74,0.30,0.26,0.00,0.00,0.00,23,23,23,23,0.85,0.85,3.13,4.43,0.95,29.42,1.00,1.00,8.00,2.00,0.40,1.00,0.20,0.10,0.30
218.txt,1,47,13,41,11,72,19,52,13,0.72,0.25,0.28,0.04,0.04,0.15,47,32,36.40,32.30,0.65,0.64,3.92,5.54,0.90,18.62,0.79,0.87,17.39,2.95,0.38,0.67,0.21,0.02,0.23
219.txt,1,44,14,40,12,60,16,46,13,0.77,0.28,0.32,0.10,0.19,0.31,44,36,37.40,36.00,0.73,0.72,4.02,5.68,0.92,23.47,0.87,0.90,17.19,2.93,0.41,0.77,0.17,0.07,0.24
220.txt,1,35,13,30,12,53,18,36,13,0.68,0.36,0.37,0.14,0.29,0.38,35,33,33.30,32.30,0.66,0.66,3.40,4.81,0.90,16.50,0.83,0.86,10.29,2.27,0.33,0.73,0.14,0.06,0.19
221.txt,1,50,11,45,10,84,26,63,15,0.75,0.24,0.22,0.08,0.16,0.28,50,33,33.70,30.00,0.60,0.66,3.86,5.46,0.88,16.43,0.71,0.72,12.96,2.55,0.29,0.65,0.13,0.06,0.19
222.txt,1,56,13,50,10,96,18,79,14,0.82,0.18,0.23,0.07,0.30,0.38,56,38,36.90,38.10,0.58,0.76,4.04,5.72,0.88,16.79,0.63,0.57,17.80,2.98,0.39,0.50,0.08,0.09,0.16
224.txt,1,42,6,38,6,67,12,57,12,0.85,0.21,0.14,0.00,0.00,0.00,42,32,34.90,33.80,0.63,0.64,3.63,5.13,0.89,16.44,0.67,0.72,12.96,2.55,0.32,0.50,0.09,0.16,0.25
225.txt,1,52,15,48,14,73,22,55,15,0.75,0.27,0.29,0.14,0.41,0.45,52,36,36.80,35.40,0.71,0.72,4.30,6.09,0.92,23.57,0.87,0.86,16.41,2.86,0.35,0.85,0.20,0.13,0.33
226.txt,1,37,9,33,8,50,15,37,9,0.74,0.24,0.24,0.06,0.06,0.17,37,37,37.00,37.00,0.74,0.74,3.70,5.23,0.92,22.07,0.89,0.94,16.06,2.83,0.46,0.73,0.16,0.05,0.22
228.txt,1,70,18,66,17,130,36,101,23,0.78,0.23,0.26,0.08,0.32,0.40,70,36,35.10,35.40,0.54,0.70,4.34,6.14,0.87,16.62,0.65,0.60,18.00,3.00,0.30,0.67,0.15,0.07,0.22
230.txt,1,52,13,48,12,71,16,57,13,0.80,0.23,0.25,0.07,0.15,0.27,52,37,38.30,37.00,0.73,0.74,4.36,6.17,0.93,25.34,0.84,0.81,17.93,2.99,0.39,0.76,0.12,0.11,0.23
232.txt,1,30,10,26,9,38,14,27,9,0.71,0.33,0.33,0.08,0.08,0.20,30,30,30,30,0.79,0.79,3.44,4.87,0.94,24.31,0.96,0.92,10.08,2.25,0.41,1.00,0.15,0.04,0.19
233.txt,1,37,12,33,11,58,12,46,11,0.79,0.24,0.32,0.16,0.47,0.49,37,35,33.50,34.30,0.64,0.70,3.44,4.86,0.89,15.93,0.72,0.63,7.58,1.95,0.26,0.78,0.17,0.13,0.30
234.txt,1,25,6,23,6,32,6,26,6,0.81,0.23,0.24,0.08,0.08,0.20,25,25,25,25,0.78,0.78,3.12,4.42,0.93,21.13,0.88,0.83,8.33,2.04,0.38,0.86,0.19,0.08,0.27
235.txt,1,31,9,24,6,38,9,29,6,0.76,0.21,0.29,0.06,0.06,0.18,31,31,31,31,0.82,0.82,3.56,5.03,0.94,28.23,0.83,0.75,9.00,2.12,0.41,0.86,0.07,0.14,0.21
237.txt,1,42,14,37,13,59,16,43,13,0.73,0.30,0.33,0.05,0.05,0.16,42,36,37.00,35.30,0.71,0.72,3.87,5.47,0.92,21.25,0.86,0.80,12.80,2.53,0.37,0.93,0.14,0.05,0.19
240.txt,1,41,14,35,13,60,18,45,14,0.75,0.31,0.34,0.23,1.14,0.75,41,37,35.70,34.90,0.68,0.74,3.74,5.29,0.91,19.12,0.78,0.77,13.14,2.56,0.38,0.73,0.16,0.07,0.22
241.txt,1,24,8,18,6,28,9,18,6,0.64,0.33,0.33,0.00,0.00,0.00,24,24,24,24,0.86,0.86,3.21,4.54,0.95,31.28,1.00,1.00,5.00,1.58,0.28,1.00,0.33,0.00,0.33
242.txt,1,38,10,34,9,51,16,39,9,0.76,0.23,0.26,0.00,0.00,0.00,38,37,37.10,37.00,0.75,0.74,3.76,5.32,0.93,22.82,0.87,0.89,15.21,2.76,0.44,0.82,0.13,0.08,0.21
243.txt,1,48,13,43,12,87,23,63,15,0.72,0.24,0.27,0.06,0.13,0.25,48,37,33.70,30.70,0.55,0.74,3.64,5.15,0.87,14.56,0.68,0.61,11.65,2.41,0.30,0.71,0.13,0.02,0.14
246.txt,1,36,11,31,10,67,20,51,17,0.76,0.33,0.31,0.17,0.70,0.59,36,35,30.40,29.50,0.54,0.70,3.11,4.40,0.85,12.36,0.61,0.61,8.52,2.06,0.27,0.53,0.12,0.04,0.16
248.txt,1,39,12,34,11,59,18,42,12,0.71,0.29,0.31,0.06,0.06,0.17,39,33,35.20,33.10,0.66,0.66,3.59,5.08,0.90,17.44,0.81,0.71,8.47,2.06,0.29,0.81,0.19,0.02,0.21
249.txt,1,47,14,43,13,70,22,54,16,0.77,0.30,0.30,0.12,0.38,0.43,47,36,36.80,37.60,0.67,0.72,3.97,5.62,0.91,19.68,0.80,0.92,20.17,3.18,0.41,0.71,0.13,0.06,0.19
251.txt,1,44,8,40,6,64,16,49,8,0.77,0.16,0.18,0.04,0.04,0.14,44,33,36.70,34.00,0.69,0.66,3.89,5.50,0.91,20.05,0.82,0.85,19.59,3.13,0.47,0.73,0.10,0.02,0.12
252.txt,1,42,13,38,11,56,18,43,12,0.77,0.28,0.31,0.13,0.39,0.44,42,41,38.80,39.60,0.75,0.82,3.97,5.61,0.93,24.46,0.88,0.87,17.39,2.95,0.47,0.90,0.14,0.07,0.21
253.txt,1,38,12,34,11,75,26,52,16,0.69,0.31,0.32,0.09,0.18,0.30,38,32,29.70,29.60,0.51,0.64,3.10,4.39,0.84,11.91,0.65,0.64,8.91,2.11,0.27,0.50,0.15,0.04,0.19
254.txt,1,33,12,29,11,49,14,35,11,0.71,0.31,0.36,0.25,1.00,0.71,33,33,33,33,0.67,0.67,3.33,4.71,0.90,16.64,0.83,0.81,10.56,2.30,0.37,0.73,0.17,0.06,0.23
256.txt,1,55,14,51,13,101,26,76,18,0.75,0.24,0.25,0.08,0.25,0.35,55,30,34.60,31.30,0.54,0.65,3.87,5.47,0.87,15.22,0.67,0.72,18.78,3.06,0.34,0.48,0.12,0.07,0.18
257.txt,1,53,11,47,9,74,16,54,11,0.73,0.20,0.21,0.00,0.00,0.00,53,37,38.30,35.50,0.72,0.74,4.36,6.16,0.92,24.10,0.87,0.85,19.59,3.13,0.43,0.80,0.11,0.11,0.22
258.txt,1,32,16,27,14,44,17,31,14,0.70,0.45,0.50,0.08,0.08,0.20,32,32,32,32,0.73,0.73,3.41,4.82,0.92,19.53,0.87,0.67,5.33,1.63,0.26,1.00,0.19,0.03,0.23
260.txt,1,36,10,31,9,54,17,39,10,0.72,0.26,0.28,0.06,0.06,0.17,36,36,34.80,34.60,0.67,0.72,3.46,4.90,0.90,17.04,0.79,0.76,9.94,2.23,0.33,0.75,0.18,0.05,0.23
261.txt,1,59,18,55,17,86,24,67,19,0.78,0.28,0.31,0.09,0.28,0.38,59,36,38.20,37.30,0.69,0.72,4.50,6.36,0.92,22.87,0.82,0.84,22.78,3.38,0.40,0.81,0.10,0.06,0.16
262.txt,1,44,11,40,9,70,16,53,13,0.76,0.25,0.25,0.08,0.16,0.28,44,35,34.10,34.70,0.63,0.70,3.72,5.26,0.89,16.88,0.75,0.80,16.00,2.83,0.38,0.54,0.19,0.08,0.26
263.txt,1,52,16,48,15,82,26,61,17,0.74,0.28,0.31,0.04,0.04,0.14,52,35,35.90,35.00,0.63,0.70,4.06,5.74,0.90,18.52,0.79,0.76,14.44,2.69,0.31,0.78,0.18,0.08,0.26
264.txt,1,46,10,42,9,59,12,51,10,0.86,0.20,0.22,0.03,0.03,0.13,46,40,40.20,38.90,0.78,0.80,4.23,5.99,0.94,29.01,0.82,0.77,17.63,2.97,0.45,0.91,0.10,0.08,0.18
265.txt,1,35,10,31,9,54,18,41,12,0.76,0.29,0.29,0.11,0.21,0.32,35,34,32.80,32.70,0.65,0.68,3.37,4.76,0.89,15.94,0.76,0.68,8.89,2.11,0.32,0.70,0.20,0.07,0.27
266.txt,1,36,11,31,10,49,19,35,11,0.71,0.31,0.31,0.07,0.07,0.19,36,36,36,36,0.73,0.73,3.64,5.14,0.92,21.34,0.89,0.86,10.29,2.27,0.34,0.92,0.17,0.03,0.20
272.txt,1,36,9,30,8,47,12,35,9,0.74,0.26,0.25,0.16,0.47,0.49,36,36,36,36,0.77,0.77,3.71,5.25,0.93,24.15,0.86,0.79,11.84,2.43,0.43,0.89,0.11,0.09,0.20
273.txt,1,40,10,38,9,53,11,44,9,0.83,0.20,0.25,0.04,0.04,0.14,40,38,38.90,38.00,0.75,0.76,3.89,5.49,0.93,24.33,0.86,0.75,13.50,2.60,0.41,1.00,0.18,0.09,0.27
274.txt,1,17,6,13,5,18,6,13,5,0.72,0.38,0.35,0.14,0.14,0.27,17,17,17,17,0.94,0.94,2.83,4.01,0.98,63.48,1.00,1.00,7.00,1.87,0.54,1.00,0.08,0.00,0.08
275.txt,1,37,14,32,13,54,17,39,13,0.72,0.33,0.38,0.13,0.27,0.37,37,35,35.10,33.90,0.69,0.70,3.56,5.04,0.91,18.28,0.82,0.73,8.07,2.01,0.28,0.81,0.13,0.08,0.21
276.txt,1,39,11,35,10,52,14,41,10,0.79,0.24,0.28,0.06,0.06,0.17,39,37,38.10,37.00,0.75,0.74,3.82,5.41,0.93,23.57,0.85,0.83,12.50,2.50,0.37,0.81,0.10,0.07,0.17
277.txt,1,34,10,29,9,68,19,46,13,0.68,0.28,0.29,0.05,0.05,0.16,34,31,29.10,25.80,0.50,0.62,2.92,4.12,0.84,11.16,0.63,0.63,7.58,1.95,0.26,0.56,0.11,0.04,0.15
278.txt,1,34,9,29,7,43,9,34,7,0.79,0.21,0.26,0.12,0.24,0.34,34,34,34,34,0.79,0.79,3.67,5.18,0.94,26.16,0.85,0.71,8.47,2.06,0.35,1.00,0.18,0.12,0.29
279.txt,1,42,13,37,11,54,16,41,13,0.76,0.32,0.31,0.17,0.50,0.50,42,40,39.70,39.60,0.78,0.80,4.04,5.72,0.94,27.50,0.90,0.94,16.06,2.83,0.41,0.70,0.24,0.07,0.32
281.txt,1,42,16,37,14,61,21,45,14,0.74,0.31,0.38,0.18,0.73,0.60,42,34,36.50,34.40,0.69,0.68,3.80,5.38,0.91,19.67,0.82,0.77,13.14,2.56,0.38,0.85,0.18,0.02,0.20
282.txt,1,18,6,15,5,23,6,16,5,0.70,0.31,0.33,0.00,0.00,0.00,18,18,18,18,0.78,0.78,2.65,3.75,0.92,17.42,0.94,1.00,5.00,1.58,0.31,0.83,0.25,0.06,0.31
284.txt,1,2,2,2,2,2,2,2,2,1.00,1.00,1.00,0,0,0,2,2,2,2,1.00,1.00,1.00,1.41,1.00,NaN,1.00,0,0,0,0.00,1.00,0.50,0.00,0.50
285.txt,1,37,10,32,9,54,15,43,12,0.80,0.28,0.27,0.05,0.05,0.16,37,35,34.80,34.50,0.69,0.70,3.56,5.04,0.91,18.28,0.74,0.75,11.25,2.37,0.35,0.62,0.12,0.09,0.21
287.txt,1,46,16,42,14,63,18,49,14,0.78,0.29,0.35,0.12,0.35,0.42,46,37,38.10,37.40,0.73,0.74,4.10,5.80,0.92,23.70,0.86,0.81,16.96,2.91,0.43,0.92,0.16,0.04,0.20
288.txt,1,35,11,30,10,47,13,36,10,0.77,0.28,0.31,0.22,0.89,0.67,35,35,35,35,0.74,0.74,3.61,5.11,0.92,21.84,0.83,0.83,12.50,2.50,0.42,0.78,0.14,0.08,0.22
290.txt,1,36,8,31,6,54,11,38,7,0.70,0.18,0.22,0.06,0.06,0.17,36,35,34.50,33.30,0.67,0.70,3.46,4.90,0.90,17.04,0.82,0.82,11.53,2.40,0.37,0.73,0.13,0.11,0.24
291.txt,1,45,13,39,11,62,15,45,11,0.73,0.24,0.29,0.15,0.45,0.47,45,35,37.80,36.10,0.73,0.70,4.04,5.72,0.92,23.08,0.87,0.85,14.45,2.69,0.38,0.80,0.20,0.11,0.31
292.txt,1,45,13,40,12,69,18,57,16,0.83,0.28,0.29,0.08,0.16,0.28,45,40,36.20,37.00,0.65,0.80,3.83,5.42,0.90,18.21,0.70,0.72,12.96,2.55,0.32,0.59,0.14,0.07,0.21
293.txt,1,38,10,35,9,61,19,45,13,0.74,0.29,0.26,0.05,0.05,0.16,38,33,32.90,32.80,0.62,0.66,3.44,4.87,0.88,15.51,0.78,0.85,14.45,2.69,0.38,0.69,0.11,0.09,0.20
294.txt,1,34,10,29,8,45,15,34,10,0.76,0.29,0.29,0.08,0.08,0.20,34,34,34,34,0.76,0.76,3.58,5.07,0.93,22.45,0.85,1.00,12.00,2.45,0.35,0.70,0.15,0.15,0.29
295.txt,1,37,8,33,7,51,10,39,8,0.76,0.21,0.22,0.11,0.21,0.32,37,36,36.50,36.00,0.73,0.72,3.66,5.18,0.92,20.92,0.85,0.84,13.47,2.60,0.41,0.73,0.13,0.10,0.23
297.txt,1,41,12,37,11,73,22,55,15,0.75,0.27,0.29,0.10,0.31,0.39,41,33,33.70,31.10,0.56,0.66,3.39,4.80,0.87,13.86,0.67,0.66,12.45,2.49,0.35,0.62,0.09,0.05,0.15
299.txt,1,49,12,42,9,74,20,56,12,0.76,0.21,0.24,0.11,0.32,0.40,49,36,37.60,35.50,0.66,0.72,4.03,5.70,0.90,19.52,0.75,0.79,17.29,2.94,0.39,0.60,0.16,0.04,0.20
300.txt,1,33,10,29,8,48,16,35,9,0.73,0.26,0.30,0.12,0.25,0.35,33,33,33,33,0.69,0.69,3.37,4.76,0.90,17.37,0.83,0.88,12.25,2.47,0.40,0.78,0.14,0.09,0.23
301.txt,1,50,10,45,9,65,14,53,11,0.82,0.21,0.20,0.07,0.15,0.27,50,39,40.90,37.70,0.77,0.78,4.39,6.20,0.94,28.84,0.85,0.81,17.93,2.99,0.42,0.75,0.15,0.11,0.26
303.txt,1,17,7,14,6,20,7,15,6,0.75,0.40,0.41,0.00,0.00,0.00,17,17,17,17,0.85,0.85,2.69,3.80,0.95,23.98,0.93,1.00,5.00,1.58,0.33,0.83,0.27,0.00,0.27
305.txt,1,17,6,13,5,18,6,13,5,0.72,0.38,0.35,0.00,0.00,0.00,17,17,17,17,0.94,0.94,2.83,4.01,0.98,63.48,1.00,1.00,6.00,1.73,0.46,1.00,0.15,0.00,0.15
306.txt,1,52,11,48,10,81,16,64,14,0.79,0.22,0.21,0.09,0.26,0.36,52,34,37.30,36.20,0.64,0.68,4.09,5.78,0.90,18.92,0.75,0.82,23.06,3.40,0.44,0.56,0.14,0.03,0.17
307.txt,1,33,8,30,7,44,10,35,7,0.80,0.20,0.24,0.00,0.00,0.00,33,33,33,33,0.75,0.75,3.52,4.97,0.92,21.62,0.86,0.81,10.56,2.30,0.37,0.91,0.11,0.09,0.20
308.txt,1,43,11,38,9,66,18,49,11,0.74,0.22,0.26,0.07,0.15,0.27,43,35,34.30,34.60,0.65,0.70,3.74,5.29,0.90,17.79,0.78,0.74,14.81,2.72,0.41,0.75,0.12,0.06,0.18
309.txt,1,34,8,29,7,42,9,32,7,0.76,0.22,0.24,0.20,0.40,0.45,34,34,34,34,0.81,0.81,3.71,5.25,0.94,28.71,0.91,1.00,10.00,2.24,0.31,0.89,0.25,0.09,0.34
310.txt,1,39,12,34,11,55,17,41,11,0.75,0.27,0.31,0.06,0.06,0.18,39,36,36.40,35.20,0.71,0.72,3.72,5.26,0.91,20.29,0.83,0.75,9.00,2.12,0.29,0.86,0.20,0.05,0.24
314.txt,1,48,11,45,10,82,17,63,14,0.77,0.22,0.23,0.06,0.12,0.25,48,34,34.80,35.00,0.59,0.68,3.75,5.30,0.88,15.75,0.71,0.75,18.00,3.00,0.38,0.61,0.10,0.06,0.16
315.txt,1,70,16,66,15,117,27,93,18,0.79,0.19,0.23,0.04,0.08,0.20,70,32,38.00,38.80,0.60,0.72,4.58,6.47,0.89,19.17,0.71,0.69,22.69,3.37,0.35,0.72,0.10,0.06,0.16
316.txt,1,40,11,34,9,57,12,41,9,0.72,0.22,0.28,0.17,0.50,0.50,40,34,35.90,35.40,0.70,0.68,3.75,5.30,0.91,20.04,0.83,0.83,12.50,2.50,0.37,0.75,0.17,0.07,0.24
317.txt,1,27,11,21,9,40,15,27,11,0.68,0.41,0.41,0.36,1.79,0.94,27,27,27,27,0.68,0.68,3.02,4.27,0.89,15.04,0.78,0.79,8.64,2.08,0.41,0.70,0.07,0.04,0.11
318.txt,1,26,7,22,6,41,10,29,7,0.71,0.24,0.27,0.18,0.36,0.43,26,26,26,26,0.63,0.63,2.87,4.06,0.88,13.15,0.76,0.82,7.36,1.92,0.31,0.55,0.14,0.10,0.24
320.txt,1,52,20,46,18,104,34,77,25,0.74,0.32,0.38,0.08,0.25,0.35,52,32,32.60,32.50,0.50,0.67,3.61,5.10,0.85,13.52,0.60,0.53,10.03,2.24,0.25,0.55,0.10,0.04,0.14
321.txt,1,55,14,49,12,89,19,68,15,0.76,0.22,0.25,0.08,0.24,0.34,55,36,35.60,34.80,0.62,0.72,4.12,5.83,0.89,18.18,0.72,0.68,17.79,2.98,0.38,0.69,0.10,0.07,0.18
322.txt,1,44,17,39,15,65,26,45,17,0.69,0.38,0.39,0.11,0.22,0.33,44,32,35.80,33.50,0.68,0.64,3.86,5.46,0.91,19.39,0.87,0.89,14.22,2.67,0.36,0.76,0.16,0.07,0.22
323.txt,1,33,10,28,9,55,14,37,11,0.67,0.30,0.30,0.08,0.08,0.20,33,32,31.50,31.00,0.60,0.64,3.15,4.45,0.87,13.65,0.76,0.69,6.23,1.77,0.24,0.64,0.19,0.08,0.27
324.txt,1,28,7,24,6,38,9,29,7,0.76,0.24,0.25,0.07,0.07,0.18,28,28,28,28,0.74,0.74,3.21,4.54,0.92,18.82,0.83,0.80,9.60,2.19,0.41,0.80,0.10,0.03,0.14
325.txt,1,19,5,14,4,23,5,15,4,0.65,0.27,0.26,0.00,0.00,0.00,19,19,19,19,0.83,0.83,2.80,3.96,0.94,22.35,0.93,0.83,4.17,1.44,0.33,1.00,0.13,0.07,0.20
326.txt,1,21,8,15,7,26,9,18,8,0.69,0.44,0.38,0.17,0.17,0.29,21,21,21,21,0.81,0.81,2.91,4.12,0.93,21.59,0.83,0.83,4.17,1.44,0.28,0.89,0.17,0.00,0.17
327.txt,1,41,11,36,10,61,17,43,12,0.70,0.28,0.27,0.11,0.22,0.33,41,35,35.30,34.10,0.67,0.70,3.71,5.25,0.90,18.47,0.84,0.83,12.50,2.50,0.35,0.71,0.16,0.09,0.26
328.txt,1,40,12,36,11,59,20,45,14,0.76,0.31,0.30,0.17,0.50,0.50,40,34,35.60,34.50,0.68,0.68,3.68,5.21,0.90,18.58,0.80,0.83,12.50,2.50,0.33,0.79,0.18,0.04,0.22
329.txt,1,26,10,22,9,41,12,30,11,0.73,0.37,0.38,0.25,0.75,0.61,26,26,26,26,0.63,0.63,2.87,4.06,0.88,13.15,0.73,0.75,6.75,1.84,0.30,0.56,0.20,0.07,0.27
330.txt,1,22,6,17,5,28,6,17,5,0.61,0.29,0.27,0.00,0.00,0.00,22,22,22,22,0.79,0.79,2.94,4.16,0.93,20.00,1.00,1.00,4.00,1.41,0.24,1.00,0.18,0.12,0.29
332.txt,1,50,11,45,9,75,20,59,13,0.79,0.22,0.22,0.04,0.04,0.14,50,32,37.00,39.00,0.67,0.64,4.08,5.77,0.91,19.97,0.76,0.74,14.81,2.72,0.34,0.67,0.12,0.14,0.25
336.txt,1,26,10,22,9,31,10,23,9,0.74,0.39,0.38,0.12,0.12,0.25,26,26,26,26,0.84,0.84,3.30,4.67,0.95,29.12,0.96,0.88,6.12,1.75,0.30,1.00,0.17,0.13,0.30
337.txt,1,51,19,46,18,106,40,81,28,0.76,0.35,0.37,0.09,0.26,0.36,51,35,33.60,30.30,0.48,0.65,3.50,4.95,0.84,12.91,0.57,0.49,8.26,2.03,0.21,0.55,0.12,0.04,0.16
339.txt,1,35,6,31,5,46,10,36,6,0.78,0.17,0.17,0.07,0.07,0.19,35,35,35,35,0.76,0.76,3.65,5.16,0.93,23.29,0.86,0.79,8.64,2.08,0.31,1.00,0.19,0.14,0.33
340.txt,1,40,14,35,13,58,17,41,13,0.71,0.32,0.35,0.07,0.07,0.18,40,34,36.50,34.10,0.69,0.68,3.71,5.25,0.91,19.27,0.85,0.73,8.07,2.01,0.27,0.92,0.24,0.05,0.29
342.txt,1,52,11,47,10,84,21,66,12,0.79,0.18,0.21,0.08,0.25,0.35,52,38,37.60,34.30,0.62,0.76,4.01,5.67,0.89,17.78,0.71,0.72,18.78,3.06,0.39,0.64,0.12,0.06,0.18
344.txt,1,31,9,28,8,44,13,34,10,0.77,0.29,0.29,0.13,0.27,0.37,31,31,31,31,0.70,0.70,3.30,4.67,0.91,17.76,0.82,0.80,9.60,2.19,0.35,0.75,0.12,0.09,0.21
345.txt,1,44,9,38,8,57,13,46,10,0.81,0.22,0.20,0.05,0.05,0.15,44,41,39.40,41.20,0.77,0.82,4.12,5.83,0.94,27.42,0.83,0.82,14.73,2.71,0.39,0.73,0.17,0.09,0.26
346.txt,1,36,9,31,8,50,11,40,9,0.80,0.23,0.25,0.09,0.18,0.30,36,36,36.00,36.00,0.72,0.72,3.60,5.09,0.92,20.23,0.78,0.77,13.14,2.56,0.42,0.67,0.12,0.07,0.20