filename,sentences,wordtypes,swordtypes,lextypes,slextypes,wordtokens,swordtokens,lextokens,slextokens,ld,ls1,ls2,vs1,vs2,cvs1,ndw,ndwz,ndwerz,ndwesz,ttr,msttr,cttr,rttr,logttr,uber,lv,vv1,svv1,cvv1,vv2,nv,adjv,advv,modv
100.txt,1,15,7,11,5,20,10,13,6,0.65,0.46,0.47,0.17,0.17,0.29,15,15,15,15,0.75,0.75,2.37,3.35,0.90,13.55,0.85,0.83,4.17,1.44,0.38,0.83,0.08,0.00,0.08
101.txt,1,16,7,13,6,22,12,16,9,0.73,0.56,0.44,0.17,0.17,0.29,16,16,16,16,0.73,0.73,2.41,3.41,0.90,13.03,0.81,1.00,6.00,1.73,0.38,0.71,0.12,0.00,0.12
105.txt,1,19,10,16,9,21,12,16,9,0.76,0.56,0.53,0.25,0.25,0.35,19,19,19,19,0.90,0.90,2.93,4.15,0.97,40.22,1.00,1.00,4.00,1.41,0.25,1.00,0.12,0.19,0.31
106.txt,1,15,7,12,6,20,10,15,8,0.75,0.53,0.47,0.20,0.20,0.32,15,15,15,15,0.75,0.75,2.37,3.35,0.90,13.55,0.80,0.80,3.20,1.26,0.27,0.75,0.07,0.07,0.13
109.txt,1,17,8,14,7,25,13,17,9,0.68,0.53,0.47,0.14,0.14,0.27,17,17,17,17,0.68,0.68,2.40,3.40,0.88,11.67,0.82,0.86,5.14,1.60,0.35,0.78,0.06,0.00,0.06
110.txt,1,19,8,15,6,23,9,17,7,0.74,0.41,0.42,0.17,0.17,0.29,19,19,19,19,0.83,0.83,2.80,3.96,0.94,22.35,0.88,1.00,6.00,1.73,0.35,0.83,0.12,0.12,0.24
111.txt,1,16,7,13,6,19,10,14,7,0.74,0.50,0.44,0.17,0.17,0.29,16,16,16,16,0.84,0.84,2.60,3.67,0.94,21.91,0.93,1.00,6.00,1.73,0.43,0.86,0.07,0.00,0.07
113.txt,1,19,9,16,8,22,11,17,9,0.77,0.53,0.47,0.17,0.17,0.29,19,19,19,19,0.86,0.86,2.86,4.05,0.95,28.30,0.94,1.00,6.00,1.73,0.35,0.88,0.12,0.06,0.18
115.txt,1,18,8,15,7,21,11,16,8,0.76,0.50,0.44,0.14,0.14,0.27,18,18,18,18,0.86,0.86,2.78,3.93,0.95,26.11,0.94,1.00,7.00,1.87,0.44,0.86,0.12,0.00,0.12
116.txt,1,16,7,13,6,20,11,16,9,0.80,0.56,0.44,0.17,0.17,0.29,16,16,16,16,0.80,0.80,2.53,3.58,0.93,17.47,0.81,1.00,6.00,1.73,0.38,0.67,0.06,0.00,0.06
118.txt,1,19,9,15,7,22,11,16,7,0.73,0.44,0.47,0.14,0.14,0.27,19,19,19,19,0.86,0.86,2.86,4.05,0.95,28.30,0.94,0.86,5.14,1.60,0.38,1.00,0.06,0.06,0.12
120.txt,1,6,3,5,2,6,3,5,2,0.83,0.40,0.50,0.00,0.00,0.00,6,6,6,6,1.00,1.00,1.73,2.45,1.00,NaN,1.00,1.00,2.00,1.00,0.40,1.00,0.00,0.00,0.00
121.txt,1,23,10,20,9,26,12,22,10,0.85,0.45,0.43,0.22,0.44,0.47,23,23,23,23,0.88,0.88,3.19,4.51,0.96,37.60,0.91,0.89,7.11,1.89,0.36,0.88,0.18,0.05,0.23
122.txt,1,18,9,15,8,26,14,20,11,0.77,0.55,0.50,0.12,0.12,0.25,18,18,18,18,0.69,0.69,2.50,3.53,0.89,12.54,0.75,0.75,4.50,1.50,0.30,0.78,0.10,0.00,0.10
123.txt,1,14,8,13,7,15,9,13,7,0.87,0.54,0.57,0.17,0.17,0.29,14,14,14,14,0.93,0.93,2.56,3.61,0.97,46.16,1.00,1.00,6.00,1.73,0.46,1.00,0.00,0.00,0.00
124.txt,1,15,6,12,5,20,8,14,7,0.70,0.50,0.40,0.29,0.57,0.53,15,15,15,15,0.75,0.75,2.37,3.35,0.90,13.55,0.86,0.86,5.14,1.60,0.43,0.83,0.07,0.00,0.07
126.txt,1,18,10,15,9,24,13,17,10,0.71,0.59,0.56,0.20,0.20,0.32,18,18,18,18,0.75,0.75,2.60,3.67,0.91,15.25,0.88,0.80,3.20,1.26,0.24,0.89,0.12,0.06,0.18
130.txt,1,19,9,16,7,20,9,17,7,0.85,0.41,0.47,0.14,0.14,0.27,19,19,19,19,0.95,0.95,3.00,4.25,0.98,75.99,0.94,1.00,7.00,1.87,0.41,1.00,0.00,0.06,0.06
132.txt,1,14,8,10,6,14,8,10,6,0.71,0.60,0.57,0.50,0.50,0.50,14,14,14,14,1.00,1.00,2.65,3.74,1.00,NaN,1.00,1.00,2.00,1.00,0.20,1.00,0.20,0.10,0.30
134.txt,1,16,5,12,3,17,5,13,3,0.76,0.23,0.31,0.14,0.14,0.27,16,16,16,16,0.94,0.94,2.74,3.88,0.98,57.50,0.92,0.86,5.14,1.60,0.46,1.00,0.08,0.15,0.23
135.txt,1,15,7,12,6,21,11,14,8,0.67,0.57,0.47,0.20,0.20,0.32,15,15,15,15,0.71,0.71,2.31,3.27,0.89,11.96,0.86,1.00,5.00,1.58,0.36,0.71,0.14,0.00,0.14
137.txt,1,16,7,13,6,23,13,16,9,0.70,0.56,0.44,0.17,0.17,0.29,16,16,16,16,0.70,0.70,2.36,3.34,0.88,11.77,0.81,1.00,6.00,1.73,0.38,0.71,0.12,0.00,0.12
138.txt,1,16,8,13,7,21,11,15,8,0.71,0.53,0.50,0.17,0.17,0.29,16,16,16,16,0.76,0.76,2.47,3.49,0.91,14.80,0.87,0.83,4.17,1.44,0.33,0.86,0.13,0.00,0.13
141.txt,1,17,10,14,9,22,13,17,11,0.77,0.65,0.59,0.33,0.67,0.58,17,17,17,17,0.77,0.77,2.56,3.62,0.92,16.09,0.82,0.83,4.17,1.44,0.29,0.78,0.12,0.00,0.12
142.txt,1,13,7,9,4,16,9,11,5,0.69,0.45,0.54,0.20,0.20,0.32,13,13,13,13,0.81,0.81,2.30,3.25,0.93,16.08,0.82,0.80,3.20,1.26,0.36,0.80,0.09,0.00,0.09
143.txt,1,12,5,10,5,17,6,12,6,0.71,0.50,0.42,0.20,0.20,0.32,12,12,12,12,0.71,0.71,2.06,2.91,0.88,10.01,0.83,0.80,3.20,1.26,0.33,0.83,0.08,0.00,0.08
144.txt,1,20,9,17,8,26,13,20,10,0.77,0.50,0.45,0.12,0.12,0.25,20,20,20,20,0.77,0.77,2.77,3.92,0.92,17.57,0.85,0.88,6.12,1.75,0.35,0.75,0.15,0.05,0.20
145.txt,1,15,7,12,5,18,8,13,6,0.72,0.46,0.47,0.17,0.17,0.29,15,15,15,15,0.83,0.83,2.50,3.54,0.94,19.90,0.92,1.00,6.00,1.73,0.46,0.83,0.08,0.00,0.08
147.txt,1,19,9,16,8,21,11,16,8,0.76,0.50,0.47,0.14,0.14,0.27,19,19,19,19,0.90,0.90,2.93,4.15,0.97,40.22,1.00,1.00,7.00,1.87,0.44,1.00,0.06,0.00,0.06
148.txt,1,9,3,7,3,9,3,7,3,0.78,0.43,0.33,0.50,0.50,0.50,9,9,9,9,1.00,1.00,2.12,3.00,1.00,NaN,1.00,1.00,2.00,1.00,0.29,1.00,0.14,0.14,0.29
150.txt,1,14,8,12,7,16,9,13,7,0.81,0.54,0.57,0.33,0.67,0.58,14,14,14,14,0.88,0.88,2.47,3.50,0.95,25.00,0.92,0.83,4.17,1.44,0.38,1.00,0.08,0.00,0.08
152.txt,1,1,0,1,0,1,0,1,0,1.00,0.00,0.00,0,0,0,1,1,1,1,1.00,1.00,0.71,1.00,0,NaN,1.00,0,0,0,0.00,1.00,0.00,0.00,0.00
153.txt,1,9,4,7,3,10,5,7,3,0.70,0.43,0.44,0.50,0.50,0.50,9,9,9,9,0.90,0.90,2.01,2.85,0.95,21.85,1.00,1.00,2.00,1.00,0.29,1.00,0.14,0.14,0.29
154.txt,1,21,9,18,8,31,11,23,10,0.74,0.43,0.43,0.10,0.10,0.22,21,21,21,21,0.68,0.68,2.67,3.77,0.89,13.15,0.78,0.70,4.90,1.57,0.30,0.75,0.17,0.04,0.22
155.txt,1,18,10,15,8,20,12,15,8,0.75,0.53,0.56,0.20,0.20,0.32,18,18,18,18,0.90,0.90,2.85,4.02,0.96,36.99,1.00,1.00,5.00,1.58,0.33,1.00,0.07,0.13,0.20
156.txt,1,13,6,10,5,17,8,12,6,0.71,0.50,0.46,0.20,0.20,0.32,13,13,13,13,0.76,0.76,2.23,3.15,0.91,13.00,0.83,0.80,3.20,1.26,0.33,0.83,0.08,0.00,0.08
157.txt,1,17,8,15,7,18,9,15,7,0.83,0.47,0.47,0.17,0.17,0.29,17,17,17,17,0.94,0.94,2.83,4.01,0.98,63.48,1.00,1.00,6.00,1.73,0.40,1.00,0.13,0.07,0.20
159.txt,1,21,10,17,8,25,14,18,9,0.72,0.50,0.48,0.17,0.17,0.29,21,21,21,21,0.84,0.84,2.97,4.20,0.95,25.81,0.94,1.00,6.00,1.73,0.33,0.89,0.11,0.06,0.17
160.txt,1,20,11,15,8,23,12,16,9,0.70,0.56,0.55,0.20,0.20,0.32,20,20,20,20,0.87,0.87,2.95,4.17,0.96,30.55,0.94,1.00,5.00,1.58,0.31,0.88,0.12,0.06,0.19
161.txt,1,21,10,18,9,25,14,18,9,0.72,0.50,0.48,0.12,0.12,0.25,21,21,21,21,0.84,0.84,2.97,4.20,0.95,25.81,1.00,1.00,8.00,2.00,0.44,1.00,0.06,0.00,0.06
163.txt,1,19,7,16,6,23,11,17,7,0.74,0.41,0.37,0.11,0.11,0.24,19,19,19,19,0.83,0.83,2.80,3.96,0.94,22.35,0.94,1.00,9.00,2.12,0.53,0.86,0.06,0.00,0.06
164.txt,1,17,8,16,7,22,13,17,8,0.77,0.47,0.47,0.14,0.14,0.27,17,17,17,17,0.77,0.77,2.56,3.62,0.92,16.09,0.94,1.00,7.00,1.87,0.41,0.88,0.06,0.06,0.12
165.txt,1,19,8,16,7,26,12,19,8,0.73,0.42,0.42,0.10,0.10,0.22,19,19,19,19,0.73,0.73,2.63,3.73,0.90,14.70,0.84,0.80,6.40,1.79,0.42,0.86,0.11,0.00,0.11
166.txt,1,19,7,17,7,26,8,20,8,0.77,0.40,0.37,0.11,0.11,0.24,19,19,19,19,0.73,0.73,2.63,3.73,0.90,14.70,0.85,0.78,5.44,1.65,0.35,0.88,0.05,0.10,0.15
167.txt,1,17,8,14,7,21,11,15,8,0.71,0.53,0.47,0.17,0.17,0.29,17,17,17,17,0.81,0.81,2.62,3.71,0.93,19.05,0.93,1.00,6.00,1.73,0.40,0.86,0.13,0.00,0.13
168.txt,1,17,8,14,7,19,10,15,8,0.79,0.53,0.47,0.20,0.20,0.32,17,17,17,17,0.89,0.89,2.76,3.90,0.96,33.85,0.93,1.00,5.00,1.58,0.33,0.88,0.07,0.07,0.13
170.txt,1,15,7,12,6,18,9,13,6,0.72,0.46,0.47,0.20,0.20,0.32,15,15,15,15,0.83,0.83,2.50,3.54,0.94,19.90,0.92,0.80,3.20,1.26,0.31,1.00,0.08,0.08,0.15
171.txt,1,21,10,20,10,25,11,21,11,0.84,0.52,0.48,0.14,0.14,0.27,21,21,21,21,0.84,0.84,2.97,4.20,0.95,25.81,0.95,1.00,7.00,1.87,0.33,0.90,0.14,0.05,0.19
172.txt,1,17,7,14,6,19,8,15,7,0.79,0.47,0.41,0.17,0.17,0.29,17,17,17,17,0.89,0.89,2.76,3.90,0.96,33.85,0.93,1.00,6.00,1.73,0.40,0.86,0.07,0.07,0.13
173.txt,1,20,9,16,7,22,10,18,8,0.82,0.44,0.45,0.11,0.11,0.24,20,20,20,20,0.91,0.91,3.02,4.26,0.97,43.54,0.89,0.89,7.11,1.89,0.44,0.88,0.06,0.00,0.06
174.txt,1,16,8,13,7,19,10,14,7,0.74,0.50,0.50,0.17,0.17,0.29,16,16,16,16,0.84,0.84,2.60,3.67,0.94,21.91,0.93,0.83,4.17,1.44,0.36,1.00,0.07,0.00,0.07
175.txt,1,16,7,13,5,23,12,16,6,0.70,0.38,0.44,0.14,0.14,0.27,16,16,16,16,0.70,0.70,2.36,3.34,0.88,11.77,0.81,0.86,5.14,1.60,0.38,0.83,0.06,0.06,0.12
177.txt,1,15,8,12,7,19,11,14,8,0.74,0.57,0.53,0.33,0.67,0.58,15,15,15,15,0.79,0.79,2.43,3.44,0.92,15.93,0.86,0.83,4.17,1.44,0.36,1.00,0.07,0.00,0.07
179.txt,1,18,8,15,7,20,10,16,8,0.80,0.50,0.44,0.17,0.17,0.29,18,18,18,18,0.90,0.90,2.85,4.02,0.96,36.99,0.94,1.00,6.00,1.73,0.38,0.88,0.06,0.06,0.12
182.txt,1,19,9,15,7,23,10,16,7,0.70,0.44,0.47,0.20,0.20,0.32,19,19,19,19,0.83,0.83,2.80,3.96,0.94,22.35,0.94,0.80,3.20,1.26,0.25,1.00,0.06,0.19,0.25
183.txt,1,18,9,15,8,22,12,16,8,0.73,0.50,0.50,0.14,0.14,0.27,18,18,18,18,0.82,0.82,2.71,3.84,0.94,20.68,0.94,0.86,5.14,1.60,0.38,1.00,0.06,0.00,0.06
185.txt,1,16,9,14,8,18,11,14,8,0.78,0.57,0.56,0.20,0.20,0.32,16,16,16,16,0.89,0.89,2.67,3.77,0.96,30.80,1.00,1.00,5.00,1.58,0.36,1.00,0.14,0.00,0.14
186.txt,1,12,6,9,5,14,7,10,5,0.71,0.50,0.50,0.25,0.25,0.35,12,12,12,12,0.86,0.86,2.27,3.21,0.94,19.62,0.90,0.75,2.25,1.06,0.30,1.00,0.10,0.00,0.10
189.txt,1,20,9,17,8,30,15,22,12,0.73,0.55,0.45,0.12,0.12,0.25,20,20,20,20,0.67,0.67,2.58,3.65,0.88,12.39,0.77,0.88,6.12,1.75,0.32,0.67,0.05,0.05,0.09
191.txt,1,15,7,12,6,24,12,17,10,0.71,0.59,0.47,0.17,0.17,0.29,15,15,15,15,0.62,0.62,2.17,3.06,0.85,9.33,0.71,0.83,4.17,1.44,0.29,0.60,0.06,0.00,0.06
193.txt,1,18,8,15,7,28,16,20,11,0.71,0.55,0.44,0.14,0.14,0.27,18,18,18,18,0.64,0.64,2.41,3.40,0.87,10.91,0.75,0.86,5.14,1.60,0.30,0.64,0.05,0.05,0.10
194.txt,1,14,7,11,5,16,8,11,5,0.69,0.45,0.50,0.33,0.67,0.58,14,14,14,14,0.88,0.88,2.47,3.50,0.95,25.00,1.00,1.00,6.00,1.73,0.55,1.00,0.09,0.00,0.09
195.txt,1,17,8,15,7,19,10,15,7,0.79,0.47,0.47,0.14,0.14,0.27,17,17,17,17,0.89,0.89,2.76,3.90,0.96,33.85,1.00,1.00,7.00,1.87,0.47,1.00,0.00,0.00,0.00
196.txt,1,16,7,13,6,19,10,14,7,0.74,0.50,0.44,0.17,0.17,0.29,16,16,16,16,0.84,0.84,2.60,3.67,0.94,21.91,0.93,1.00,6.00,1.73,0.43,0.86,0.07,0.00,0.07
197.txt,1,17,7,14,6,21,11,16,8,0.76,0.50,0.41,0.14,0.14,0.27,17,17,17,17,0.81,0.81,2.62,3.71,0.93,19.05,0.88,1.00,7.00,1.87,0.44,0.75,0.06,0.00,0.06
198.txt,1,14,5,11,4,19,8,14,6,0.74,0.43,0.36,0.14,0.14,0.27,14,14,14,14,0.74,0.74,2.27,3.21,0.90,12.33,0.79,0.86,5.14,1.60,0.43,0.67,0.07,0.00,0.07
199.txt,1,14,5,10,3,15,6,10,3,0.67,0.30,0.36,0.17,0.17,0.29,14,14,14,14,0.93,0.93,2.56,3.61,0.97,46.16,1.00,1.00,6.00,1.73,0.60,1.00,0.10,0.00,0.10
200.txt,1,20,8,17,7,26,11,19,8,0.73,0.42,0.40,0.14,0.14,0.27,20,20,20,20,0.77,0.77,2.77,3.92,0.92,17.57,0.89,1.00,7.00,1.87,0.37,0.86,0.16,0.05,0.21
202.txt,1,16,6,11,4,17,6,12,4,0.71,0.33,0.38,0.17,0.17,0.29,16,16,16,16,0.94,0.94,2.74,3.88,0.98,57.50,0.92,0.83,4.17,1.44,0.42,1.00,0.08,0.08,0.17
203.txt,1,11,4,9,3,13,6,9,3,0.69,0.33,0.36,0.00,0.00,0.00,11,11,11,11,0.85,0.85,2.16,3.05,0.93,17.10,1.00,1.00,4.00,1.41,0.44,1.00,0.11,0.00,0.11
206.txt,1,23,10,20,9,27,11,20,9,0.74,0.45,0.43,0.14,0.14,0.27,23,23,23,23,0.85,0.85,3.13,4.43,0.95,29.42,1.00,1.00,7.00,1.87,0.35,1.00,0.15,0.10,0.25
207.txt,1,16,6,14,6,18,6,14,6,0.78,0.43,0.38,0.20,0.20,0.32,16,16,16,16,0.89,0.89,2.67,3.77,0.96,30.80,1.00,1.00,5.00,1.58,0.36,1.00,0.07,0.14,0.21
208.txt,1,18,6,16,6,20,6,16,6,0.80,0.38,0.33,0.20,0.40,0.45,18,18,18,18,0.90,0.90,2.85,4.02,0.96,36.99,1.00,1.00,10.00,2.24,0.62,1.00,0.12,0.00,0.12
209.txt,1,19,9,16,8,25,14,19,11,0.76,0.58,0.47,0.17,0.17,0.29,19,19,19,19,0.76,0.76,2.69,3.80,0.91,16.40,0.84,1.00,6.00,1.73,0.32,0.70,0.11,0.05,0.16
210.txt,1,19,9,16,8,26,15,20,12,0.77,0.60,0.47,0.17,0.17,0.29,19,19,19,19,0.73,0.73,2.63,3.73,0.90,14.70,0.80,1.00,6.00,1.73,0.30,0.70,0.10,0.05,0.15
212.txt,1,4,2,4,2,4,2,4,2,1.00,0.50,0.50,0.50,0.50,0.50,4,4,4,4,1.00,1.00,1.41,2.00,1.00,NaN,1.00,1.00,2.00,1.00,0.50,1.00,0.00,0.00,0.00
213.txt,1,15,4,12,3,22,6,15,4,0.68,0.27,0.27,0.12,0.12,0.25,15,15,15,15,0.68,0.68,2.26,3.20,0.88,10.83,0.80,0.88,6.12,1.75,0.47,0.67,0.07,0.00,0.07
214.txt,1,19,9,16,8,24,10,18,8,0.75,0.44,0.47,0.11,0.11,0.24,19,19,19,19,0.79,0.79,2.74,3.88,0.93,18.78,0.89,0.78,5.44,1.65,0.39,1.00,0.06,0.00,0.06
215.txt,1,23,7,19,6,29,9,21,8,0.72,0.38,0.30,0.12,0.12,0.25,23,23,23,23,0.79,0.79,3.02,4.27,0.93,21.24,0.90,1.00,8.00,2.00,0.38,0.80,0.10,0.05,0.14
216.txt,1,20,10,18,9,22,11,19,9,0.86,0.47,0.50,0.22,0.44,0.47,20,20,20,20,0.91,0.91,3.02,4.26,0.97,43.54,0.95,0.89,7.11,1.89,0.42,1.00,0.00,0.05,0.05
217.txt,1,14,7,9,4,16,8,9,4,0.56,0.44,0.50,0.33,0.33,0.41,14,14,14,14,0.88,0.88,2.47,3.50,0.95,25.00,1.00,1.00,3.00,1.22,0.33,1.00,0.11,0.11,0.22
218.txt,1,19,10,15,8,29,15,21,10,0.72,0.48,0.53,0.14,0.14,0.27,19,19,19,19,0.66,0.66,2.49,3.53,0.87,11.65,0.71,0.57,2.29,1.07,0.19,0.75,0.05,0.05,0.10
219.txt,1,17,8,14,7,18,8,14,7,0.78,0.50,0.47,0.25,0.25,0.35,17,17,17,17,0.94,0.94,2.83,4.01,0.98,63.48,1.00,1.00,4.00,1.41,0.29,1.00,0.07,0.14,0.21
220.txt,1,18,9,15,8,20,10,16,8,0.80,0.50,0.50,0.14,0.14,0.27,18,18,18,18,0.90,0.90,2.85,4.02,0.96,36.99,0.94,0.86,5.14,1.60,0.38,1.00,0.06,0.00,0.06
221.txt,1,18,5,15,5,25,8,20,8,0.80,0.40,0.28,0.14,0.14,0.27,18,18,18,18,0.72,0.72,2.55,3.60,0.90,13.70,0.75,0.86,5.14,1.60,0.30,0.60,0.10,0.05,0.15
222.txt,1,30,11,27,10,40,14,32,12,0.80,0.38,0.37,0.17,0.50,0.50,30,30,30,30,0.75,0.75,3.35,4.74,0.92,20.54,0.84,0.83,12.50,2.50,0.47,0.78,0.12,0.03,0.16
224.txt,1,16,8,13,7,16,8,13,7,0.81,0.54,0.50,0.25,0.25,0.35,16,16,16,16,1.00,1.00,2.83,4.00,1.00,NaN,1.00,1.00,4.00,1.41,0.31,1.00,0.15,0.08,0.23
225.txt,1,17,8,13,6,20,9,14,7,0.70,0.50,0.47,0.25,0.25,0.35,17,17,17,17,0.85,0.85,2.69,3.80,0.95,23.98,0.93,1.00,4.00,1.41,0.29,0.86,0.07,0.14,0.21
226.txt,1,15,7,12,6,20,10,14,7,0.70,0.50,0.47,0.17,0.17,0.29,15,15,15,15,0.75,0.75,2.37,3.35,0.90,13.55,0.86,0.83,4.17,1.44,0.36,0.86,0.07,0.00,0.07
228.txt,1,17,8,14,7,20,9,15,8,0.75,0.53,0.47,0.20,0.20,0.32,17,17,17,17,0.85,0.85,2.69,3.80,0.95,23.98,0.93,1.00,5.00,1.58,0.33,0.86,0.13,0.07,0.20
230.txt,1,31,12,28,11,53,20,39,16,0.74,0.41,0.39,0.14,0.43,0.46,31,31,30.20,29.10,0.58,0.62,3.01,4.26,0.86,12.76,0.72,0.71,10.71,2.31,0.38,0.73,0.05,0.03,0.08
232.txt,1,18,8,15,7,29,17,21,12,0.72,0.57,0.44,0.14,0.14,0.27,18,18,18,18,0.62,0.62,2.36,3.34,0.86,10.33,0.71,0.86,5.14,1.60,0.29,0.60,0.10,0.05,0.14
233.txt,1,16,8,14,7,23,10,17,8,0.74,0.47,0.50,0.17,0.17,0.29,16,16,16,16,0.70,0.70,2.36,3.34,0.88,11.77,0.82,0.83,4.17,1.44,0.29,0.86,0.12,0.06,0.18
234.txt,1,10,3,9,3,11,4,10,4,0.91,0.40,0.30,0.25,0.25,0.35,10,10,10,10,0.91,0.91,2.13,3.02,0.96,26.20,0.90,1.00,4.00,1.41,0.40,0.75,0.10,0.10,0.20
235.txt,1,16,9,14,8,19,11,15,8,0.79,0.53,0.56,0.17,0.17,0.29,16,16,16,16,0.84,0.84,2.60,3.67,0.94,21.91,0.93,0.83,4.17,1.44,0.33,1.00,0.07,0.00,0.07
237.txt,1,20,10,17,9,28,16,20,10,0.71,0.50,0.50,0.11,0.11,0.24,20,20,20,20,0.71,0.71,2.67,3.78,0.90,14.33,0.85,0.78,5.44,1.65,0.35,0.90,0.05,0.00,0.05
240.txt,1,16,7,13,6,20,10,14,7,0.70,0.50,0.44,0.17,0.17,0.29,16,16,16,16,0.80,0.80,2.53,3.58,0.93,17.47,0.93,1.00,6.00,1.73,0.43,0.83,0.14,0.00,0.14
241.txt,1,22,11,19,10,29,14,20,10,0.69,0.50,0.50,0.17,0.17,0.29,22,22,22,22,0.76,0.76,2.89,4.09,0.92,17.83,0.95,0.83,4.17,1.44,0.25,1.00,0.15,0.05,0.20
242.txt,1,18,9,15,8,22,11,15,8,0.68,0.53,0.50,0.20,0.20,0.32,18,18,18,18,0.82,0.82,2.71,3.84,0.94,20.68,1.00,1.00,5.00,1.58,0.33,1.00,0.13,0.07,0.20
243.txt,1,16,9,12,6,20,12,14,7,0.70,0.50,0.56,0.17,0.17,0.29,16,16,16,16,0.80,0.80,2.53,3.58,0.93,17.47,0.86,0.83,4.17,1.44,0.36,0.83,0.14,0.00,0.14
246.txt,1,17,9,14,8,20,11,15,8,0.75,0.53,0.53,0.17,0.17,0.29,17,17,17,17,0.85,0.85,2.69,3.80,0.95,23.98,0.93,0.83,4.17,1.44,0.33,1.00,0.07,0.00,0.07
248.txt,1,20,10,16,8,24,12,17,9,0.71,0.53,0.50,0.17,0.17,0.29,20,20,20,20,0.83,0.83,2.89,4.08,0.94,24.06,0.94,1.00,6.00,1.73,0.35,0.89,0.06,0.06,0.12
249.txt,1,20,8,17,7,24,10,18,8,0.75,0.44,0.40,0.14,0.14,0.27,20,20,20,20,0.83,0.83,2.89,4.08,0.94,24.06,0.94,1.00,7.00,1.87,0.39,0.86,0.11,0.11,0.22
251.txt,1,16,8,13,7,19,10,14,7,0.74,0.50,0.50,0.17,0.17,0.29,16,16,16,16,0.84,0.84,2.60,3.67,0.94,21.91,0.93,0.83,4.17,1.44,0.36,1.00,0.07,0.00,0.07
252.txt,1,23,11,21,10,27,14,22,10,0.81,0.45,0.48,0.25,0.75,0.61,23,23,23,23,0.85,0.85,3.13,4.43,0.95,29.42,0.95,0.92,10.08,2.25,0.50,1.00,0.14,0.00,0.14
253.txt,1,14,7,11,5,21,14,13,7,0.62,0.54,0.50,0.20,0.20,0.32,14,14,14,14,0.67,0.67,2.16,3.06,0.87,9.93,0.85,1.00,5.00,1.58,0.38,0.80,0.15,0.00,0.15
254.txt,1,14,5,9,2,17,6,11,3,0.65,0.27,0.36,0.00,0.00,0.00,14,14,14,14,0.82,0.82,2.40,3.40,0.93,17.96,0.82,0.80,3.20,1.26,0.36,0.75,0.09,0.09,0.18
256.txt,1,19,9,16,8,25,12,17,9,0.68,0.53,0.47,0.17,0.17,0.29,19,19,19,19,0.76,0.76,2.69,3.80,0.91,16.40,0.94,1.00,6.00,1.73,0.35,0.88,0.12,0.06,0.18
257.txt,1,22,10,19,9,34,15,24,11,0.71,0.46,0.45,0.09,0.09,0.21,22,22,22,22,0.65,0.65,2.67,3.77,0.88,12.41,0.79,0.73,5.82,1.71,0.33,0.80,0.08,0.04,0.12
258.txt,1,17,8,12,5,21,10,14,6,0.67,0.43,0.47,0.14,0.14,0.27,17,17,17,17,0.81,0.81,2.62,3.71,0.93,19.05,0.86,0.86,5.14,1.60,0.43,0.83,0.07,0.00,0.07
260.txt,1,18,8,15,6,33,16,22,9,0.67,0.41,0.44,0.08,0.08,0.20,18,18,18,18,0.55,0.55,2.22,3.13,0.83,8.76,0.68,0.67,5.33,1.63,0.36,0.67,0.05,0.00,0.05
261.txt,1,22,10,19,9,29,16,21,11,0.72,0.52,0.45,0.14,0.14,0.27,22,22,22,22,0.76,0.76,2.89,4.09,0.92,17.83,0.90,1.00,7.00,1.87,0.33,0.82,0.10,0.05,0.14
262.txt,1,16,8,12,6,19,10,13,7,0.68,0.54,0.50,0.20,0.20,0.32,16,16,16,16,0.84,0.84,2.60,3.67,0.94,21.91,0.92,1.00,5.00,1.58,0.38,0.83,0.15,0.00,0.15
263.txt,1,15,6,12,5,18,7,13,6,0.72,0.46,0.40,0.20,0.20,0.32,15,15,15,15,0.83,0.83,2.50,3.54,0.94,19.90,0.92,1.00,5.00,1.58,0.38,0.83,0.08,0.08,0.15
264.txt,1,18,9,15,8,21,11,15,8,0.71,0.53,0.50,0.20,0.20,0.32,18,18,18,18,0.86,0.86,2.78,3.93,0.95,26.11,1.00,1.00,5.00,1.58,0.33,1.00,0.07,0.07,0.13
265.txt,1,19,9,16,8,24,10,18,9,0.75,0.50,0.47,0.12,0.12,0.25,19,19,19,19,0.79,0.79,2.74,3.88,0.93,18.78,0.89,0.88,6.12,1.75,0.39,0.88,0.11,0.00,0.11
266.txt,1,20,9,17,8,26,14,20,11,0.77,0.55,0.45,0.20,0.40,0.45,20,20,20,20,0.77,0.77,2.77,3.92,0.92,17.57,0.85,0.80,6.40,1.79,0.40,0.88,0.05,0.05,0.10
272.txt,1,23,8,20,7,32,15,24,9,0.75,0.38,0.35,0.08,0.08,0.20,23,23,23,23,0.72,0.72,2.88,4.07,0.90,15.80,0.83,0.85,9.31,2.16,0.46,0.75,0.12,0.00,0.12
273.txt,1,25,8,20,7,33,14,24,9,0.73,0.38,0.32,0.17,0.33,0.41,25,25,25,25,0.76,0.76,3.08,4.35,0.92,19.12,0.83,0.83,8.33,2.04,0.42,0.78,0.08,0.04,0.12
274.txt,1,14,6,11,5,15,7,11,5,0.73,0.45,0.43,0.20,0.20,0.32,14,14,14,14,0.93,0.93,2.56,3.61,0.97,46.16,1.00,1.00,5.00,1.58,0.45,1.00,0.09,0.00,0.09
275.txt,1,17,7,15,7,23,11,20,11,0.87,0.55,0.41,0.14,0.14,0.27,17,17,17,17,0.74,0.74,2.51,3.54,0.90,14.12,0.75,0.86,5.14,1.60,0.30,0.64,0.05,0.05,0.10
276.txt,1,19,7,15,5,24,10,18,7,0.75,0.39,0.37,0.00,0.00,0.00,19,19,19,19,0.79,0.79,2.74,3.88,0.93,18.78,0.83,0.86,5.14,1.60,0.33,0.75,0.06,0.11,0.17
277.txt,1,18,9,14,7,21,11,15,8,0.71,0.53,0.50,0.20,0.20,0.32,18,18,18,18,0.86,0.86,2.78,3.93,0.95,26.11,0.93,1.00,5.00,1.58,0.33,0.88,0.07,0.07,0.13
278.txt,1,17,7,14,6,23,11,16,6,0.70,0.38,0.41,0.14,0.14,0.27,17,17,17,17,0.74,0.74,2.51,3.54,0.90,14.12,0.88,0.71,3.57,1.34,0.31,1.00,0.06,0.06,0.12
279.txt,1,17,8,14,7,19,9,15,7,0.79,0.47,0.47,0.14,0.14,0.27,17,17,17,17,0.89,0.89,2.76,3.90,0.96,33.85,0.93,0.86,5.14,1.60,0.40,1.00,0.07,0.00,0.07
281.txt,1,12,7,10,6,14,9,10,6,0.71,0.60,0.58,0.33,0.33,0.41,12,12,12,12,0.86,0.86,2.27,3.21,0.94,19.62,1.00,1.00,3.00,1.22,0.30,1.00,0.20,0.00,0.20
282.txt,1,13,8,11,7,15,10,12,8,0.80,0.67,0.62,0.33,0.33,0.41,13,13,13,13,0.87,0.87,2.37,3.36,0.95,22.26,0.92,1.00,3.00,1.22,0.25,0.88,0.08,0.00,0.08
284.txt,1,14,6,11,5,17,9,12,6,0.71,0.50,0.43,0.20,0.20,0.32,14,14,14,14,0.82,0.82,2.40,3.40,0.93,17.96,0.92,1.00,5.00,1.58,0.42,0.83,0.08,0.00,0.08
285.txt,1,20,9,17,8,28,14,22,11,0.79,0.50,0.45,0.10,0.10,0.22,20,20,20,20,0.71,0.71,2.67,3.78,0.90,14.33,0.77,0.80,6.40,1.79,0.36,0.73,0.05,0.00,0.05
287.txt,1,14,7,11,6,18,10,13,7,0.72,0.54,0.50,0.40,0.80,0.63,14,14,14,14,0.78,0.78,2.33,3.30,0.91,14.44,0.85,0.80,3.20,1.26,0.31,0.83,0.08,0.08,0.15
288.txt,1,18,9,15,8,21,11,16,8,0.76,0.50,0.50,0.14,0.14,0.27,18,18,18,18,0.86,0.86,2.78,3.93,0.95,26.11,0.94,0.86,5.14,1.60,0.38,1.00,0.06,0.00,0.06
290.txt,1,18,7,15,6,24,12,18,8,0.75,0.44,0.39,0.12,0.12,0.25,18,18,18,18,0.75,0.75,2.60,3.67,0.91,15.25,0.83,0.88,6.12,1.75,0.39,0.75,0.06,0.06,0.11
291.txt,1,15,8,12,7,19,10,14,8,0.74,0.57,0.53,0.20,0.20,0.32,15,15,15,15,0.79,0.79,2.43,3.44,0.92,15.93,0.86,0.80,3.20,1.26,0.29,0.88,0.07,0.00,0.07
292.txt,1,19,10,15,8,22,11,17,8,0.77,0.47,0.53,0.22,0.44,0.47,19,19,19,19,0.86,0.86,2.86,4.05,0.95,28.30,0.88,0.78,5.44,1.65,0.41,1.00,0.00,0.06,0.06
293.txt,1,17,7,15,7,25,8,19,8,0.76,0.42,0.41,0.11,0.11,0.24,17,17,17,17,0.68,0.68,2.40,3.40,0.88,11.67,0.79,0.67,4.00,1.41,0.32,0.88,0.05,0.05,0.11
294.txt,1,20,10,18,9,22,12,18,9,0.82,0.50,0.50,0.17,0.17,0.29,20,20,20,20,0.91,0.91,3.02,4.26,0.97,43.54,1.00,1.00,6.00,1.73,0.33,1.00,0.11,0.11,0.22
295.txt,1,20,11,18,10,25,14,20,10,0.80,0.50,0.55,0.14,0.14,0.27,20,20,20,20,0.80,0.80,2.83,4.00,0.93,20.17,0.90,0.71,3.57,1.34,0.25,1.00,0.20,0.05,0.25
297.txt,1,17,6,14,5,22,7,17,6,0.77,0.35,0.35,0.10,0.10,0.22,17,17,17,17,0.77,0.77,2.56,3.62,0.92,16.09,0.82,0.80,6.40,1.79,0.47,0.83,0.06,0.00,0.06
299.txt,1,14,6,12,6,22,10,17,10,0.77,0.59,0.43,0.17,0.17,0.29,14,14,14,14,0.64,0.64,2.11,2.98,0.85,9.18,0.71,0.83,4.17,1.44,0.29,0.56,0.12,0.00,0.12
300.txt,1,16,6,11,4,20,7,14,5,0.70,0.36,0.38,0.25,0.50,0.50,16,16,16,16,0.80,0.80,2.53,3.58,0.93,17.47,0.79,0.75,4.50,1.50,0.43,0.75,0.07,0.07,0.14
301.txt,1,17,9,14,8,21,11,15,8,0.71,0.53,0.53,0.17,0.17,0.29,17,17,17,17,0.81,0.81,2.62,3.71,0.93,19.05,0.93,0.83,4.17,1.44,0.33,1.00,0.07,0.00,0.07
303.txt,1,19,9,17,8,28,15,20,9,0.71,0.45,0.47,0.12,0.12,0.25,19,19,19,19,0.68,0.68,2.54,3.59,0.88,12.44,0.85,0.88,6.12,1.75,0.35,0.88,0.15,0.05,0.20
305.txt,1,15,4,12,3,17,5,13,3,0.76,0.23,0.27,0.11,0.11,0.24,15,15,15,15,0.88,0.88,2.57,3.64,0.96,27.85,0.92,0.89,7.11,1.89,0.62,1.00,0.08,0.00,0.08
306.txt,1,16,8,13,7,22,13,16,10,0.73,0.62,0.50,0.20,0.20,0.32,16,16,16,16,0.73,0.73,2.41,3.41,0.90,13.03,0.81,1.00,5.00,1.58,0.31,0.67,0.12,0.00,0.12
307.txt,1,18,9,15,8,21,11,16,9,0.76,0.56,0.50,0.25,0.25,0.35,18,18,18,18,0.86,0.86,2.78,3.93,0.95,26.11,0.94,1.00,4.00,1.41,0.25,0.88,0.12,0.12,0.25
308.txt,1,16,7,13,6,19,8,15,7,0.79,0.47,0.44,0.14,0.14,0.27,16,16,16,16,0.84,0.84,2.60,3.67,0.94,21.91,0.87,0.86,5.14,1.60,0.40,0.86,0.07,0.00,0.07
309.txt,1,14,6,10,4,15,6,10,4,0.67,0.40,0.43,0.25,0.25,0.35,14,14,14,14,0.93,0.93,2.56,3.61,0.97,46.16,1.00,1.00,4.00,1.41,0.40,1.00,0.20,0.00,0.20
310.txt,1,17,9,14,8,20,11,15,8,0.75,0.53,0.53,0.20,0.20,0.32,17,17,17,17,0.85,0.85,2.69,3.80,0.95,23.98,0.93,0.80,3.20,1.26,0.27,1.00,0.07,0.07,0.13
314.txt,1,18,8,15,7,21,9,16,8,0.76,0.50,0.44,0.17,0.17,0.29,18,18,18,18,0.86,0.86,2.78,3.93,0.95,26.11,0.94,1.00,6.00,1.73,0.38,0.88,0.06,0.06,0.12
315.txt,1,19,8,16,7,24,12,18,8,0.75,0.44,0.42,0.11,0.11,0.24,19,19,19,19,0.79,0.79,2.74,3.88,0.93,18.78,0.89,0.89,7.11,1.89,0.44,0.88,0.06,0.00,0.06
316.txt,1,16,8,13,7,19,11,13,7,0.68,0.54,0.50,0.29,0.57,0.53,16,16,16,16,0.84,0.84,2.60,3.67,0.94,21.91,1.00,1.00,7.00,1.87,0.54,1.00,0.00,0.00,0.00
317.txt,1,18,8,15,7,20,10,16,8,0.80,0.50,0.44,0.17,0.17,0.29,18,18,18,18,0.90,0.90,2.85,4.02,0.96,36.99,0.94,1.00,6.00,1.73,0.38,0.88,0.06,0.06,0.12
318.txt,1,17,10,15,9,22,13,17,9,0.77,0.53,0.59,0.17,0.17,0.29,17,17,17,17,0.77,0.77,2.56,3.62,0.92,16.09,0.88,0.67,2.67,1.15,0.24,1.00,0.12,0.06,0.18
320.txt,1,20,11,17,10,26,16,19,12,0.73,0.63,0.55,0.17,0.17,0.29,20,20,20,20,0.77,0.77,2.77,3.92,0.92,17.57,0.89,1.00,6.00,1.73,0.32,0.83,0.05,0.00,0.05
321.txt,1,14,6,11,5,18,7,13,6,0.72,0.46,0.43,0.20,0.20,0.32,14,14,14,14,0.78,0.78,2.33,3.30,0.91,14.44,0.85,0.80,3.20,1.26,0.31,0.83,0.08,0.08,0.15
322.txt,1,16,8,13,7,20,10,15,8,0.75,0.53,0.50,0.17,0.17,0.29,16,16,16,16,0.80,0.80,2.53,3.58,0.93,17.47,0.87,0.83,4.17,1.44,0.33,0.88,0.07,0.00,0.07
323.txt,1,25,10,21,8,33,16,23,9,0.70,0.39,0.40,0.09,0.09,0.21,25,25,25,25,0.76,0.76,3.08,4.35,0.92,19.12,0.91,0.91,9.09,2.13,0.43,0.88,0.13,0.04,0.17
324.txt,1,15,7,11,5,21,12,13,7,0.62,0.54,0.47,0.25,0.25,0.35,15,15,15,15,0.71,0.71,2.31,3.27,0.89,11.96,0.85,1.00,4.00,1.41,0.31,0.80,0.15,0.08,0.23
325.txt,1,15,6,13,6,22,10,17,10,0.77,0.59,0.40,0.17,0.17,0.29,15,15,15,15,0.68,0.68,2.26,3.20,0.88,10.83,0.76,1.00,6.00,1.73,0.35,0.67,0.12,0.00,0.12
326.txt,1,20,9,16,7,24,11,18,8,0.75,0.44,0.45,0.14,0.14,0.27,20,20,20,20,0.83,0.83,2.89,4.08,0.94,24.06,0.89,0.86,5.14,1.60,0.33,0.86,0.17,0.06,0.22
327.txt,1,21,9,18,8,35,17,26,13,0.74,0.50,0.43,0.09,0.09,0.21,21,21,21,21,0.60,0.60,2.51,3.55,0.86,10.75,0.69,0.73,5.82,1.71,0.31,0.64,0.08,0.04,0.12
328.txt,1,15,7,12,5,18,10,13,6,0.72,0.46,0.47,0.20,0.20,0.32,15,15,15,15,0.83,0.83,2.50,3.54,0.94,19.90,0.92,1.00,5.00,1.58,0.38,0.80,0.15,0.08,0.23
329.txt,1,19,8,16,7,30,17,21,11,0.70,0.52,0.42,0.12,0.12,0.25,19,19,19,19,0.63,0.63,2.45,3.47,0.87,11.00,0.76,0.88,6.12,1.75,0.33,0.67,0.10,0.05,0.14
330.txt,1,20,6,17,5,29,8,22,6,0.76,0.27,0.30,0.08,0.08,0.20,20,20,20,20,0.69,0.69,2.63,3.71,0.89,13.25,0.77,0.69,6.23,1.77,0.41,0.83,0.05,0.09,0.14
332.txt,1,15,6,13,6,18,7,14,7,0.78,0.50,0.40,0.17,0.17,0.29,15,15,15,15,0.83,0.83,2.50,3.54,0.94,19.90,0.93,1.00,6.00,1.73,0.43,0.86,0.07,0.00,0.07
336.txt,1,6,3,6,3,6,3,6,3,1.00,0.50,0.50,0.50,0.50,0.50,6,6,6,6,1.00,1.00,1.73,2.45,1.00,NaN,1.00,1.00,2.00,1.00,0.33,1.00,0.00,0.17,0.17
337.txt,1,14,4,11,3,19,8,13,5,0.68,0.38,0.29,0.00,0.00,0.00,14,14,14,14,0.74,0.74,2.27,3.21,0.90,12.33,0.85,1.00,5.00,1.58,0.38,0.67,0.08,0.08,0.15
339.txt,1,24,9,20,7,27,10,21,7,0.78,0.33,0.38,0.17,0.33,0.41,24,24,24,24,0.89,0.89,3.27,4.62,0.96,40.05,0.95,0.92,10.08,2.25,0.52,1.00,0.19,0.00,0.19
340.txt,1,20,9,17,8,27,14,20,10,0.74,0.50,0.45,0.12,0.12,0.25,20,20,20,20,0.74,0.74,2.72,3.85,0.91,15.72,0.85,0.88,6.12,1.75,0.35,0.78,0.10,0.05,0.15
342.txt,1,19,9,16,8,22,11,17,8,0.77,0.47,0.47,0.14,0.14,0.27,19,19,19,19,0.86,0.86,2.86,4.05,0.95,28.30,0.94,0.86,5.14,1.60,0.35,1.00,0.06,0.06,0.12
344.txt,1,16,9,13,7,20,12,14,7,0.70,0.50,0.56,0.17,0.17,0.29,16,16,16,16,0.80,0.80,2.53,3.58,0.93,17.47,0.93,0.83,4.17,1.44,0.36,1.00,0.14,0.00,0.14
345.txt,1,14,4,12,4,15,4,12,4,0.80,0.33,0.29,0.25,0.25,0.35,14,14,14,14,0.93,0.93,2.56,3.61,0.97,46.16,1.00,1.00,4.00,1.41,0.33,1.00,0.08,0.25,0.33
346.txt,1,20,9,17,8,25,12,18,9,0.72,0.50,0.45,0.17,0.17,0.29,20,20,20,20,0.80,0.80,2.83,4.00,0.93,20.17,0.94,1.00,6.00,1.73,0.33,0.89,0.06,0.11,0.17