filename,sentences,wordtypes,swordtypes,lextypes,slextypes,wordtokens,swordtokens,lextokens,slextokens,ld,ls1,ls2,vs1,vs2,cvs1,ndw,ndwz,ndwerz,ndwesz,ttr,msttr,cttr,rttr,logttr,uber,lv,vv1,svv1,cvv1,vv2,nv,adjv,advv,modv
..\data\indiv_files\STAT_C_EN_corrected\4a\646.txt,1,53,7,32,7,80,8,39,8,0.49,0.21,0.13,0.00,0.00,0.00,53,39,35.50,36.90,0.66,0.78,4.19,5.93,0.91,20.25,0.82,0.80,3.20,1.26,0.10,0.80,0.23,0.08,0.31
..\data\indiv_files\STAT_C_EN_corrected\4a\546.txt,1,29,4,17,4,43,6,25,6,0.58,0.24,0.14,0.20,0.20,0.32,29,29,29,29,0.67,0.67,3.13,4.42,0.90,15.60,0.68,0.80,3.20,1.26,0.16,0.62,0.16,0.12,0.28
..\data\indiv_files\STAT_C_EN_corrected\4a\634.txt,1,49,7,30,6,89,10,44,9,0.49,0.20,0.14,0.10,0.10,0.22,49,34,35.00,34.90,0.55,0.68,3.67,5.19,0.87,14.66,0.68,0.90,8.10,2.01,0.20,0.60,0.18,0.05,0.23
..\data\indiv_files\STAT_C_EN_corrected\4a\921.txt,1,53,9,33,8,74,9,42,8,0.57,0.19,0.17,0.08,0.08,0.20,53,39,38.80,40.80,0.72,0.78,4.36,6.16,0.92,24.10,0.79,0.83,8.33,2.04,0.24,0.82,0.14,0.07,0.21
..\data\indiv_files\STAT_C_EN_corrected\4a\589.txt,1,55,3,35,3,85,3,51,3,0.60,0.06,0.05,0.10,0.10,0.22,55,36,33.90,34.80,0.65,0.72,4.22,5.97,0.90,19.69,0.69,0.90,8.10,2.01,0.18,0.56,0.18,0.16,0.33
..\data\indiv_files\STAT_C_EN_corrected\4a\705.txt,1,39,4,23,4,60,8,28,8,0.47,0.29,0.10,0.00,0.00,0.00,39,34,34.50,34.30,0.65,0.68,3.56,5.03,0.89,16.90,0.82,1.00,5.00,1.58,0.18,0.71,0.21,0.11,0.32
..\data\indiv_files\STAT_C_EN_corrected\4a\664.txt,1,30,4,20,3,36,4,21,3,0.58,0.14,0.13,0.00,0.00,0.00,30,30,30,30,0.83,0.83,3.54,5.00,0.95,30.59,0.95,1.00,6.00,1.73,0.29,1.00,0.19,0.10,0.29
..\data\indiv_files\STAT_C_EN_corrected\4a\853.txt,1,27,3,18,3,28,4,19,4,0.68,0.21,0.11,0.00,0.00,0.00,27,27,27,27,0.96,0.96,3.61,5.10,0.99,132.60,0.95,1.00,4.00,1.41,0.21,0.89,0.21,0.11,0.32
..\data\indiv_files\STAT_C_EN_corrected\4a\699.txt,1,43,5,29,5,59,8,34,8,0.58,0.24,0.12,0.25,0.50,0.50,43,37,38.20,37.70,0.73,0.74,3.96,5.60,0.92,22.83,0.85,1.00,8.00,2.00,0.24,0.92,0.24,0.09,0.32
..\data\indiv_files\STAT_C_EN_corrected\4a\636.txt,1,17,0,10,0,24,0,15,0,0.62,0.00,0.00,0.00,0.00,0.00,17,17,17,17,0.71,0.71,2.45,3.47,0.89,12.72,0.67,1.00,1.00,0.71,0.07,0.40,0.33,0.13,0.47
..\data\indiv_files\STAT_C_EN_corrected\4a\738.txt,1,40,5,27,5,63,9,38,9,0.60,0.24,0.12,0.14,0.14,0.27,40,36,34.40,35.80,0.63,0.72,3.56,5.04,0.89,16.41,0.71,0.86,5.14,1.60,0.16,0.65,0.18,0.13,0.32
..\data\indiv_files\STAT_C_EN_corrected\4a\919.txt,1,38,2,26,2,51,2,28,2,0.55,0.07,0.05,0.00,0.00,0.00,38,37,37.60,37.50,0.75,0.74,3.76,5.32,0.93,22.82,0.93,1.00,5.00,1.58,0.18,0.92,0.29,0.04,0.32
..\data\indiv_files\STAT_C_EN_corrected\4a\587.txt,1,50,4,29,3,75,5,36,3,0.48,0.08,0.08,0.18,0.36,0.43,50,40,37.70,37.40,0.67,0.80,4.08,5.77,0.91,19.97,0.81,0.91,9.09,2.13,0.28,0.77,0.19,0.06,0.25
..\data\indiv_files\STAT_C_EN_corrected\4a\662.txt,1,22,5,11,5,24,5,12,5,0.50,0.42,0.23,0.25,0.25,0.35,22,22,22,22,0.92,0.92,3.18,4.49,0.97,50.41,0.92,0.75,2.25,1.06,0.25,1.00,0.00,0.17,0.17
..\data\indiv_files\STAT_C_EN_corrected\4a\645.txt,1,49,6,31,6,72,8,42,8,0.58,0.19,0.12,0.00,0.00,0.00,49,36,37.40,36.50,0.68,0.72,4.08,5.77,0.91,20.64,0.74,1.00,9.00,2.12,0.21,0.55,0.17,0.10,0.26
..\data\indiv_files\STAT_C_EN_corrected\4a\703.txt,1,41,3,23,3,67,5,34,5,0.51,0.15,0.07,0.00,0.00,0.00,41,34,33.40,34.80,0.61,0.68,3.54,5.01,0.88,15.63,0.68,1.00,3.00,1.22,0.09,0.67,0.18,0.09,0.26
..\data\indiv_files\STAT_C_EN_corrected\4a\651.txt,1,39,5,24,5,56,5,31,5,0.55,0.16,0.13,0.30,0.90,0.67,39,34,35.80,36.00,0.70,0.68,3.69,5.21,0.91,19.45,0.77,1.00,10.00,2.24,0.32,0.55,0.19,0.06,0.26
..\data\indiv_files\STAT_C_EN_corrected\4a\610.txt,1,40,4,25,4,57,5,35,5,0.61,0.14,0.10,0.09,0.09,0.21,40,37,36.60,36.90,0.70,0.74,3.75,5.30,0.91,20.04,0.71,0.73,5.82,1.71,0.23,0.62,0.11,0.23,0.34
..\data\indiv_files\STAT_C_EN_corrected\4a\654.txt,1,32,6,23,6,40,6,24,6,0.60,0.25,0.19,0.25,0.25,0.35,32,32,32,32,0.80,0.80,3.58,5.06,0.94,26.48,0.96,1.00,4.00,1.41,0.17,0.86,0.29,0.25,0.54
..\data\indiv_files\STAT_C_EN_corrected\4a\794.txt,1,59,8,38,8,94,8,53,8,0.56,0.15,0.14,0.00,0.00,0.00,59,35,36.50,37.50,0.63,0.70,4.30,6.09,0.90,19.25,0.72,0.75,6.75,1.84,0.17,0.50,0.23,0.13,0.36
..\data\indiv_files\STAT_C_EN_corrected\4a\602.txt,1,15,5,11,4,16,5,12,4,0.75,0.33,0.33,0.00,0.00,0.00,15,15,15,15,0.94,0.94,2.65,3.75,0.98,51.73,0.92,1.00,2.00,1.00,0.17,0.86,0.25,0.00,0.25
..\data\indiv_files\STAT_C_EN_corrected\4a\647.txt,1,42,8,30,8,62,8,37,8,0.60,0.22,0.19,0.29,0.57,0.53,42,35,35.00,36.00,0.68,0.70,3.77,5.33,0.91,18.99,0.81,0.86,5.14,1.60,0.16,0.76,0.24,0.05,0.30
..\data\indiv_files\STAT_C_EN_corrected\4a\502.txt,0,0,0,0,0,0,0,0,0,0,0,0,0,0,0,0,0,0,0,0,0,0,0,0,0,0,0,0,0,0,0,0,0,0
..\data\indiv_files\STAT_C_EN_corrected\4a\531.txt,1,36,4,26,4,50,6,28,6,0.56,0.21,0.11,0.00,0.00,0.00,36,36,36.00,36.00,0.72,0.72,3.60,5.09,0.92,20.23,0.93,1.00,5.00,1.58,0.18,0.92,0.25,0.07,0.32
..\data\indiv_files\STAT_C_EN_corrected\4a\521.txt,1,44,9,30,9,66,12,41,12,0.62,0.29,0.20,0.14,0.14,0.27,44,37,36.60,36.30,0.67,0.74,3.83,5.42,0.90,18.80,0.73,0.71,3.57,1.34,0.12,0.64,0.27,0.12,0.39
..\data\indiv_files\STAT_C_EN_corrected\4a\749.txt,1,25,5,18,5,34,6,21,6,0.62,0.29,0.20,0.20,0.20,0.32,25,25,25,25,0.74,0.74,3.03,4.29,0.91,17.56,0.86,1.00,5.00,1.58,0.24,0.82,0.14,0.10,0.24
..\data\indiv_files\STAT_C_EN_corrected\4a\913.txt,1,50,6,32,6,62,7,34,7,0.55,0.21,0.12,0.00,0.00,0.00,50,45,40.90,43.30,0.81,0.90,4.49,6.35,0.95,34.39,0.94,0.91,9.09,2.13,0.29,0.92,0.21,0.12,0.32
..\data\indiv_files\STAT_C_EN_corrected\4a\849.txt,0,0,0,0,0,0,0,0,0,0,0,0,0,0,0,0,0,0,0,0,0,0,0,0,0,0,0,0,0,0,0,0,0,0
..\data\indiv_files\STAT_C_EN_corrected\4a\785.txt,1,34,7,22,7,42,7,24,7,0.57,0.29,0.21,0.60,1.80,0.95,34,34,34,34,0.81,0.81,3.71,5.25,0.94,28.71,0.92,1.00,5.00,1.58,0.21,0.83,0.08,0.21,0.29
..\data\indiv_files\STAT_C_EN_corrected\4a\520.txt,1,26,3,17,2,37,3,21,2,0.57,0.10,0.12,0.00,0.00,0.00,26,26,26,26,0.70,0.70,3.02,4.27,0.90,16.05,0.81,1.00,5.00,1.58,0.24,0.62,0.24,0.10,0.33
..\data\indiv_files\STAT_C_EN_corrected\4a\846.txt,1,44,3,28,3,72,4,41,4,0.57,0.10,0.07,0.00,0.00,0.00,44,36,33.90,35.30,0.61,0.72,3.67,5.19,0.88,16.13,0.68,0.71,3.57,1.34,0.12,0.72,0.20,0.07,0.27
..\data\indiv_files\STAT_C_EN_corrected\4a\697.txt,1,41,2,24,2,63,2,35,2,0.56,0.06,0.05,0.00,0.00,0.00,41,35,34.70,36.60,0.65,0.70,3.65,5.17,0.90,17.35,0.69,0.62,3.12,1.25,0.14,0.73,0.11,0.11,0.23
..\data\indiv_files\STAT_C_EN_corrected\4a\656.txt,1,19,3,9,3,27,4,11,4,0.41,0.36,0.16,0,0,0,19,19,19,19,0.70,0.70,2.59,3.66,0.89,13.43,0.82,0,0,0,0.00,0.80,0.36,0.09,0.45
..\data\indiv_files\STAT_C_EN_corrected\4a\519.txt,1,35,7,21,6,60,7,30,6,0.50,0.20,0.20,0.25,0.25,0.35,35,31,31.00,30.70,0.58,0.62,3.20,4.52,0.87,13.51,0.70,1.00,4.00,1.41,0.13,0.67,0.17,0.10,0.27
..\data\indiv_files\STAT_C_EN_corrected\4a\730.txt,0,0,0,0,0,0,0,0,0,0,0,0,0,0,0,0,0,0,0,0,0,0,0,0,0,0,0,0,0,0,0,0,0,0
..\data\indiv_files\STAT_C_EN_corrected\4a\801.txt,1,38,5,22,5,55,9,32,9,0.58,0.28,0.13,0.17,0.17,0.29,38,36,35.40,35.00,0.69,0.72,3.62,5.12,0.91,18.86,0.69,0.83,4.17,1.44,0.16,0.59,0.16,0.09,0.25
..\data\indiv_files\STAT_C_EN_corrected\4a\868.txt,1,43,6,27,5,57,7,34,6,0.60,0.18,0.14,0.00,0.00,0.00,43,39,39.60,39.90,0.75,0.78,4.03,5.70,0.93,25.19,0.79,0.71,3.57,1.34,0.15,0.73,0.26,0.18,0.44
..\data\indiv_files\STAT_C_EN_corrected\4a\669.txt,1,53,8,32,8,74,9,39,9,0.53,0.23,0.15,0.36,1.45,0.85,53,40,38.10,36.00,0.72,0.80,4.36,6.16,0.92,24.10,0.82,1.00,11.00,2.35,0.28,0.78,0.18,0.03,0.21
..\data\indiv_files\STAT_C_EN_corrected\4a\563.txt,1,42,4,27,4,74,6,41,6,0.55,0.15,0.10,0.09,0.09,0.21,42,32,33.30,30.10,0.57,0.64,3.45,4.88,0.87,14.20,0.66,0.82,7.36,1.92,0.22,0.65,0.15,0.07,0.22
..\data\indiv_files\STAT_C_EN_corrected\4a\643.txt,1,22,4,14,4,24,5,16,5,0.67,0.31,0.18,0.33,0.33,0.41,22,22,22,22,0.92,0.92,3.18,4.49,0.97,50.41,0.88,1.00,3.00,1.22,0.19,0.75,0.25,0.06,0.31
..\data\indiv_files\STAT_C_EN_corrected\4a\889.txt,1,44,3,25,3,70,3,36,3,0.51,0.08,0.07,0.00,0.00,0.00,44,33,35.20,32.80,0.63,0.66,3.72,5.26,0.89,16.88,0.69,0.70,4.90,1.57,0.19,0.71,0.17,0.08,0.25
..\data\indiv_files\STAT_C_EN_corrected\4a\612.txt,0,0,0,0,0,0,0,0,0,0,0,0,0,0,0,0,0,0,0,0,0,0,0,0,0,0,0,0,0,0,0,0,0,0
..\data\indiv_files\STAT_C_EN_corrected\4a\566.txt,1,35,0,20,0,44,0,21,0,0.48,0.00,0.00,0.00,0.00,0.00,35,35,35,35,0.80,0.80,3.73,5.28,0.94,27.18,0.95,0.89,7.11,1.89,0.38,1.00,0.19,0.10,0.29
..\data\indiv_files\STAT_C_EN_corrected\4a\570.txt,1,35,6,24,6,41,6,27,6,0.66,0.22,0.17,0.00,0.00,0.00,35,35,35,35,0.85,0.85,3.87,5.47,0.96,37.85,0.89,1.00,3.00,1.22,0.11,0.85,0.19,0.19,0.37
..\data\indiv_files\STAT_C_EN_corrected\4a\742.txt,1,54,7,37,6,84,7,43,6,0.51,0.14,0.13,0.00,0.00,0.00,54,39,36.70,35.10,0.64,0.78,4.17,5.89,0.90,19.30,0.86,0.80,6.40,1.79,0.19,0.86,0.28,0.12,0.40
..\data\indiv_files\STAT_C_EN_corrected\4a\756.txt,1,33,3,21,2,46,5,26,4,0.57,0.15,0.09,0.00,0.00,0.00,33,33,33,33,0.72,0.72,3.44,4.87,0.91,19.17,0.81,1.00,6.00,1.73,0.23,0.69,0.12,0.12,0.23
..\data\indiv_files\STAT_C_EN_corrected\4a\896.txt,1,33,3,23,3,50,5,29,5,0.58,0.17,0.09,0.17,0.17,0.29,33,33,33.00,33.00,0.66,0.66,3.30,4.67,0.89,16.00,0.79,1.00,6.00,1.73,0.21,0.86,0.14,0.14,0.28
..\data\indiv_files\STAT_C_EN_corrected\4a\591.txt,1,59,7,35,6,81,7,45,6,0.56,0.13,0.12,0.12,0.12,0.25,59,41,40.10,39.20,0.73,0.82,4.64,6.56,0.93,26.46,0.78,0.88,6.12,1.75,0.16,0.76,0.22,0.11,0.33
..\data\indiv_files\STAT_C_EN_corrected\4a\914.txt,1,47,11,28,9,59,13,33,11,0.56,0.33,0.23,0.00,0.00,0.00,47,41,41.30,42.70,0.80,0.82,4.33,6.12,0.94,31.75,0.85,1.00,6.00,1.73,0.18,0.75,0.18,0.12,0.30
..\data\indiv_files\STAT_C_EN_corrected\4a\736.txt,1,56,11,37,11,103,14,55,14,0.53,0.25,0.20,0.00,0.00,0.00,56,34,34.70,36.60,0.54,0.72,3.90,5.52,0.87,15.31,0.67,0.56,2.78,1.18,0.09,0.67,0.22,0.09,0.31
..\data\indiv_files\STAT_C_EN_corrected\4a\710.txt,1,25,6,13,5,27,7,15,6,0.56,0.40,0.24,0.60,1.80,0.95,25,25,25,25,0.93,0.93,3.40,4.81,0.98,61.30,0.87,1.00,5.00,1.58,0.33,0.75,0.13,0.00,0.13
..\data\indiv_files\STAT_C_EN_corrected\4a\712.txt,1,29,2,16,2,36,2,19,2,0.53,0.11,0.07,0.00,0.00,0.00,29,29,29,29,0.81,0.81,3.42,4.83,0.94,25.79,0.84,1.00,5.00,1.58,0.26,0.80,0.21,0.16,0.37
..\data\indiv_files\STAT_C_EN_corrected\4a\565.txt,1,11,1,8,1,13,1,9,1,0.69,0.11,0.09,0.00,0.00,0.00,11,11,11,11,0.85,0.85,2.16,3.05,0.93,17.10,0.89,1.00,1.00,0.71,0.11,0.80,0.33,0.00,0.33
..\data\indiv_files\STAT_C_EN_corrected\4a\625.txt,1,53,7,35,7,83,9,47,9,0.57,0.19,0.13,0.29,0.57,0.53,53,39,36.90,37.40,0.64,0.78,4.11,5.82,0.90,18.91,0.74,1.00,7.00,1.87,0.15,0.68,0.21,0.13,0.34
..\data\indiv_files\STAT_C_EN_corrected\4a\733.txt,1,43,3,27,3,62,5,34,5,0.55,0.15,0.07,0.00,0.00,0.00,43,36,36.80,39.00,0.69,0.72,3.86,5.46,0.91,20.22,0.79,1.00,6.00,1.73,0.18,0.73,0.21,0.09,0.29
..\data\indiv_files\STAT_C_EN_corrected\4a\588.txt,1,42,4,28,4,67,4,35,4,0.52,0.11,0.10,0.12,0.12,0.25,42,31,33.60,33.30,0.63,0.62,3.63,5.13,0.89,16.44,0.80,1.00,8.00,2.00,0.23,0.69,0.14,0.14,0.29
..\data\indiv_files\STAT_C_EN_corrected\4a\707.txt,0,0,0,0,0,0,0,0,0,0,0,0,0,0,0,0,0,0,0,0,0,0,0,0,0,0,0,0,0,0,0,0,0,0
..\data\indiv_files\STAT_C_EN_corrected\4a\590.txt,1,26,5,17,5,29,5,19,5,0.66,0.26,0.19,0.33,0.33,0.41,26,26,26,26,0.90,0.90,3.41,4.83,0.97,45.09,0.89,1.00,3.00,1.22,0.16,0.75,0.32,0.11,0.42
..\data\indiv_files\STAT_C_EN_corrected\4a\779.txt,1,52,11,34,10,90,11,51,10,0.57,0.20,0.21,0.27,0.82,0.64,52,37,36.00,33.20,0.58,0.74,3.88,5.48,0.88,16.03,0.67,0.82,7.36,1.92,0.18,0.57,0.20,0.04,0.24
..\data\indiv_files\STAT_C_EN_corrected\4a\632.txt,1,67,6,41,6,121,8,65,8,0.54,0.12,0.09,0.00,0.00,0.00,67,39,36.00,38.80,0.55,0.81,4.31,6.09,0.88,16.90,0.63,0.43,4.35,1.47,0.15,0.72,0.14,0.15,0.29
..\data\indiv_files\STAT_C_EN_corrected\4a\653.txt,1,36,4,22,3,49,4,26,3,0.53,0.12,0.11,0.14,0.14,0.27,36,36,36,36,0.73,0.73,3.64,5.14,0.92,21.34,0.85,0.86,5.14,1.60,0.23,0.80,0.19,0.12,0.31
..\data\indiv_files\STAT_C_EN_corrected\4a\678.txt,1,44,7,31,7,77,11,42,11,0.55,0.26,0.16,0.00,0.00,0.00,44,33,33.10,32.00,0.57,0.66,3.55,5.01,0.87,14.64,0.74,0.75,4.50,1.50,0.14,0.78,0.14,0.17,0.31
..\data\indiv_files\STAT_C_EN_corrected\4a\790.txt,1,49,4,31,4,69,4,37,4,0.54,0.11,0.08,0.00,0.00,0.00,49,42,39.00,38.80,0.71,0.84,4.17,5.90,0.92,22.75,0.84,0.75,4.50,1.50,0.16,0.92,0.22,0.19,0.41
..\data\indiv_files\STAT_C_EN_corrected\4a\754.txt,1,44,6,26,6,63,9,36,9,0.57,0.25,0.14,0.20,0.40,0.45,44,37,37.60,37.60,0.70,0.74,3.92,5.54,0.91,20.77,0.72,0.90,8.10,2.01,0.25,0.77,0.17,0.11,0.28
..\data\indiv_files\STAT_C_EN_corrected\4a\870.txt,1,59,7,34,7,103,9,51,9,0.50,0.18,0.12,0.00,0.00,0.00,59,38,35.80,37.00,0.57,0.74,4.11,5.81,0.88,16.74,0.67,0.62,4.92,1.57,0.16,0.77,0.14,0.08,0.22
..\data\indiv_files\STAT_C_EN_corrected\4a\688.txt,1,36,6,22,5,48,6,26,5,0.54,0.19,0.17,0.00,0.00,0.00,36,36,36,36,0.75,0.75,3.67,5.20,0.93,22.62,0.85,1.00,4.00,1.41,0.15,0.64,0.31,0.12,0.42
..\data\indiv_files\STAT_C_EN_corrected\4a\759.txt,1,26,4,19,4,36,4,23,4,0.64,0.17,0.15,0.00,0.00,0.00,26,26,26,26,0.72,0.72,3.06,4.33,0.91,17.14,0.83,1.00,3.00,1.22,0.13,0.70,0.39,0.00,0.39
..\data\indiv_files\STAT_C_EN_corrected\4a\753.txt,1,41,5,25,5,56,6,30,6,0.54,0.20,0.12,0.25,0.25,0.35,41,38,37.30,38.50,0.73,0.76,3.87,5.48,0.92,22.57,0.83,1.00,4.00,1.41,0.13,0.64,0.30,0.17,0.47
..\data\indiv_files\STAT_C_EN_corrected\4a\910.txt,1,51,6,28,6,72,7,38,7,0.53,0.18,0.12,0.00,0.00,0.00,51,39,37.80,38.90,0.71,0.78,4.25,6.01,0.92,23.03,0.74,1.00,6.00,1.73,0.16,0.69,0.18,0.16,0.34
..\data\indiv_files\STAT_C_EN_corrected\4a\581.txt,1,42,5,24,5,59,5,32,5,0.54,0.16,0.12,0.00,0.00,0.00,42,38,37.50,37.40,0.71,0.76,3.87,5.47,0.92,21.25,0.75,0.83,4.17,1.44,0.16,0.62,0.28,0.06,0.34
..\data\indiv_files\STAT_C_EN_corrected\4a\574.txt,0,0,0,0,0,0,0,0,0,0,0,0,0,0,0,0,0,0,0,0,0,0,0,0,0,0,0,0,0,0,0,0,0,0
..\data\indiv_files\STAT_C_EN_corrected\4a\532.txt,0,0,0,0,0,0,0,0,0,0,0,0,0,0,0,0,0,0,0,0,0,0,0,0,0,0,0,0,0,0,0,0,0,0
..\data\indiv_files\STAT_C_EN_corrected\4a\818.txt,1,27,4,16,4,34,5,20,5,0.59,0.25,0.15,0.33,0.67,0.58,27,27,27,27,0.79,0.79,3.27,4.63,0.93,23.43,0.80,1.00,6.00,1.73,0.30,0.62,0.30,0.00,0.30
..\data\indiv_files\STAT_C_EN_corrected\4a\786.txt,1,39,3,22,3,56,4,28,4,0.50,0.14,0.08,0.00,0.00,0.00,39,33,36.20,34.00,0.70,0.66,3.69,5.21,0.91,19.45,0.79,0.83,4.17,1.44,0.18,0.77,0.14,0.11,0.25
..\data\indiv_files\STAT_C_EN_corrected\4a\665.txt,1,38,6,24,5,59,6,30,5,0.51,0.17,0.16,0.00,0.00,0.00,38,37,34.00,35.00,0.64,0.74,3.50,4.95,0.89,16.41,0.80,0.75,2.25,1.06,0.10,0.87,0.13,0.13,0.27
..\data\indiv_files\STAT_C_EN_corrected\4a\906.txt,1,48,5,29,5,72,8,37,8,0.51,0.22,0.10,0.00,0.00,0.00,48,36,35.20,36.90,0.67,0.72,4.00,5.66,0.91,19.59,0.78,0.89,7.11,1.89,0.22,0.78,0.16,0.05,0.22
..\data\indiv_files\STAT_C_EN_corrected\4a\847.txt,1,35,3,21,3,59,4,31,4,0.53,0.13,0.09,0.00,0.00,0.00,35,34,32.20,31.40,0.59,0.68,3.22,4.56,0.87,13.83,0.68,0.67,4.00,1.41,0.19,0.70,0.16,0.16,0.32
..\data\indiv_files\STAT_C_EN_corrected\4a\890.txt,1,53,7,34,7,75,7,39,7,0.52,0.18,0.13,0.12,0.12,0.25,53,36,36.60,39.30,0.71,0.72,4.33,6.12,0.92,23.32,0.87,1.00,8.00,2.00,0.21,0.81,0.23,0.10,0.33
..\data\indiv_files\STAT_C_EN_corrected\4a\854.txt,1,40,5,24,5,57,6,28,6,0.49,0.21,0.12,0.33,0.67,0.58,40,37,36.10,36.20,0.70,0.74,3.75,5.30,0.91,20.04,0.86,0.83,4.17,1.44,0.18,0.79,0.21,0.07,0.29
..\data\indiv_files\STAT_C_EN_corrected\4a\881.txt,1,30,5,19,4,36,5,21,4,0.58,0.19,0.17,0.20,0.20,0.32,30,30,30,30,0.83,0.83,3.54,5.00,0.95,30.59,0.90,1.00,5.00,1.58,0.24,0.80,0.19,0.10,0.29
..\data\indiv_files\STAT_C_EN_corrected\4a\907.txt,1,59,7,38,7,90,8,48,8,0.53,0.17,0.12,0.09,0.09,0.21,59,41,37.60,40.80,0.66,0.82,4.40,6.22,0.91,20.82,0.79,0.73,5.82,1.71,0.17,0.86,0.12,0.12,0.25
..\data\indiv_files\STAT_C_EN_corrected\4a\862.txt,1,28,5,17,4,31,5,18,4,0.58,0.22,0.18,0.00,0.00,0.00,28,28,28,28,0.90,0.90,3.56,5.03,0.97,50.32,0.94,1.00,3.00,1.22,0.17,1.00,0.17,0.17,0.33
..\data\indiv_files\STAT_C_EN_corrected\4a\762.txt,1,66,10,43,10,96,10,55,10,0.57,0.18,0.15,0.08,0.08,0.20,66,42,39.20,41.10,0.69,0.84,4.76,6.74,0.92,24.15,0.78,0.92,10.08,2.25,0.20,0.75,0.18,0.13,0.31
..\data\indiv_files\STAT_C_EN_corrected\4a\715.txt,1,61,11,42,11,81,13,49,13,0.60,0.27,0.18,0.19,0.56,0.53,61,44,40.60,41.00,0.75,0.88,4.79,6.78,0.94,29.58,0.86,0.94,14.06,2.65,0.31,0.84,0.12,0.12,0.24
..\data\indiv_files\STAT_C_EN_corrected\4a\884.txt,1,52,7,31,7,81,7,43,7,0.53,0.16,0.13,0.12,0.12,0.25,52,41,36.30,36.20,0.64,0.82,4.09,5.78,0.90,18.92,0.72,0.62,3.12,1.25,0.12,0.67,0.16,0.21,0.37
..\data\indiv_files\STAT_C_EN_corrected\4a\628.txt,0,0,0,0,0,0,0,0,0,0,0,0,0,0,0,0,0,0,0,0,0,0,0,0,0,0,0,0,0,0,0,0,0,0
..\data\indiv_files\STAT_C_EN_corrected\4a\700.txt,1,29,9,21,7,35,11,24,9,0.69,0.38,0.31,0.40,0.80,0.63,29,29,29,29,0.83,0.83,3.47,4.90,0.95,29.19,0.88,1.00,5.00,1.58,0.21,0.90,0.25,0.04,0.29
..\data\indiv_files\STAT_C_EN_corrected\4a\594.txt,1,56,6,37,6,93,6,48,6,0.52,0.12,0.11,0.00,0.00,0.00,56,40,34.80,35.70,0.60,0.80,4.11,5.81,0.89,17.59,0.77,0.83,8.33,2.04,0.21,0.81,0.12,0.08,0.21
..\data\indiv_files\STAT_C_EN_corrected\4a\611.txt,1,33,4,22,4,44,4,27,4,0.61,0.15,0.12,0.00,0.00,0.00,33,33,33,33,0.75,0.75,3.52,4.97,0.92,21.62,0.81,0.75,4.50,1.50,0.22,0.83,0.11,0.11,0.22
..\data\indiv_files\STAT_C_EN_corrected\4a\876.txt,1,29,5,19,5,40,7,23,7,0.57,0.30,0.17,0.00,0.00,0.00,29,29,29,29,0.72,0.72,3.24,4.59,0.91,18.38,0.83,1.00,1.00,0.71,0.04,0.86,0.22,0.09,0.30
..\data\indiv_files\STAT_C_EN_corrected\4a\527.txt,1,28,2,17,1,37,2,22,1,0.59,0.05,0.07,0.00,0.00,0.00,28,28,28,28,0.76,0.76,3.25,4.60,0.92,20.32,0.77,0.80,3.20,1.26,0.18,0.75,0.14,0.18,0.32
..\data\indiv_files\STAT_C_EN_corrected\4a\660.txt,1,52,6,30,6,88,6,46,6,0.52,0.13,0.12,0.00,0.00,0.00,52,37,35.50,29.70,0.59,0.74,3.92,5.54,0.88,16.55,0.65,0.46,2.77,1.18,0.13,0.79,0.17,0.11,0.28
..\data\indiv_files\STAT_C_EN_corrected\4a\560.txt,1,43,5,26,5,65,5,36,5,0.55,0.14,0.12,0.14,0.14,0.27,43,35,35.30,35.00,0.66,0.70,3.77,5.33,0.90,18.32,0.72,1.00,7.00,1.87,0.19,0.75,0.11,0.08,0.19
..\data\indiv_files\STAT_C_EN_corrected\4a\576.txt,1,39,7,30,7,66,12,44,12,0.67,0.27,0.18,0.00,0.00,0.00,39,35,33.00,31.40,0.59,0.70,3.39,4.80,0.87,14.49,0.68,0.88,6.12,1.75,0.16,0.63,0.11,0.14,0.25
..\data\indiv_files\STAT_C_EN_corrected\4a\775.txt,1,32,6,22,6,41,6,25,6,0.61,0.24,0.19,0.14,0.14,0.27,32,32,32,32,0.78,0.78,3.53,5.00,0.93,24.17,0.88,0.71,3.57,1.34,0.20,0.89,0.28,0.08,0.36
..\data\indiv_files\STAT_C_EN_corrected\4a\838.txt,1,19,2,10,2,20,2,11,2,0.55,0.18,0.11,0.00,0.00,0.00,19,19,19,19,0.95,0.95,3.00,4.25,0.98,75.99,0.91,1.00,2.00,1.00,0.18,0.86,0.18,0.00,0.18
..\data\indiv_files\STAT_C_EN_corrected\4a\675.txt,1,53,7,35,6,91,8,52,7,0.57,0.13,0.13,0.17,0.33,0.41,53,35,34.00,35.20,0.58,0.70,3.93,5.56,0.88,16.35,0.67,0.75,6.75,1.84,0.17,0.70,0.13,0.13,0.27
..\data\indiv_files\STAT_C_EN_corrected\4a\820.txt,1,62,12,43,12,105,13,64,13,0.61,0.20,0.19,0.10,0.10,0.22,62,34,36.50,34.60,0.59,0.73,4.28,6.05,0.89,17.86,0.67,0.90,8.10,2.01,0.14,0.66,0.20,0.05,0.25
..\data\indiv_files\STAT_C_EN_corrected\4a\840.txt,0,0,0,0,0,0,0,0,0,0,0,0,0,0,0,0,0,0,0,0,0,0,0,0,0,0,0,0,0,0,0,0,0,0
..\data\indiv_files\STAT_C_EN_corrected\4a\758.txt,1,35,4,23,4,49,5,31,5,0.63,0.16,0.11,0.00,0.00,0.00,35,35,35,35,0.71,0.71,3.54,5.00,0.91,19.55,0.74,0.86,5.14,1.60,0.19,0.70,0.23,0.10,0.32
..\data\indiv_files\STAT_C_EN_corrected\4a\596.txt,1,55,8,36,8,79,9,45,9,0.57,0.20,0.15,0.25,0.25,0.35,55,39,37.80,38.90,0.70,0.78,4.38,6.19,0.92,22.90,0.80,1.00,4.00,1.41,0.09,0.76,0.29,0.07,0.36
..\data\indiv_files\STAT_C_EN_corrected\4a\878.txt,1,45,5,29,4,78,6,43,5,0.55,0.12,0.11,0.08,0.08,0.20,45,31,33.50,32.10,0.58,0.62,3.60,5.10,0.87,14.99,0.67,0.50,3.00,1.22,0.14,0.65,0.21,0.09,0.30
..\data\indiv_files\STAT_C_EN_corrected\4a\706.txt,1,51,4,30,4,88,9,47,9,0.53,0.19,0.08,0.08,0.08,0.20,51,33,34.70,34.00,0.58,0.66,3.84,5.44,0.88,15.96,0.64,0.75,6.75,1.84,0.19,0.55,0.11,0.13,0.23
..\data\indiv_files\STAT_C_EN_corrected\4a\724.txt,1,43,7,25,6,64,7,38,6,0.59,0.16,0.16,0.12,0.12,0.25,43,37,36.00,37.10,0.67,0.74,3.80,5.38,0.90,18.89,0.66,0.75,4.50,1.50,0.16,0.55,0.11,0.08,0.18
..\data\indiv_files\STAT_C_EN_corrected\4a\561.txt,1,48,2,26,2,77,2,38,2,0.49,0.05,0.04,0.00,0.00,0.00,48,36,34.40,34.50,0.62,0.72,3.87,5.47,0.89,17.34,0.68,1.00,9.00,2.12,0.24,0.50,0.18,0.16,0.34
..\data\indiv_files\STAT_C_EN_corrected\4a\735.txt,1,43,1,24,1,69,1,32,1,0.46,0.03,0.02,0.00,0.00,0.00,43,35,34.20,36.10,0.62,0.70,3.66,5.18,0.89,16.46,0.75,0.73,5.82,1.71,0.25,0.91,0.12,0.06,0.19
..\data\indiv_files\STAT_C_EN_corrected\4a\796.txt,1,48,5,26,5,69,5,37,5,0.54,0.14,0.10,0.00,0.00,0.00,48,34,36.60,37.30,0.70,0.68,4.09,5.78,0.91,21.45,0.70,0.83,4.17,1.44,0.14,0.58,0.16,0.11,0.27
..\data\indiv_files\STAT_C_EN_corrected\4a\605.txt,1,44,6,27,5,66,6,33,5,0.50,0.15,0.14,0.22,0.44,0.47,44,37,36.20,36.40,0.67,0.74,3.83,5.42,0.90,18.80,0.82,1.00,9.00,2.12,0.27,0.67,0.15,0.15,0.30
..\data\indiv_files\STAT_C_EN_corrected\4a\739.txt,1,35,4,23,4,49,7,29,7,0.59,0.24,0.11,0.00,0.00,0.00,35,35,35,35,0.71,0.71,3.54,5.00,0.91,19.55,0.79,0.86,5.14,1.60,0.21,0.77,0.24,0.03,0.28
..\data\indiv_files\STAT_C_EN_corrected\4a\760.txt,1,45,6,28,6,72,6,39,6,0.54,0.15,0.13,0.00,0.00,0.00,45,35,35.40,34.70,0.62,0.70,3.75,5.30,0.89,16.90,0.72,0.50,2.50,1.12,0.13,0.83,0.18,0.18,0.36
..\data\indiv_files\STAT_C_EN_corrected\4a\860.txt,1,45,6,28,6,67,10,38,10,0.57,0.26,0.13,0.15,0.31,0.39,45,35,35.30,35.00,0.67,0.70,3.89,5.50,0.91,19.29,0.74,0.92,11.08,2.35,0.32,0.69,0.21,0.03,0.24
..\data\indiv_files\STAT_C_EN_corrected\4a\816.txt,1,31,4,18,4,39,5,22,5,0.56,0.23,0.13,0.17,0.17,0.29,31,31,31,31,0.79,0.79,3.51,4.96,0.94,25.39,0.82,0.67,2.67,1.15,0.18,0.80,0.14,0.14,0.27
..\data\indiv_files\STAT_C_EN_corrected\4a\824.txt,1,27,3,18,3,34,3,23,3,0.68,0.13,0.11,0.00,0.00,0.00,27,27,27,27,0.79,0.79,3.27,4.63,0.93,23.43,0.78,0.83,4.17,1.44,0.22,0.62,0.17,0.17,0.35
..\data\indiv_files\STAT_C_EN_corrected\4a\711.txt,1,38,2,25,2,51,2,30,2,0.59,0.07,0.05,0.00,0.00,0.00,38,37,37.40,37.50,0.75,0.74,3.76,5.32,0.93,22.82,0.83,1.00,8.00,2.00,0.27,0.70,0.23,0.10,0.33
..\data\indiv_files\STAT_C_EN_corrected\4a\633.txt,1,41,6,28,6,63,6,40,6,0.63,0.15,0.15,0.00,0.00,0.00,41,34,35.40,34.30,0.65,0.68,3.65,5.17,0.90,17.35,0.70,0.75,4.50,1.50,0.15,0.57,0.33,0.03,0.35
..\data\indiv_files\STAT_C_EN_corrected\4a\757.txt,1,38,3,25,3,58,5,31,5,0.53,0.16,0.08,0.17,0.33,0.41,38,36,34.80,34.60,0.66,0.72,3.53,4.99,0.90,16.93,0.81,0.75,6.75,1.84,0.29,0.89,0.19,0.10,0.29
..\data\indiv_files\STAT_C_EN_corrected\4a\752.txt,1,52,6,36,6,81,7,43,7,0.53,0.16,0.12,0.29,0.57,0.53,52,36,34.70,38.20,0.64,0.72,4.09,5.78,0.90,18.92,0.84,1.00,7.00,1.87,0.16,0.85,0.21,0.09,0.30
..\data\indiv_files\STAT_C_EN_corrected\4a\899.txt,1,32,5,18,5,43,7,21,7,0.49,0.33,0.16,0.17,0.17,0.29,32,32,32,32,0.74,0.74,3.45,4.88,0.92,20.79,0.86,0.83,4.17,1.44,0.24,1.00,0.19,0.10,0.29
..\data\indiv_files\STAT_C_EN_corrected\4a\826.txt,1,48,10,31,9,107,16,59,14,0.55,0.24,0.21,0.11,0.11,0.24,48,31,31.10,34.40,0.45,0.65,3.28,4.64,0.83,11.83,0.53,0.67,4.00,1.41,0.10,0.42,0.15,0.10,0.25
..\data\indiv_files\STAT_C_EN_corrected\4a\922.txt,1,47,6,30,6,62,6,33,6,0.53,0.18,0.13,0.22,0.44,0.47,47,42,39.70,40.30,0.76,0.84,4.22,5.97,0.93,26.71,0.91,1.00,9.00,2.12,0.27,0.93,0.09,0.15,0.24
..\data\indiv_files\STAT_C_EN_corrected\4a\595.txt,1,34,1,22,1,48,1,26,1,0.54,0.04,0.03,0.00,0.00,0.00,34,34,34,34,0.71,0.71,3.47,4.91,0.91,18.87,0.85,1.00,7.00,1.87,0.27,0.88,0.19,0.12,0.31
..\data\indiv_files\STAT_C_EN_corrected\4a\865.txt,0,0,0,0,0,0,0,0,0,0,0,0,0,0,0,0,0,0,0,0,0,0,0,0,0,0,0,0,0,0,0,0,0,0
..\data\indiv_files\STAT_C_EN_corrected\4a\795.txt,1,52,7,33,7,70,8,39,8,0.56,0.21,0.13,0.12,0.12,0.25,52,38,40.70,39.80,0.74,0.76,4.39,6.22,0.93,26.37,0.85,0.88,6.12,1.75,0.18,0.84,0.15,0.10,0.26
..\data\indiv_files\STAT_C_EN_corrected\4a\905.txt,1,49,4,27,4,77,8,34,7,0.44,0.21,0.08,0.00,0.00,0.00,49,35,35.30,38.90,0.64,0.70,3.95,5.58,0.90,18.13,0.79,0.86,5.14,1.60,0.18,0.82,0.15,0.15,0.29
..\data\indiv_files\STAT_C_EN_corrected\4a\763.txt,1,37,6,24,6,47,7,27,7,0.57,0.26,0.16,0.14,0.14,0.27,37,37,37,37,0.79,0.79,3.82,5.40,0.94,26.91,0.89,0.86,5.14,1.60,0.22,0.90,0.19,0.15,0.33
..\data\indiv_files\STAT_C_EN_corrected\4a\784.txt,1,45,3,25,3,64,4,30,4,0.47,0.13,0.07,0.12,0.12,0.25,45,35,36.80,35.80,0.70,0.70,3.98,5.62,0.92,21.33,0.83,1.00,8.00,2.00,0.27,0.80,0.13,0.07,0.20
..\data\indiv_files\STAT_C_EN_corrected\4a\558.txt,1,49,6,31,6,68,7,39,7,0.57,0.18,0.12,0.11,0.11,0.24,49,37,37.30,39.30,0.72,0.74,4.20,5.94,0.92,23.60,0.79,0.89,7.11,1.89,0.21,0.67,0.21,0.15,0.36
..\data\indiv_files\STAT_C_EN_corrected\4a\533.txt,1,39,3,25,3,53,3,30,3,0.57,0.10,0.08,0.10,0.10,0.22,39,37,36.90,38.10,0.74,0.74,3.79,5.36,0.92,22.32,0.83,0.80,6.40,1.79,0.27,0.67,0.17,0.20,0.37
..\data\indiv_files\STAT_C_EN_corrected\4a\811.txt,0,0,0,0,0,0,0,0,0,0,0,0,0,0,0,0,0,0,0,0,0,0,0,0,0,0,0,0,0,0,0,0,0,0
..\data\indiv_files\STAT_C_EN_corrected\4a\917.txt,1,39,4,24,3,56,5,31,4,0.55,0.13,0.10,0.00,0.00,0.00,39,37,35.80,36.80,0.70,0.74,3.69,5.21,0.91,19.45,0.77,0.86,5.14,1.60,0.19,0.73,0.13,0.19,0.32
..\data\indiv_files\STAT_C_EN_corrected\4a\582.txt,1,41,6,27,6,79,9,44,8,0.56,0.18,0.15,0.11,0.11,0.24,41,28,33.10,31.50,0.52,0.56,3.26,4.61,0.85,12.64,0.61,0.78,5.44,1.65,0.16,0.56,0.07,0.09,0.16
..\data\indiv_files\STAT_C_EN_corrected\4a\855.txt,1,17,1,11,1,22,1,14,1,0.64,0.07,0.06,0.00,0.00,0.00,17,17,17,17,0.77,0.77,2.56,3.62,0.92,16.09,0.79,0.67,1.33,0.82,0.14,0.75,0.14,0.29,0.43
..\data\indiv_files\STAT_C_EN_corrected\4a\652.txt,1,36,8,24,8,56,9,29,9,0.52,0.31,0.22,0.20,0.20,0.32,36,33,33.60,33.00,0.64,0.66,3.40,4.81,0.89,15.93,0.83,0.80,3.20,1.26,0.14,0.75,0.24,0.17,0.41
..\data\indiv_files\STAT_C_EN_corrected\4a\748.txt,1,44,6,29,5,64,7,33,6,0.52,0.18,0.14,0.17,0.33,0.41,44,37,36.60,36.90,0.69,0.74,3.89,5.50,0.91,20.05,0.88,0.83,8.33,2.04,0.30,0.90,0.27,0.06,0.33
..\data\indiv_files\STAT_C_EN_corrected\4a\549.txt,1,42,7,24,7,65,9,32,9,0.49,0.28,0.17,0.22,0.44,0.47,42,36,35.50,39.10,0.65,0.72,3.68,5.21,0.90,17.33,0.75,0.78,5.44,1.65,0.22,0.57,0.16,0.12,0.28
..\data\indiv_files\STAT_C_EN_corrected\4a\552.txt,1,34,5,23,5,49,5,25,5,0.51,0.20,0.15,0.29,0.57,0.53,34,34,34,34,0.69,0.69,3.43,4.86,0.91,18.00,0.92,1.00,7.00,1.87,0.28,0.92,0.20,0.00,0.20
..\data\indiv_files\STAT_C_EN_corrected\4a\668.txt,0,0,0,0,0,0,0,0,0,0,0,0,0,0,0,0,0,0,0,0,0,0,0,0,0,0,0,0,0,0,0,0,0,0
..\data\indiv_files\STAT_C_EN_corrected\4a\511.txt,1,38,2,24,2,50,2,32,2,0.64,0.06,0.05,0.00,0.00,0.00,38,38,38.00,38.00,0.76,0.76,3.80,5.37,0.93,24.22,0.75,0.67,4.00,1.41,0.19,0.88,0.19,0.19,0.38
..\data\indiv_files\STAT_C_EN_corrected\4a\509.txt,1,34,3,20,3,61,4,29,4,0.48,0.14,0.09,0.00,0.00,0.00,34,31,29.80,31.40,0.56,0.62,3.08,4.35,0.86,12.56,0.69,0.50,1.00,0.71,0.07,0.69,0.17,0.07,0.24
..\data\indiv_files\STAT_C_EN_corrected\4a\698.txt,1,44,4,30,4,75,7,43,6,0.57,0.14,0.09,0.00,0.00,0.00,44,36,33.60,34.80,0.59,0.72,3.59,5.08,0.88,15.18,0.70,0.78,5.44,1.65,0.16,0.74,0.21,0.09,0.30
..\data\indiv_files\STAT_C_EN_corrected\4a\659.txt,1,48,7,30,7,82,11,48,11,0.59,0.23,0.15,0.08,0.08,0.20,48,39,35.70,35.00,0.59,0.78,3.75,5.30,0.88,15.75,0.62,0.67,5.33,1.63,0.17,0.61,0.19,0.10,0.29
..\data\indiv_files\STAT_C_EN_corrected\4a\644.txt,1,41,2,22,2,63,2,32,2,0.51,0.06,0.05,0.00,0.00,0.00,41,34,35.20,33.20,0.65,0.68,3.65,5.17,0.90,17.35,0.69,0.78,5.44,1.65,0.22,0.78,0.12,0.12,0.25
..\data\indiv_files\STAT_C_EN_corrected\4a\616.txt,1,41,5,26,4,60,7,37,6,0.62,0.16,0.12,0.14,0.14,0.27,41,37,35.70,38.20,0.68,0.74,3.74,5.29,0.91,19.12,0.70,0.71,3.57,1.34,0.14,0.68,0.11,0.11,0.22
..\data\indiv_files\STAT_C_EN_corrected\4a\850.txt,1,47,5,29,5,56,6,34,6,0.61,0.18,0.11,0.14,0.14,0.27,47,43,43.00,44.20,0.84,0.86,4.44,6.28,0.96,40.16,0.85,1.00,7.00,1.87,0.21,0.76,0.21,0.06,0.26
..\data\indiv_files\STAT_C_EN_corrected\4a\908.txt,1,46,7,28,7,87,9,40,9,0.46,0.23,0.15,0.14,0.14,0.27,46,32,31.00,33.10,0.53,0.64,3.49,4.93,0.86,13.59,0.70,1.00,7.00,1.87,0.17,0.68,0.15,0.03,0.17
..\data\indiv_files\STAT_C_EN_corrected\4a\609.txt,1,41,4,27,4,67,4,36,4,0.54,0.11,0.10,0.00,0.00,0.00,41,32,32.70,34.00,0.61,0.64,3.54,5.01,0.88,15.63,0.75,0.80,3.20,1.26,0.11,0.69,0.22,0.11,0.33
..\data\indiv_files\STAT_C_EN_corrected\4a\772.txt,1,20,4,13,4,27,4,14,4,0.52,0.29,0.20,0.00,0.00,0.00,20,20,20,20,0.74,0.74,2.72,3.85,0.91,15.72,0.93,1.00,1.00,0.71,0.07,1.00,0.21,0.07,0.29
..\data\indiv_files\STAT_C_EN_corrected\4a\776.txt,1,50,6,31,5,66,6,34,5,0.52,0.15,0.12,0.00,0.00,0.00,50,40,39.30,41.10,0.76,0.80,4.35,6.15,0.93,27.46,0.91,1.00,8.00,2.00,0.24,1.00,0.21,0.12,0.32
..\data\indiv_files\STAT_C_EN_corrected\4a\623.txt,1,22,1,12,1,24,1,14,1,0.58,0.07,0.05,0.00,0.00,0.00,22,22,22,22,0.92,0.92,3.18,4.49,0.97,50.41,0.86,0.80,3.20,1.26,0.29,0.83,0.21,0.00,0.21
..\data\indiv_files\STAT_C_EN_corrected\4a\897.txt,1,30,1,19,1,41,1,25,1,0.61,0.04,0.03,0.00,0.00,0.00,30,30,30,30,0.73,0.73,3.31,4.69,0.92,19.17,0.76,1.00,6.00,1.73,0.24,0.62,0.16,0.16,0.32
..\data\indiv_files\STAT_C_EN_corrected\4a\843.txt,0,0,0,0,0,0,0,0,0,0,0,0,0,0,0,0,0,0,0,0,0,0,0,0,0,0,0,0,0,0,0,0,0,0
..\data\indiv_files\STAT_C_EN_corrected\4a\726.txt,1,12,3,7,3,14,3,8,3,0.57,0.38,0.25,0.50,0.50,0.50,12,12,12,12,0.86,0.86,2.27,3.21,0.94,19.62,0.88,1.00,2.00,1.00,0.25,1.00,0.25,0.00,0.25
..\data\indiv_files\STAT_C_EN_corrected\4a\766.txt,1,14,1,9,1,17,1,11,1,0.65,0.09,0.07,0.00,0.00,0.00,14,14,14,14,0.82,0.82,2.40,3.40,0.93,17.96,0.82,1.00,2.00,1.00,0.18,0.60,0.27,0.09,0.36
..\data\indiv_files\STAT_C_EN_corrected\4a\544.txt,1,46,5,27,5,66,6,34,6,0.52,0.18,0.11,0.20,0.20,0.32,46,38,37.00,38.00,0.70,0.76,4.00,5.66,0.91,21.12,0.79,1.00,5.00,1.58,0.15,0.79,0.18,0.06,0.24
..\data\indiv_files\STAT_C_EN_corrected\4a\856.txt,1,49,9,33,9,69,11,41,11,0.59,0.27,0.18,0.33,0.67,0.58,49,40,38.80,41.30,0.71,0.80,4.17,5.90,0.92,22.75,0.80,1.00,6.00,1.73,0.15,0.71,0.24,0.15,0.39
..\data\indiv_files\STAT_C_EN_corrected\4a\536.txt,1,67,10,45,10,108,13,58,13,0.54,0.22,0.15,0.14,0.29,0.38,67,42,37.30,41.00,0.62,0.82,4.56,6.45,0.90,19.94,0.78,0.86,10.29,2.27,0.21,0.74,0.19,0.07,0.26
..\data\indiv_files\STAT_C_EN_corrected\4a\787.txt,1,38,3,22,3,59,5,28,5,0.47,0.18,0.08,0.00,0.00,0.00,38,35,33.60,33.10,0.64,0.70,3.50,4.95,0.89,16.41,0.79,0.88,6.12,1.75,0.25,0.75,0.07,0.18,0.25
..\data\indiv_files\STAT_C_EN_corrected\4a\523.txt,1,27,2,14,2,36,2,19,2,0.53,0.11,0.07,0.00,0.00,0.00,27,27,27,27,0.75,0.75,3.18,4.50,0.92,19.39,0.74,0.71,3.57,1.34,0.26,0.67,0.26,0.00,0.26
..\data\indiv_files\STAT_C_EN_corrected\4a\723.txt,1,54,5,33,5,83,6,40,6,0.48,0.15,0.09,0.11,0.11,0.24,54,36,36.50,37.10,0.65,0.72,4.19,5.93,0.90,19.73,0.82,1.00,9.00,2.12,0.23,0.80,0.23,0.12,0.35
..\data\indiv_files\STAT_C_EN_corrected\4a\863.txt,1,47,5,34,5,65,8,39,8,0.60,0.21,0.11,0.22,0.44,0.47,47,39,38.00,38.50,0.72,0.78,4.12,5.83,0.92,23.34,0.87,1.00,9.00,2.12,0.23,0.93,0.21,0.13,0.33
..\data\indiv_files\STAT_C_EN_corrected\4a\556.txt,1,42,2,25,2,75,2,40,2,0.53,0.05,0.05,0.00,0.00,0.00,42,36,32.80,34.00,0.56,0.72,3.43,4.85,0.87,13.96,0.62,0.71,3.57,1.34,0.12,0.60,0.15,0.12,0.28
..\data\indiv_files\STAT_C_EN_corrected\4a\617.txt,1,51,5,34,5,80,5,42,5,0.53,0.12,0.10,0.00,0.00,0.00,51,37,36.90,35.60,0.64,0.74,4.03,5.70,0.90,18.52,0.81,0.88,6.12,1.75,0.17,0.78,0.24,0.10,0.33
..\data\indiv_files\STAT_C_EN_corrected\4a\833.txt,1,50,5,29,5,81,5,38,5,0.47,0.13,0.10,0.11,0.11,0.24,50,35,35.00,34.90,0.62,0.70,3.93,5.56,0.89,17.38,0.76,0.78,5.44,1.65,0.18,0.67,0.21,0.16,0.37
..\data\indiv_files\STAT_C_EN_corrected\4a\830.txt,1,42,3,26,3,60,3,30,3,0.50,0.10,0.07,0.00,0.00,0.00,42,35,35.40,35.60,0.70,0.70,3.83,5.42,0.91,20.41,0.87,1.00,5.00,1.58,0.17,0.91,0.33,0.07,0.40
..\data\indiv_files\STAT_C_EN_corrected\4a\737.txt,1,25,4,19,4,29,4,22,4,0.76,0.18,0.16,0.00,0.00,0.00,25,25,25,25,0.86,0.86,3.28,4.64,0.96,33.18,0.86,0.80,3.20,1.26,0.18,0.88,0.14,0.23,0.36
..\data\indiv_files\STAT_C_EN_corrected\4a\858.txt,1,44,7,30,7,72,12,40,12,0.56,0.30,0.16,0.11,0.11,0.24,44,34,34.00,33.80,0.61,0.68,3.67,5.19,0.88,16.13,0.75,0.78,5.44,1.65,0.17,0.72,0.20,0.05,0.25
..\data\indiv_files\STAT_C_EN_corrected\4a\916.txt,1,37,4,23,4,57,4,33,4,0.58,0.12,0.11,0.25,0.50,0.50,37,33,34.30,34.00,0.65,0.66,3.47,4.90,0.89,16.43,0.70,0.88,6.12,1.75,0.21,0.67,0.15,0.03,0.18
..\data\indiv_files\STAT_C_EN_corrected\4a\702.txt,1,27,2,16,1,38,2,19,1,0.50,0.05,0.07,0.00,0.00,0.00,27,27,27,27,0.71,0.71,3.10,4.38,0.91,16.82,0.84,0.80,3.20,1.26,0.21,0.89,0.11,0.11,0.21
..\data\indiv_files\STAT_C_EN_corrected\4a\577.txt,1,48,4,30,4,74,7,43,7,0.58,0.16,0.08,0.00,0.00,0.00,48,34,35.40,36.90,0.65,0.68,3.95,5.58,0.90,18.59,0.70,1.00,7.00,1.87,0.16,0.55,0.23,0.09,0.33
..\data\indiv_files\STAT_C_EN_corrected\4a\810.txt,1,18,1,9,1,19,1,10,1,0.53,0.10,0.06,0.00,0.00,0.00,18,18,18,18,0.95,0.95,2.92,4.13,0.98,69.64,0.90,0.75,2.25,1.06,0.30,1.00,0.30,0.00,0.30
..\data\indiv_files\STAT_C_EN_corrected\4a\798.txt,1,46,7,28,6,62,9,33,8,0.53,0.24,0.15,0.11,0.11,0.24,46,41,40.50,37.30,0.74,0.82,4.13,5.84,0.93,24.78,0.85,0.78,5.44,1.65,0.21,0.92,0.18,0.09,0.27
..\data\indiv_files\STAT_C_EN_corrected\4a\747.txt,1,16,2,8,2,19,2,9,2,0.47,0.22,0.12,0.00,0.00,0.00,16,16,16,16,0.84,0.84,2.60,3.67,0.94,21.91,0.89,0.67,1.33,0.82,0.22,1.00,0.11,0.22,0.33
..\data\indiv_files\STAT_C_EN_corrected\4a\593.txt,1,46,4,28,4,61,5,33,5,0.54,0.15,0.09,0.17,0.17,0.29,46,37,40.30,38.40,0.75,0.74,4.16,5.89,0.93,26.00,0.85,0.67,2.67,1.15,0.12,0.83,0.27,0.18,0.45
..\data\indiv_files\STAT_C_EN_corrected\4a\534.txt,1,53,5,32,4,92,8,51,7,0.55,0.14,0.09,0.08,0.08,0.20,53,34,35.60,33.90,0.58,0.68,3.91,5.53,0.88,16.10,0.63,0.92,10.08,2.25,0.22,0.56,0.12,0.06,0.18
..\data\indiv_files\STAT_C_EN_corrected\4a\898.txt,1,38,3,23,3,51,3,26,3,0.51,0.12,0.08,0.33,0.33,0.41,38,37,37.20,37.40,0.75,0.74,3.76,5.32,0.93,22.82,0.88,1.00,3.00,1.22,0.12,0.92,0.23,0.08,0.31
..\data\indiv_files\STAT_C_EN_corrected\4a\637.txt,1,34,3,18,3,54,4,24,4,0.44,0.17,0.09,0.11,0.11,0.24,34,32,32.60,31.80,0.63,0.64,3.27,4.63,0.88,14.94,0.75,0.78,5.44,1.65,0.29,0.78,0.12,0.04,0.17
..\data\indiv_files\STAT_C_EN_corrected\4a\620.txt,1,53,10,36,10,77,14,44,14,0.57,0.32,0.19,0.17,0.17,0.29,53,38,38.10,39.80,0.69,0.76,4.27,6.04,0.91,21.94,0.82,1.00,6.00,1.73,0.14,0.84,0.23,0.11,0.34
..\data\indiv_files\STAT_C_EN_corrected\4a\727.txt,1,25,7,19,7,34,7,19,7,0.56,0.37,0.28,0.00,0.00,0.00,25,25,25,25,0.74,0.74,3.03,4.29,0.91,17.56,1.00,1.00,3.00,1.22,0.16,1.00,0.26,0.16,0.42
..\data\indiv_files\STAT_C_EN_corrected\4a\671.txt,1,30,2,21,2,36,2,23,2,0.64,0.09,0.07,0.00,0.00,0.00,30,30,30,30,0.83,0.83,3.54,5.00,0.95,30.59,0.91,1.00,7.00,1.87,0.30,0.78,0.22,0.09,0.30
..\data\indiv_files\STAT_C_EN_corrected\4a\767.txt,1,47,3,25,3,80,4,36,4,0.45,0.11,0.06,0.33,0.67,0.58,47,39,34.10,36.80,0.59,0.78,3.72,5.25,0.88,15.68,0.69,0.83,4.17,1.44,0.14,0.67,0.19,0.11,0.31
..\data\indiv_files\STAT_C_EN_corrected\4a\780.txt,1,39,6,27,6,62,6,36,6,0.58,0.17,0.15,0.00,0.00,0.00,39,36,34.20,33.10,0.63,0.72,3.50,4.95,0.89,15.96,0.75,0.75,4.50,1.50,0.17,0.75,0.19,0.17,0.36
..\data\indiv_files\STAT_C_EN_corrected\4a\693.txt,1,44,4,31,4,67,5,37,5,0.55,0.14,0.09,0.17,0.17,0.29,44,37,35.00,37.80,0.66,0.74,3.80,5.38,0.90,18.26,0.84,1.00,6.00,1.73,0.16,0.71,0.24,0.11,0.35
..\data\indiv_files\STAT_C_EN_corrected\4a\744.txt,1,49,5,29,5,84,6,43,6,0.51,0.14,0.10,0.20,0.40,0.45,49,31,33.80,34.20,0.58,0.62,3.78,5.35,0.88,15.82,0.67,0.80,6.40,1.79,0.19,0.67,0.19,0.05,0.23
..\data\indiv_files\STAT_C_EN_corrected\4a\815.txt,1,31,2,20,2,43,2,23,2,0.53,0.09,0.06,0.00,0.00,0.00,31,31,31,31,0.72,0.72,3.34,4.73,0.91,18.78,0.87,1.00,3.00,1.22,0.13,0.67,0.26,0.22,0.48
..\data\indiv_files\STAT_C_EN_corrected\4a\764.txt,1,51,5,36,5,79,9,50,9,0.63,0.18,0.10,0.15,0.31,0.39,51,38,36.10,37.20,0.65,0.76,4.06,5.74,0.90,18.95,0.72,0.77,7.69,1.96,0.20,0.68,0.14,0.10,0.24
..\data\indiv_files\STAT_C_EN_corrected\4a\867.txt,1,49,7,33,7,72,8,41,8,0.57,0.20,0.14,0.12,0.12,0.25,49,38,36.70,37.00,0.68,0.76,4.08,5.77,0.91,20.64,0.80,1.00,8.00,2.00,0.20,0.72,0.17,0.15,0.32
..\data\indiv_files\STAT_C_EN_corrected\4a\893.txt,1,36,2,19,2,58,2,29,2,0.50,0.07,0.06,0.00,0.00,0.00,36,33,32.90,32.10,0.62,0.66,3.34,4.73,0.88,15.01,0.66,0.50,2.00,1.00,0.14,0.56,0.21,0.14,0.34
..\data\indiv_files\STAT_C_EN_corrected\4a\535.txt,1,54,4,36,4,80,4,45,4,0.56,0.09,0.07,0.15,0.31,0.39,54,36,38.60,38.00,0.68,0.72,4.27,6.04,0.91,21.22,0.80,0.77,7.69,1.96,0.22,0.81,0.13,0.16,0.29
..\data\indiv_files\STAT_C_EN_corrected\4a\573.txt,1,44,1,26,1,63,1,32,1,0.51,0.03,0.02,0.00,0.00,0.00,44,34,36.90,36.00,0.70,0.68,3.92,5.54,0.91,20.77,0.81,0.64,4.45,1.49,0.22,0.75,0.25,0.16,0.41
..\data\indiv_files\STAT_C_EN_corrected\4a\539.txt,1,42,7,25,7,66,9,33,9,0.50,0.27,0.17,0.00,0.00,0.00,42,36,34.80,34.80,0.64,0.72,3.66,5.17,0.89,16.87,0.76,1.00,5.00,1.58,0.15,0.77,0.21,0.09,0.30
..\data\indiv_files\STAT_C_EN_corrected\4a\728.txt,1,37,2,21,2,56,3,25,3,0.45,0.12,0.05,0.14,0.14,0.27,37,32,34.30,33.30,0.66,0.64,3.50,4.94,0.90,16.98,0.84,0.71,3.57,1.34,0.20,1.00,0.12,0.16,0.28
..\data\indiv_files\STAT_C_EN_corrected\4a\600.txt,1,12,3,9,3,14,3,9,3,0.64,0.33,0.25,0.00,0.00,0.00,12,12,12,12,0.86,0.86,2.27,3.21,0.94,19.62,1.00,1.00,2.00,1.00,0.22,1.00,0.11,0.00,0.11
..\data\indiv_files\STAT_C_EN_corrected\4a\743.txt,1,44,2,23,2,60,2,31,2,0.52,0.06,0.05,0.00,0.00,0.00,44,38,37.90,37.40,0.73,0.76,4.02,5.68,0.92,23.47,0.74,0.67,4.00,1.41,0.19,0.77,0.19,0.03,0.23
..\data\indiv_files\STAT_C_EN_corrected\4a\841.txt,1,21,3,13,3,31,3,18,3,0.58,0.17,0.14,0.40,0.80,0.63,21,21,21,21,0.68,0.68,2.67,3.77,0.89,13.15,0.72,1.00,5.00,1.58,0.28,0.57,0.17,0.06,0.22
..\data\indiv_files\STAT_C_EN_corrected\4a\792.txt,1,55,4,39,4,80,4,46,4,0.57,0.09,0.07,0.00,0.00,0.00,55,40,37.70,39.70,0.69,0.80,4.35,6.15,0.91,22.26,0.85,1.00,12.00,2.45,0.26,0.80,0.28,0.07,0.35
..\data\indiv_files\STAT_C_EN_corrected\4a\900.txt,1,9,1,5,1,9,1,5,1,0.56,0.20,0.11,1.00,1.00,0.71,9,9,9,9,1.00,1.00,2.12,3.00,1.00,NaN,1.00,1.00,1.00,0.71,0.20,1.00,0.20,0.20,0.40
..\data\indiv_files\STAT_C_EN_corrected\4a\515.txt,1,39,1,24,1,48,1,26,1,0.54,0.04,0.03,0.00,0.00,0.00,39,39,39,39,0.81,0.81,3.98,5.63,0.95,31.34,0.92,1.00,6.00,1.73,0.23,0.82,0.19,0.15,0.35
..\data\indiv_files\STAT_C_EN_corrected\4a\603.txt,1,34,3,23,3,49,4,24,4,0.49,0.17,0.09,0.00,0.00,0.00,34,34,34,34,0.69,0.69,3.43,4.86,0.91,18.00,0.96,1.00,5.00,1.58,0.21,0.91,0.25,0.08,0.33
..\data\indiv_files\STAT_C_EN_corrected\4a\618.txt,1,44,7,27,7,59,7,31,7,0.53,0.23,0.16,0.29,0.57,0.53,44,38,37.50,38.90,0.75,0.76,4.05,5.73,0.93,24.61,0.87,0.86,5.14,1.60,0.19,0.80,0.23,0.19,0.42
..\data\indiv_files\STAT_C_EN_corrected\4a\568.txt,1,47,7,32,7,61,7,36,7,0.59,0.19,0.15,0.00,0.00,0.00,47,39,39.80,38.60,0.77,0.78,4.26,6.02,0.94,28.15,0.89,1.00,7.00,1.87,0.19,0.81,0.22,0.11,0.33
..\data\indiv_files\STAT_C_EN_corrected\4a\586.txt,1,44,8,30,8,69,11,42,11,0.61,0.26,0.18,0.29,0.57,0.53,44,33,34.80,34.80,0.64,0.66,3.75,5.30,0.89,17.31,0.71,0.86,5.14,1.60,0.14,0.70,0.17,0.07,0.24
..\data\indiv_files\STAT_C_EN_corrected\4a\554.txt,1,54,4,33,4,75,5,41,5,0.55,0.12,0.07,0.00,0.00,0.00,54,37,39.60,38.20,0.72,0.74,4.41,6.24,0.92,24.64,0.80,0.88,6.12,1.75,0.17,0.71,0.22,0.17,0.39
..\data\indiv_files\STAT_C_EN_corrected\4a\713.txt,1,55,3,32,3,95,6,45,6,0.47,0.13,0.05,0.11,0.11,0.24,55,35,35.00,34.90,0.58,0.70,3.99,5.64,0.88,16.48,0.71,0.67,4.00,1.41,0.13,0.67,0.18,0.11,0.29
..\data\indiv_files\STAT_C_EN_corrected\4a\613.txt,1,48,4,27,4,68,5,37,5,0.54,0.14,0.08,0.12,0.12,0.25,48,38,37.70,37.40,0.71,0.76,4.12,5.82,0.92,22.20,0.73,0.75,4.50,1.50,0.16,0.86,0.19,0.11,0.30
..\data\indiv_files\STAT_C_EN_corrected\4a\911.txt,1,37,9,23,7,55,11,35,9,0.64,0.26,0.24,0.25,0.50,0.50,37,35,34.90,35.80,0.67,0.70,3.53,4.99,0.90,17.59,0.66,1.00,8.00,2.00,0.23,0.53,0.14,0.06,0.20
..\data\indiv_files\STAT_C_EN_corrected\4a\872.txt,1,38,4,24,4,53,5,30,5,0.57,0.17,0.11,0.00,0.00,0.00,38,35,35.50,36.30,0.72,0.70,3.69,5.22,0.92,20.58,0.80,1.00,2.00,1.00,0.07,0.85,0.27,0.10,0.37
..\data\indiv_files\STAT_C_EN_corrected\4a\808.txt,1,48,8,29,8,81,8,40,8,0.49,0.20,0.17,0.25,0.25,0.35,48,37,35.90,33.10,0.59,0.74,3.77,5.33,0.88,16.03,0.72,0.75,2.25,1.06,0.07,0.63,0.25,0.12,0.38
..\data\indiv_files\STAT_C_EN_corrected\4a\875.txt,1,48,4,27,4,87,5,42,5,0.48,0.12,0.08,0.09,0.09,0.21,48,35,34.30,35.20,0.55,0.70,3.64,5.15,0.87,14.56,0.64,0.73,5.82,1.71,0.19,0.58,0.12,0.07,0.19
..\data\indiv_files\STAT_C_EN_corrected\4a\829.txt,1,50,7,36,7,74,8,43,8,0.58,0.19,0.14,0.00,0.00,0.00,50,37,38.20,38.30,0.68,0.74,4.11,5.81,0.91,20.52,0.84,1.00,7.00,1.87,0.16,0.80,0.26,0.07,0.33
..\data\indiv_files\STAT_C_EN_corrected\4a\827.txt,1,43,4,27,3,59,6,32,4,0.54,0.12,0.09,0.00,0.00,0.00,43,39,37.90,38.50,0.73,0.78,3.96,5.60,0.92,22.83,0.84,0.75,4.50,1.50,0.19,0.77,0.22,0.12,0.34
..\data\indiv_files\STAT_C_EN_corrected\4a\725.txt,1,31,2,19,2,38,2,21,2,0.55,0.10,0.06,0.00,0.00,0.00,31,31,31,31,0.82,0.82,3.56,5.03,0.94,28.23,0.90,1.00,6.00,1.73,0.29,0.71,0.24,0.14,0.38
..\data\indiv_files\STAT_C_EN_corrected\4a\575.txt,1,34,3,21,3,46,3,24,3,0.52,0.12,0.09,0.14,0.14,0.27,34,34,34,34,0.74,0.74,3.54,5.01,0.92,21.06,0.88,0.86,5.14,1.60,0.25,0.91,0.17,0.08,0.25
..\data\indiv_files\STAT_C_EN_corrected\4a\507.txt,1,46,3,26,3,77,3,36,3,0.47,0.08,0.07,0.08,0.08,0.20,46,33,33.90,31.50,0.60,0.66,3.71,5.24,0.88,15.91,0.72,0.75,6.75,1.84,0.25,0.80,0.06,0.11,0.17
..\data\indiv_files\STAT_C_EN_corrected\4a\714.txt,1,42,3,26,3,61,3,32,3,0.52,0.09,0.07,0.00,0.00,0.00,42,34,35.10,34.40,0.69,0.68,3.80,5.38,0.91,19.67,0.81,0.64,4.45,1.49,0.22,0.83,0.25,0.03,0.28
..\data\indiv_files\STAT_C_EN_corrected\4a\761.txt,1,48,2,32,2,75,2,41,2,0.55,0.05,0.04,0.00,0.00,0.00,48,36,36.30,35.50,0.64,0.72,3.92,5.54,0.90,18.14,0.78,0.56,2.78,1.18,0.12,0.75,0.32,0.12,0.44
..\data\indiv_files\STAT_C_EN_corrected\4a\614.txt,1,40,3,26,3,62,3,32,3,0.52,0.09,0.07,0.12,0.12,0.25,40,36,34.20,34.40,0.65,0.72,3.59,5.08,0.89,16.88,0.81,0.88,6.12,1.75,0.22,0.67,0.19,0.16,0.34
..\data\indiv_files\STAT_C_EN_corrected\4a\606.txt,1,26,2,18,2,29,2,19,2,0.66,0.11,0.08,0.25,0.25,0.35,26,26,26,26,0.90,0.90,3.41,4.83,0.97,45.09,0.95,1.00,4.00,1.41,0.21,0.86,0.26,0.16,0.42
..\data\indiv_files\STAT_C_EN_corrected\4a\869.txt,0,0,0,0,0,0,0,0,0,0,0,0,0,0,0,0,0,0,0,0,0,0,0,0,0,0,0,0,0,0,0,0,0,0
..\data\indiv_files\STAT_C_EN_corrected\4a\769.txt,1,31,8,20,7,45,8,24,7,0.53,0.29,0.26,0.14,0.14,0.27,31,31,31,31,0.69,0.69,3.27,4.62,0.90,16.89,0.83,1.00,7.00,1.87,0.29,0.73,0.17,0.04,0.21
..\data\indiv_files\STAT_C_EN_corrected\4a\680.txt,1,17,3,10,3,21,3,11,3,0.52,0.27,0.18,0.00,0.00,0.00,17,17,17,17,0.81,0.81,2.62,3.71,0.93,19.05,0.91,1.00,1.00,0.71,0.09,0.88,0.09,0.09,0.18
..\data\indiv_files\STAT_C_EN_corrected\4a\512.txt,1,30,3,21,3,44,3,24,3,0.55,0.12,0.10,0.00,0.00,0.00,30,30,30,30,0.68,0.68,3.20,4.52,0.90,16.24,0.88,1.00,4.00,1.41,0.17,0.75,0.21,0.12,0.33
..\data\indiv_files\STAT_C_EN_corrected\4a\716.txt,1,37,5,26,5,50,6,31,6,0.62,0.19,0.14,0.00,0.00,0.00,37,37,37.00,37.00,0.74,0.74,3.70,5.23,0.92,22.07,0.84,0.62,3.12,1.25,0.16,0.90,0.26,0.16,0.42
..\data\indiv_files\STAT_C_EN_corrected\4a\777.txt,1,34,3,20,3,42,3,22,3,0.52,0.14,0.09,0.00,0.00,0.00,34,34,34,34,0.81,0.81,3.71,5.25,0.94,28.71,0.91,1.00,5.00,1.58,0.23,0.88,0.18,0.18,0.36
..\data\indiv_files\STAT_C_EN_corrected\4a\837.txt,1,47,7,31,7,75,7,42,7,0.56,0.17,0.15,0.10,0.10,0.22,47,40,35.40,37.70,0.63,0.80,3.84,5.43,0.89,17.32,0.74,0.80,6.40,1.79,0.19,0.75,0.17,0.10,0.26
..\data\indiv_files\STAT_C_EN_corrected\4a\835.txt,1,45,5,28,5,75,12,47,12,0.63,0.26,0.11,0.00,0.00,0.00,45,37,34.30,34.60,0.60,0.74,3.67,5.20,0.88,15.85,0.60,0.78,5.44,1.65,0.15,0.67,0.11,0.13,0.23
..\data\indiv_files\STAT_C_EN_corrected\4a\696.txt,1,49,2,26,2,71,2,34,2,0.48,0.06,0.04,0.00,0.00,0.00,49,35,38.10,36.70,0.69,0.70,4.11,5.82,0.91,21.28,0.76,0.58,4.08,1.43,0.21,1.00,0.15,0.09,0.24
..\data\indiv_files\STAT_C_EN_corrected\4a\548.txt,1,54,7,37,7,89,7,47,7,0.53,0.15,0.13,0.00,0.00,0.00,54,34,35.90,36.90,0.61,0.68,4.05,5.72,0.89,17.51,0.79,0.86,5.14,1.60,0.13,0.86,0.19,0.11,0.30
..\data\indiv_files\STAT_C_EN_corrected\4a\624.txt,1,32,4,18,2,44,4,21,2,0.48,0.10,0.12,0.00,0.00,0.00,32,32,32,32,0.73,0.73,3.41,4.82,0.92,19.53,0.86,0.75,2.25,1.06,0.14,0.89,0.24,0.10,0.33
..\data\indiv_files\STAT_C_EN_corrected\4a\915.txt,1,3,1,2,1,3,1,2,1,0.67,0.50,0.33,0,0,0,3,3,3,3,1.00,1.00,1.22,1.73,1.00,NaN,1.00,0,0,0,0.00,1.00,0.00,0.00,0.00
..\data\indiv_files\STAT_C_EN_corrected\4a\649.txt,1,18,1,12,1,24,1,12,1,0.50,0.08,0.06,0.00,0.00,0.00,18,18,18,18,0.75,0.75,2.60,3.67,0.91,15.25,1.00,1.00,2.00,1.00,0.17,1.00,0.08,0.00,0.08
..\data\indiv_files\STAT_C_EN_corrected\4a\559.txt,1,44,5,28,5,61,6,35,6,0.57,0.17,0.11,0.20,0.20,0.32,44,39,38.50,40.40,0.72,0.78,3.98,5.63,0.92,22.47,0.80,1.00,5.00,1.58,0.14,0.76,0.20,0.09,0.29
..\data\indiv_files\STAT_C_EN_corrected\4a\663.txt,1,51,5,34,5,76,5,42,5,0.55,0.12,0.10,0.00,0.00,0.00,51,39,38.30,38.40,0.67,0.78,4.14,5.85,0.91,20.42,0.81,0.80,6.40,1.79,0.19,0.83,0.21,0.05,0.26
..\data\indiv_files\STAT_C_EN_corrected\4a\506.txt,1,57,10,34,9,102,11,52,10,0.51,0.19,0.18,0.07,0.07,0.19,57,36,35.40,37.40,0.56,0.76,3.99,5.64,0.87,15.96,0.65,0.64,5.79,1.70,0.17,0.53,0.21,0.12,0.33
..\data\indiv_files\STAT_C_EN_corrected\4a\789.txt,1,49,6,32,6,77,8,44,8,0.57,0.18,0.12,0.12,0.12,0.25,49,35,37.10,33.90,0.64,0.70,3.95,5.58,0.90,18.13,0.73,0.88,6.12,1.75,0.16,0.80,0.25,0.11,0.36
..\data\indiv_files\STAT_C_EN_corrected\4a\621.txt,1,26,0,18,0,40,0,26,0,0.65,0.00,0.00,0.00,0.00,0.00,26,26,26,26,0.65,0.65,2.91,4.11,0.88,13.72,0.69,0.86,5.14,1.60,0.23,0.60,0.15,0.12,0.27
..\data\indiv_files\STAT_C_EN_corrected\4a\572.txt,1,52,8,33,8,75,10,40,10,0.53,0.25,0.15,0.11,0.11,0.24,52,39,38.30,39.30,0.69,0.78,4.25,6.00,0.92,22.10,0.82,0.89,7.11,1.89,0.20,0.82,0.20,0.07,0.28