"SubjectCode"	"Gender"	"Track"	"Nationality"	"Group"	"DropOut"	"DropOutBinary"	"SchoolMean"	"SchoolDutch"	"SchoolEnglish"	"CoursesOutsideProgramme"	"Exemption"	"PassedBSA"	"EC_Obtained"	"Weighted_Grade"	"EC_Taken"	"Mean_Grade"	"wordtokens_oct"	"ld_oct"	"ls2_oct"	"ndwesz_oct"	"msttr_oct"	"wordtokens_feb"	"ld_feb"	"ls2_feb"	"ndwesz_feb"	"msttr_feb"	"wordtokens_apr"	"ld_apr"	"ls2_apr"	"ndwesz_apr"	"msttr_apr"	"grade_oct"	"grade_feb"	"grade_apr"
100	"M"	"Dutch"	"German"	"German in Dutch track"	"AfterYear1"	1	NA	NA	NA	0	0	"Yes"	48	372	60	6.2	123	0.51	0.09	17.95	0.87	105	0.55	0.23	16.45	0.81	70	0.5	0.23	16.78	0.82	8	10	10
101	"V"	"Dutch"	"Dutch"	"Dutch in Dutch track"	"AfterYear1"	1	NA	NA	NA	1	0	"No"	41	326	41	7.95121951219512	58	0.62	0.18	17.98	0.97	106	0.53	0.17	17.53	0.87	79	0.52	0.21	18.24	0.9	7	10	10
106	"V"	"Dutch"	"Dutch"	"Dutch in Dutch track"	"No"	0	6.2	7	5	0	0	"Yes"	47	389	59	6.59322033898305	32	0.53	0.26	15.22	0.8	106	0.47	0.16	16.57	0.83	33	0.61	0.1	19.14	0.95	4	3	10
109	"M"	"Dutch"	"Dutch"	"Dutch in Dutch track"	"No"	0	NA	NA	NA	0	0	"Yes"	60	499.5	60	8.325	60	0.53	0.2	16.79	0.75	109	0.5	0.17	15.71	0.79	58	0.53	0.21	17.5	0.8	6	10	10
110	"M"	"Dutch"	"Dutch"	"Dutch in Dutch track"	"AfterYear1"	1	6.5	6	7	1	0	"Yes"	44	388.5	59	6.58474576271186	115	0.59	0.21	18.45	0.92	84	0.57	0.24	16.17	0.82	59	0.51	0.22	17.75	0.88	10	10	10
111	"V"	"Dutch"	"Dutch"	"Dutch in Dutch track"	"No"	0	6.27	6	6	1	0	"Yes"	60	437	60	7.28333333333333	60	0.58	0.25	16.23	0.85	89	0.52	0.17	17.89	0.91	40	0.55	0.3	17.95	0.9	6	10	10
113	"M"	"Dutch"	"Dutch"	"Dutch in Dutch track"	"No"	0	6.09	6	7	0	0	"Yes"	47	404.5	59	6.85593220338983	49	0.51	0.21	16.44	0.82	99	0.49	0.18	17.39	0.82	42	0.57	0.09	17.13	0.88	0	10	6
115	"V"	"Dutch"	"Dutch"	"Dutch in Dutch track"	"No"	0	7.5	8	8	0	0	"Yes"	60	473	60	7.88333333333333	63	0.51	0.32	16.72	0.88	78	0.55	0.09	16.94	0.9	43	0.67	0.17	18.53	0.93	6	10	10
121	"V"	"Dutch"	"Dutch"	"Dutch in Dutch track"	"No"	0	6.58	6	6	0	0	"Yes"	54	390	60	6.5	63	0.41	0.14	17.84	0.85	116	0.42	0.12	15.27	0.79	69	0.45	0.25	17.65	0.88	5	7	10
123	"V"	"Dutch"	"German"	"German in Dutch track"	"No"	0	NA	NA	NA	0	0	"Yes"	54	429.5	60	7.15833333333333	119	0.5	0.15	17.85	0.87	154	0.45	0.16	17.75	0.89	61	0.46	0.1	17.34	0.83	6	10	10
124	"V"	"Dutch"	"German"	"German in Dutch track"	"No"	0	NA	NA	NA	0	0	"Yes"	54	430	60	7.16666666666667	108	0.56	0.18	16.1	0.78	53	0.49	0.04	15.43	0.85	70	0.47	0.15	17.43	0.8	8	10	10
126	"V"	"Dutch"	"Dutch"	"Dutch in Dutch track"	"No"	0	8	8	7	0	0	"Yes"	60	488.5	60	8.14166666666667	94	0.54	0.2	17.59	0.84	167	0.56	0.16	17.28	0.86	102	0.53	0.22	18.27	0.91	6	10	10
130	"M"	"Dutch"	"Dutch"	"Dutch in Dutch track"	"No"	0	6.56	6	7	1	0	"Yes"	48	371.5	60	6.19166666666667	90	0.57	0.16	18.23	0.88	95	0.53	0.22	16.61	0.82	85	0.59	0.15	17.88	0.9	10	10	10
132	"V"	"Dutch"	"Dutch"	"Dutch in Dutch track"	"No"	0	6.4	6	7	1	0	"Yes"	60	414	60	6.9	55	0.62	0.17	16.28	0.88	39	0.56	0.15	17.41	0.85	50	0.54	0.25	19.45	0.97	5	7	6
134	"M"	"Dutch"	"Dutch"	"Dutch in Dutch track"	"No"	0	7.33	7	8	0	0	"Yes"	60	529	60	8.81666666666667	103	0.55	0.17	17.32	0.87	83	0.49	0.12	16.53	0.82	81	0.49	0.18	17.48	0.86	6	10	10
135	"V"	"Dutch"	"Dutch"	"Dutch in Dutch track"	"No"	0	6.09	5	6	0	0	"No"	34	364	60	6.06666666666667	31	0.61	0.36	16.41	0.85	70	0.5	0.11	16.26	0.8	39	0.51	0.25	18.02	0.85	0	10	0
137	"V"	"Dutch"	"Dutch"	"Dutch in Dutch track"	"No"	0	6.09	6	6	1	0	"Yes"	60	468	60	7.8	203	0.56	0.23	18.52	0.91	161	0.51	0.12	16.61	0.82	57	0.51	0.12	18	0.93	10	3	10
138	"V"	"Dutch"	"Dutch"	"Dutch in Dutch track"	"AfterYear1"	1	6.83	6	6	0	0	"Yes"	54	391	60	6.51666666666667	45	0.51	0.26	17.47	0.85	108	0.55	0.11	16.77	0.84	47	0.45	0.28	16.11	0.8	3	10	10
141	"V"	"Dutch"	"Dutch"	"Dutch in Dutch track"	"No"	0	NA	NA	NA	1	0	"Yes"	60	473	60	7.88333333333333	54	0.52	0.17	17.47	0.9	74	0.5	0.2	16.87	0.88	35	0.54	0.14	18.56	0.95	6	10	10
145	"V"	"Dutch"	"Dutch"	"Dutch in Dutch track"	"No"	0	6.33	6	7	0	0	"Yes"	51	373.5	57	6.55263157894737	39	0.54	0.25	15.14	0.75	67	0.52	0.24	17.57	0.9	46	0.63	0.22	17.4	0.9	6	0	10
148	"V"	"Dutch"	"Dutch"	"Dutch in Dutch track"	"AfterYear1"	1	6.45	7	8	0	0	"No"	28	321	60	5.35	83	0.54	0.19	18.24	0.89	86	0.49	0.09	16.39	0.88	54	0.48	0.17	18.31	0.88	6	10	10
150	"V"	"Dutch"	"Dutch"	"Dutch in Dutch track"	"No"	0	6.55	7	7	0	0	"Yes"	60	450.5	60	7.50833333333333	73	0.59	0.2	16.95	0.8	96	0.51	0.14	17.43	0.86	37	0.65	0.21	17.06	0.95	6	10	10
152	"V"	"Dutch"	"Dutch"	"Dutch in Dutch track"	"No"	0	6.36	6	7	0	0	"Yes"	45	376.5	60	6.275	31	0.55	0.3	16.6	0.75	80	0.54	0.15	16.66	0.86	53	0.53	0.07	17.48	0.88	3	0	6
154	"V"	"Dutch"	"Dutch"	"Dutch in Dutch track"	"No"	0	6.45	7	7	0	0	"Yes"	60	446.5	60	7.44166666666667	86	0.53	0.15	18.22	0.94	119	0.53	0.13	17.8	0.91	85	0.49	0.09	17.61	0.85	10	10	10
155	"V"	"Dutch"	"Dutch"	"Dutch in Dutch track"	"No"	0	6.6	6	7	0	0	"Yes"	54	410.5	60	6.84166666666667	22	0.41	0.18	20	1	97	0.44	0.32	17.6	0.89	65	0.48	0.2	18.08	0.95	0	10	10
156	"V"	"Dutch"	"German"	"German in Dutch track"	"No"	0	NA	NA	NA	0	0	"Yes"	54	438	60	7.3	96	0.54	0.22	18.21	0.94	90	0.51	0.17	17	0.86	52	0.52	0.24	17.43	0.95	8	7	10
157	"V"	"Dutch"	"Dutch"	"Dutch in Dutch track"	"No"	0	6.27	7	6	0	0	"Yes"	54	428.5	60	7.14166666666667	68	0.49	0.16	18.53	0.88	64	0.48	0.13	17.36	0.87	25	0.64	0.12	19	0.95	4	7	10
159	"V"	"Dutch"	"German"	"German in Dutch track"	"No"	0	NA	NA	NA	0	0	"Yes"	60	480	60	8	98	0.57	0.18	16.37	0.85	98	0.53	0.25	17.49	0.86	53	0.57	0.19	17.04	0.8	8	10	10
160	"V"	"Dutch"	"Dutch"	"Dutch in Dutch track"	"No"	0	6	6	6	0	0	"Yes"	42	320	42	7.61904761904762	90	0.58	0.23	17.79	0.89	154	0.49	0.11	16.47	0.84	46	0.54	0.21	18.78	0.93	4	10	10
161	"V"	"Dutch"	"German"	"German in Dutch track"	"No"	0	NA	NA	NA	0	0	"Yes"	60	463.5	60	7.725	136	0.54	0.16	18	0.92	134	0.51	0.12	17.38	0.88	42	0.52	0.24	17.48	0.9	10	10	6
163	"V"	"Dutch"	"Dutch"	"Dutch in Dutch track"	"No"	0	7.55	7	8	0	0	"Yes"	60	491.5	60	8.19166666666667	170	0.49	0.25	17.73	0.89	93	0.53	0.17	17.35	0.82	80	0.57	0.2	17.74	0.86	6	10	10
164	"V"	"Dutch"	"Dutch"	"Dutch in Dutch track"	"No"	0	7.5	7	8	0	0	"Yes"	60	451.5	60	7.525	69	0.57	0.17	16.31	0.8	71	0.48	0.24	15.54	0.8	63	0.51	0.14	17.48	0.9	6	10	10
165	"V"	"Dutch"	"Dutch"	"Dutch in Dutch track"	"No"	0	6.58	6	6	0	0	"No"	40	349.5	60	5.825	98	0.46	0.2	16.36	0.81	123	0.51	0.19	16.95	0.83	49	0.51	0.14	17.69	0.82	8	10	10
166	"V"	"Dutch"	"Dutch"	"Dutch in Dutch track"	"No"	0	8.15	7	8	0	0	"Yes"	60	521	60	8.68333333333333	77	0.57	0.16	18.05	0.85	167	0.47	0.12	16.32	0.81	46	0.52	0.14	15.46	0.8	6	10	10
167	"V"	"Dutch"	"German"	"German in Dutch track"	"AfterYear1"	1	NA	NA	NA	0	0	"Yes"	60	501.5	60	8.35833333333333	80	0.62	0.2	17.99	0.88	54	0.48	0.31	17.63	0.9	48	0.54	0.19	18.21	0.9	8	10	10
170	"V"	"Dutch"	"Dutch"	"Dutch in Dutch track"	"No"	0	7.27	7	7	0	0	"Yes"	60	483	60	8.05	52	0.58	0.13	16.57	0.82	119	0.55	0.17	16.33	0.79	56	0.55	0.17	17.76	0.85	2	10	10
173	"V"	"Dutch"	"German"	"German in Dutch track"	"AfterYear1"	1	NA	NA	NA	0	0	"Yes"	51	381.5	54	7.06481481481481	130	0.52	0.21	17.32	0.87	78	0.44	0.17	17.36	0.87	76	0.43	0.2	17.42	0.88	10	10	10
174	"V"	"Dutch"	"Dutch"	"Dutch in Dutch track"	"No"	0	6.56	6	7	0	0	"Yes"	60	465	60	7.75	59	0.49	0.11	16.52	0.88	158	0.49	0.12	17.31	0.86	60	0.5	0.16	18.88	0.93	4	10	10
175	"V"	"Dutch"	"Dutch"	"Dutch in Dutch track"	"No"	0	6.36	6	6	0	0	"No"	40	372.5	60	6.20833333333333	102	0.49	0.18	17.18	0.83	73	0.52	0.21	18.32	0.9	68	0.56	0.18	18.67	0.93	4	0	0
177	"V"	"Dutch"	"Dutch"	"Dutch in Dutch track"	"No"	0	6.36	6	6	0	0	"Yes"	48	380.5	60	6.34166666666667	98	0.48	0.14	18.26	0.9	61	0.51	0.2	17.65	0.85	40	0.68	0.25	18.75	0.9	7	0	6
179	"V"	"Dutch"	"Dutch"	"Dutch in Dutch track"	"No"	0	6.92	7	6	0	0	"Yes"	60	459	60	7.65	81	0.46	0.22	17.29	0.88	88	0.5	0.15	17.37	0.89	47	0.6	0.18	16.61	0.8	10	10	10
182	"V"	"Dutch"	"Dutch"	"Dutch in Dutch track"	"No"	0	6.31	6	6	0	0	"Yes"	60	401	60	6.68333333333333	53	0.43	0.26	18.64	0.9	68	0.51	0.31	16.99	0.82	57	0.51	0.24	15.54	0.82	4	10	10
183	"V"	"Dutch"	"German"	"German in Dutch track"	"No"	0	NA	NA	NA	0	0	"Yes"	60	454.5	60	7.575	48	0.54	0.18	16.75	0.8	70	0.49	0.17	16.35	0.83	80	0.55	0.11	17.12	0.82	6	7	6
185	"M"	"Dutch"	"Dutch"	"Dutch in Dutch track"	"No"	0	6.1	6	6	0	0	"Yes"	60	444	60	7.4	48	0.52	0.18	16.87	0.88	126	0.52	0.12	17.13	0.89	46	0.5	0.18	18.85	0.9	6	10	10
186	"M"	"Dutch"	"Dutch"	"Dutch in Dutch track"	"No"	0	6.25	6	7	0	0	"Yes"	60	418.5	60	6.975	43	0.51	0.19	17.5	0.85	60	0.48	0.16	16.91	0.85	67	0.52	0.23	19	0.93	3	0	10
191	"V"	"Dutch"	"Dutch"	"Dutch in Dutch track"	"No"	0	6.92	6	7	0	0	"Yes"	60	469	60	7.81666666666667	147	0.43	0.14	16.49	0.83	131	0.51	0.1	16.8	0.82	60	0.5	0.2	16.78	0.8	8	10	10
193	"V"	"Dutch"	"Dutch"	"Dutch in Dutch track"	"No"	0	6.27	6	7	0	0	"Yes"	48	388	60	6.46666666666667	32	0.59	0.33	11.93	0.6	55	0.62	0.2	17.22	0.88	43	0.67	0.24	17.66	0.88	5	3	2
194	"V"	"Dutch"	"Dutch"	"Dutch in Dutch track"	"No"	0	6.38	6	6	0	0	"Yes"	60	447	60	7.45	163	0.5	0.14	17.74	0.87	107	0.5	0.1	14.79	0.75	51	0.61	0.26	17.6	0.9	10	10	6
195	"V"	"Dutch"	"Dutch"	"Dutch in Dutch track"	"No"	0	6.5	6	7	0	0	"Yes"	48	380	60	6.33333333333333	39	0.49	0.24	14.51	0.8	106	0.45	0.05	17.27	0.91	62	0.47	0.18	16.82	0.82	0	7	10
196	"V"	"Dutch"	"Dutch"	"Dutch in Dutch track"	"No"	0	6.33	6	7	0	0	"Yes"	60	426.5	60	7.10833333333333	104	0.56	0.11	17.48	0.88	104	0.5	0.25	17.02	0.88	34	0.47	0.28	17.73	0.85	8	10	6
197	"V"	"Dutch"	"German"	"German in Dutch track"	"No"	0	NA	NA	NA	0	0	"Yes"	60	476	60	7.93333333333333	111	0.51	0.19	16.66	0.8	124	0.44	0.31	17.19	0.86	75	0.52	0.22	17.16	0.85	8	10	10
198	"V"	"Dutch"	"Dutch"	"Dutch in Dutch track"	"No"	0	7.27	8	9	0	0	"Yes"	60	409	60	6.81666666666667	70	0.6	0.31	18.33	0.9	80	0.47	0.08	18.44	0.93	53	0.64	0.24	16.69	0.88	2	10	6
199	"V"	"Dutch"	"German"	"German in Dutch track"	"No"	0	NA	NA	NA	0	0	"Yes"	60	426.5	60	7.10833333333333	94	0.6	0.18	18.96	0.97	105	0.5	0.2	15.62	0.75	51	0.61	0.14	18.16	0.88	8	0	10
200	"V"	"Dutch"	"Dutch"	"Dutch in Dutch track"	"No"	0	7.64	7	7	0	0	"Yes"	60	464	60	7.73333333333333	122	0.45	0.17	17.23	0.84	101	0.54	0.18	17.37	0.88	54	0.59	0.17	17.99	0.9	10	10	10
202	"V"	"Dutch"	"Dutch"	"Dutch in Dutch track"	"No"	0	6.58	7	7	0	0	"Yes"	60	437	60	7.28333333333333	41	0.59	0.29	17.73	0.9	117	0.48	0.15	16.89	0.85	48	0.54	0.13	17.35	0.85	5	10	10
206	"V"	"Dutch"	"Dutch"	"Dutch in Dutch track"	"No"	0	7.75	8	9	0	0	"Yes"	60	541	60	9.01666666666667	86	0.55	0.2	17.49	0.86	135	0.53	0.13	16.52	0.84	46	0.59	0.24	17.19	0.9	6	7	10
207	"V"	"Dutch"	"Dutch"	"Dutch in Dutch track"	"No"	0	6.64	6	6	0	0	"Yes"	60	442	60	7.36666666666667	42	0.6	0.26	18.21	0.9	95	0.51	0.25	17.35	0.86	45	0.6	0.27	16.06	0.8	6	10	10
208	"V"	"Dutch"	"Dutch"	"Dutch in Dutch track"	"No"	0	6.9	7	6	0	0	"Yes"	60	467	60	7.78333333333333	62	0.5	0.15	16.57	0.87	64	0.48	0.25	16.18	0.85	48	0.5	0.21	18.15	0.9	6	10	10
209	"V"	"Dutch"	"Dutch"	"Dutch in Dutch track"	"No"	0	6.83	7	7	0	0	"Yes"	60	448.5	60	7.475	102	0.58	0.25	17.64	0.9	116	0.55	0.19	17	0.84	38	0.53	0.31	17.16	0.95	8	10	6
213	"V"	"Dutch"	"Dutch"	"Dutch in Dutch track"	"No"	0	7.09	7	8	0	0	"Yes"	60	469	60	7.81666666666667	52	0.62	0.17	16.12	0.8	92	0.5	0.16	16.04	0.82	60	0.52	0.13	16.29	0.83	6	10	10
214	"V"	"Dutch"	"Dutch"	"Dutch in Dutch track"	"No"	0	6.27	7	7	0	0	"Yes"	60	420	60	7	38	0.47	0.19	17.38	0.75	106	0.49	0.25	17.58	0.88	46	0.57	0.14	18.63	0.93	3	0	10
215	"V"	"Dutch"	"German"	"German in Dutch track"	"No"	0	NA	NA	NA	0	0	"Yes"	45	357	60	5.95	68	0.63	0.22	16.32	0.83	98	0.56	0.22	17.08	0.85	42	0.5	0.16	17.39	0.9	5	0	6
218	"M"	"Dutch"	"Dutch"	"Dutch in Dutch track"	"AfterYear1"	1	6.33	6	7	0	0	"Yes"	53	393.5	59	6.66949152542373	56	0.46	0.27	14.93	0.75	106	0.43	0.09	16.39	0.84	56	0.54	0.18	16.7	0.85	5	10	10
220	"V"	"Dutch"	"Dutch"	"Dutch in Dutch track"	"No"	0	6.73	7	6	0	0	"Yes"	60	452	60	7.53333333333333	82	0.59	0.13	16.13	0.76	90	0.53	0.12	16.24	0.83	49	0.57	0.15	17.2	0.82	7	10	2
221	"M"	"Dutch"	"Dutch"	"Dutch in Dutch track"	"No"	0	6.73	6	7	0	0	"Yes"	60	485.5	60	8.09166666666667	189	0.48	0.2	18.15	0.93	128	0.49	0.14	16.73	0.86	55	0.53	0.17	16.9	0.93	10	10	10
222	"V"	"Dutch"	"Dutch"	"Dutch in Dutch track"	"No"	0	6.64	7	6	0	0	"Yes"	60	418	60	6.96666666666667	128	0.54	0.15	18.15	0.9	111	0.49	0.15	16.61	0.82	59	0.59	0.22	17.27	0.85	10	10	10
224	"V"	"Dutch"	"Dutch"	"Dutch in Dutch track"	"No"	0	6.9	7	7	0	0	"Yes"	60	472	60	7.86666666666667	51	0.65	0.11	17.72	0.93	59	0.61	0.23	17.43	0.82	65	0.54	0.13	18.99	0.95	4	7	10
226	"V"	"Dutch"	"Dutch"	"Dutch in Dutch track"	"No"	0	6.58	6	6	0	0	"Yes"	54	415.5	60	6.925	48	0.56	0.23	16.28	0.78	70	0.54	0.12	16.62	0.8	38	0.53	0.24	18.15	0.8	6	7	2
230	"V"	"Dutch"	"Dutch"	"Dutch in Dutch track"	"No"	0	7.25	7	8	0	0	"Yes"	54	412	60	6.86666666666667	139	0.58	0.19	18.87	0.92	131	0.5	0.23	17.77	0.88	70	0.47	0.18	18.03	0.9	10	10	10
232	"V"	"Dutch"	"Dutch"	"Dutch in Dutch track"	"No"	0	7.1	8	7	0	0	"Yes"	60	463.5	60	7.725	38	0.58	0.25	17.58	0.9	46	0.57	0.31	18	0.85	53	0.51	0.1	18.67	0.88	2	0	10
235	"V"	"Dutch"	"Dutch"	"Dutch in Dutch track"	"AfterYear1"	1	6.9	7	6	0	0	"No"	19	269.5	53	5.08490566037736	38	0.47	0.17	17	0.85	79	0.51	0.25	18.67	0.92	57	0.46	0.31	18.07	0.93	0	7	6
237	"V"	"Dutch"	"Dutch"	"Dutch in Dutch track"	"No"	0	6.92	7	7	0	0	"Yes"	54	435	60	7.25	124	0.54	0.17	18.39	0.91	87	0.51	0.22	16.74	0.84	68	0.57	0.11	17.75	0.88	10	10	10
240	"V"	"Dutch"	"Dutch"	"Dutch in Dutch track"	"No"	0	NA	NA	NA	0	0	"Yes"	60	432.5	60	7.20833333333333	46	0.59	0.28	15.86	0.75	71	0.44	0.1	16.99	0.88	40	0.53	0.2	17.15	0.8	6	10	10
241	"M"	"Dutch"	"Dutch"	"Dutch in Dutch track"	"AfterYear1"	1	NA	NA	NA	0	0	"Yes"	57	431.5	60	7.19166666666667	53	0.49	0.08	18.35	0.9	119	0.53	0.12	15.96	0.77	37	0.54	0.21	16.13	0.9	6	10	10
242	"V"	"Dutch"	"Dutch"	"Dutch in Dutch track"	"No"	0	6.62	6	6	0	0	"Yes"	60	422.5	60	7.04166666666667	39	0.62	0.16	16.9	0.85	45	0.51	0.21	17.51	0.88	48	0.54	0.13	18.62	0.9	5	0	10
243	"M"	"Dutch"	"German"	"German in Dutch track"	"No"	0	NA	NA	NA	0	0	"Yes"	48	364	60	6.06666666666667	28	0.46	0.4	15.44	0.75	83	0.52	0.37	16.8	0.82	98	0.51	0.25	17.18	0.86	0	0	10
246	"V"	"Dutch"	"Dutch"	"Dutch in Dutch track"	"No"	0	6.1	7	7	0	0	"Yes"	60	435	60	7.25	128	0.59	0.16	17.86	0.88	83	0.47	0.09	16.62	0.88	50	0.5	0.15	17.82	0.9	10	3	10
248	"V"	"Dutch"	"German"	"German in Dutch track"	"No"	0	NA	NA	NA	0	0	"Yes"	60	438.5	60	7.30833333333333	84	0.61	0.14	16.28	0.79	128	0.49	0.19	16.67	0.86	94	0.54	0.14	17.87	0.89	6	7	10
249	"V"	"Dutch"	"Dutch"	"Dutch in Dutch track"	"No"	0	6.58	6	7	0	0	"Yes"	53	440	59	7.45762711864407	95	0.56	0.17	17.41	0.85	101	0.5	0.34	17.05	0.87	71	0.66	0.06	18.03	0.93	8	10	10
251	"V"	"Dutch"	"Dutch"	"Dutch in Dutch track"	"No"	0	6.45	7	5	0	0	"Yes"	60	456.5	60	7.60833333333333	53	0.64	0.15	17.38	0.82	103	0.53	0.13	17.07	0.88	37	0.43	0.12	16.4	0.85	5	10	10
252	"V"	"Dutch"	"Dutch"	"Dutch in Dutch track"	"No"	0	NA	NA	NA	0	0	"Yes"	54	386	60	6.43333333333333	106	0.4	0.14	18.37	0.92	98	0.46	0.19	17	0.9	39	0.49	0.15	17.7	0.95	5	3	10
253	"V"	"Dutch"	"Dutch"	"Dutch in Dutch track"	"No"	0	6.64	7	8	0	0	"Yes"	57	448	60	7.46666666666667	71	0.49	0.27	17.82	0.88	68	0.53	0.19	17.84	0.9	55	0.58	0.17	18.37	0.88	8	10	10
254	"M"	"Dutch"	"Dutch"	"Dutch in Dutch track"	"No"	0	6.4	6	7	0	0	"No"	40	374	60	6.23333333333333	68	0.59	0.17	18.82	0.93	111	0.47	0.08	17.45	0.85	48	0.6	0.11	16.74	0.85	0	0	10
256	"V"	"Dutch"	"Dutch"	"Dutch in Dutch track"	"No"	0	7.42	7	6	0	0	"Yes"	60	477	60	7.95	79	0.54	0.17	17.88	0.85	104	0.51	0.14	16.1	0.81	41	0.51	0.15	18.82	0.88	8	10	10
258	"V"	"Dutch"	"Dutch"	"Dutch in Dutch track"	"No"	0	6.58	6	6	0	0	"Yes"	54	396.5	60	6.60833333333333	47	0.57	0.22	15.63	0.82	61	0.48	0.23	16.18	0.83	49	0.49	0.29	16.28	0.77	6	10	6
260	"V"	"Dutch"	"Dutch"	"Dutch in Dutch track"	"No"	0	7	7	8	0	0	"Yes"	54	440.5	60	7.34166666666667	99	0.55	0.24	16.95	0.84	112	0.47	0.2	17.64	0.87	51	0.57	0.32	19.01	0.93	6	0	2
261	"V"	"Dutch"	"Dutch"	"Dutch in Dutch track"	"No"	0	7.18	7	7	0	0	"Yes"	60	462.5	60	7.70833333333333	62	0.5	0.15	16.03	0.82	95	0.48	0.13	16.31	0.85	72	0.54	0.25	18.28	0.9	6	10	10
263	"V"	"Dutch"	"Dutch"	"Dutch in Dutch track"	"No"	0	7.36	7	8	0	0	"Yes"	60	455.5	60	7.59166666666667	62	0.56	0.17	16.83	0.85	115	0.51	0.14	17.45	0.86	62	0.55	0.19	18.71	0.92	6	10	10
264	"V"	"Dutch"	"Dutch"	"Dutch in Dutch track"	"No"	0	7.42	6	7	0	0	"Yes"	60	476	60	7.93333333333333	36	0.53	0.21	18.25	0.95	111	0.52	0.23	16.86	0.84	33	0.42	0.15	17.5	0.9	6	7	10
265	"M"	"Dutch"	"Dutch"	"Dutch in Dutch track"	"No"	0	6.55	5	6	0	0	"Yes"	57	452.5	60	7.54166666666667	115	0.54	0.22	17.46	0.94	116	0.5	0.1	17.35	0.86	66	0.55	0.13	18.01	0.87	8	10	10
266	"V"	"Dutch"	"Dutch"	"Dutch in Dutch track"	"No"	0	6.11	6	5	0	0	"Yes"	60	418	60	6.96666666666667	38	0.66	0.15	16.21	0.85	133	0.51	0.18	16.24	0.82	63	0.54	0.19	18.29	0.83	2	10	10
272	"V"	"Dutch"	"Dutch"	"Dutch in Dutch track"	"No"	0	NA	NA	NA	0	0	"Yes"	54	414.5	60	6.90833333333333	90	0.47	0.12	17.01	0.85	56	0.46	0.2	17.11	0.95	52	0.63	0.24	18.36	0.88	6	0	10
273	"V"	"Dutch"	"Dutch"	"Dutch in Dutch track"	"No"	0	6.67	6	8	0	0	"Yes"	60	430.5	60	7.175	123	0.5	0.15	18.66	0.93	96	0.52	0.12	17.9	0.89	50	0.52	0.25	18.27	0.88	10	10	10
274	"V"	"Dutch"	"German"	"German in Dutch track"	"No"	0	NA	NA	NA	0	0	"Yes"	54	407.5	60	6.79166666666667	105	0.53	0.23	18.29	0.92	72	0.47	0.2	17.82	0.9	55	0.56	0.18	18.14	0.95	10	7	6
275	"V"	"Dutch"	"German"	"German in Dutch track"	"No"	0	NA	NA	NA	0	0	"Yes"	60	460.5	60	7.675	93	0.56	0.19	16.91	0.81	109	0.47	0.14	17.45	0.89	78	0.56	0.19	18.19	0.9	8	7	10
276	"M"	"Dutch"	"German"	"German in Dutch track"	"No"	0	NA	NA	NA	0	0	"Yes"	60	414	60	6.9	85	0.54	0.15	18.36	0.89	87	0.53	0.19	17.32	0.81	43	0.42	0.06	17.28	0.85	8	10	0
277	"V"	"Dutch"	"Dutch"	"Dutch in Dutch track"	"No"	0	6.7	7	6	0	0	"Yes"	60	472.5	60	7.875	59	0.58	0.23	16.29	0.93	100	0.53	0.19	16.36	0.83	57	0.49	0.21	15.09	0.8	6	10	6
278	"M"	"Dutch"	"German"	"German in Dutch track"	"No"	0	NA	NA	NA	0	0	"Yes"	57	391	60	6.51666666666667	57	0.58	0.16	18.07	0.95	119	0.55	0.16	14.87	0.73	50	0.5	0.14	17.06	0.82	6	10	2
279	"V"	"Dutch"	"Dutch"	"Dutch in Dutch track"	"No"	0	7	7	6	0	0	"Yes"	55	399	60	6.65	31	0.68	0.21	14.18	0.7	108	0.54	0.24	17.29	0.87	42	0.57	0.13	16.82	0.85	6	0	10
281	"M"	"Dutch"	"German"	"German in Dutch track"	"No"	0	NA	NA	NA	0	0	"Yes"	57	388.5	60	6.475	75	0.49	0.14	17.62	0.82	72	0.58	0.23	17.05	0.85	54	0.5	0.07	18.02	0.93	6	7	10
282	"V"	"Dutch"	"Dutch"	"Dutch in Dutch track"	"No"	0	6.18	6	7	0	0	"Yes"	54	448	60	7.46666666666667	105	0.59	0.16	17.87	0.92	68	0.47	0.2	16.76	0.85	45	0.51	0.38	16.36	0.88	10	7	10
285	"V"	"Dutch"	"Dutch"	"Dutch in Dutch track"	"No"	0	6.67	6	6	0	0	"Yes"	49	393	60	6.55	57	0.49	0.19	16.79	0.78	71	0.51	0.13	16.57	0.82	40	0.6	0.18	18.69	0.93	6	10	10
287	"M"	"Dutch"	"Dutch"	"Dutch in Dutch track"	"No"	0	6.7	7	8	0	0	"Yes"	54	409.5	60	6.825	31	0.65	0.17	17.71	0.9	73	0.52	0.21	18.77	0.92	20	0.6	0.25	20	1	5	10	2
290	"V"	"Dutch"	"Dutch"	"Dutch in Dutch track"	"No"	0	7.31	7	8	0	0	"Yes"	54	428.5	60	7.14166666666667	59	0.56	0.18	18.13	0.97	110	0.49	0.18	16.15	0.81	50	0.64	0.21	17.75	0.93	6	10	10
291	"V"	"Dutch"	"Dutch"	"Dutch in Dutch track"	"No"	0	6.92	6	7	0	0	"Yes"	60	495	60	8.25	56	0.48	0.14	17.14	0.82	98	0.5	0.08	17.68	0.89	44	0.52	0.11	18.39	0.88	6	10	10
292	"V"	"Dutch"	"Dutch"	"Dutch in Dutch track"	"AfterYear1"	1	7	7	7	0	0	"Yes"	60	450	60	7.5	149	0.5	0.16	17.44	0.88	114	0.54	0.18	16.66	0.85	71	0.51	0.18	17.05	0.85	10	10	0
293	"V"	"Dutch"	"Dutch"	"Dutch in Dutch track"	"No"	0	6.64	7	7	0	0	"Yes"	60	447	60	7.45	63	0.57	0.28	16.93	0.77	109	0.51	0.23	17.61	0.89	71	0.56	0.12	17.14	0.82	6	10	10
295	"M"	"Dutch"	"Dutch"	"Dutch in Dutch track"	"No"	0	6.18	6	6	0	0	"Yes"	44	396	59	6.71186440677966	59	0.59	0.16	16.32	0.85	113	0.44	0.28	17.6	0.91	60	0.5	0.16	17.45	0.9	6	10	10
297	"V"	"Dutch"	"Dutch"	"Dutch in Dutch track"	"No"	0	6.94	7	7	0	0	"Yes"	60	428	60	7.13333333333333	53	0.62	0.21	17.87	0.9	91	0.51	0.22	17.06	0.85	52	0.58	0.17	17.66	0.93	6	0	10
299	"V"	"Dutch"	"Dutch"	"Dutch in Dutch track"	"No"	0	7.73	8	8	0	0	"Yes"	60	505	60	8.41666666666667	135	0.48	0.15	16.93	0.81	151	0.52	0.18	17.51	0.89	80	0.59	0.16	18.56	0.95	6	10	10
300	"V"	"Dutch"	"Dutch"	"Dutch in Dutch track"	"No"	0	6.78	7	7	0	0	"Yes"	60	435	60	7.25	161	0.55	0.13	17.94	0.89	110	0.55	0.16	16.52	0.85	44	0.61	0.13	17.6	0.88	5	10	10
301	"V"	"Dutch"	"Dutch"	"Dutch in Dutch track"	"No"	0	6.91	7	6	0	0	"Yes"	60	470	60	7.83333333333333	55	0.53	0.35	17.15	0.88	141	0.52	0.19	17.35	0.88	60	0.53	0.15	17.15	0.88	7	10	10
303	"V"	"Dutch"	"Dutch"	"Dutch in Dutch track"	"No"	0	7.42	7	8	0	0	"Yes"	54	417.5	60	6.95833333333333	45	0.49	0.16	16.28	0.9	74	0.5	0.1	16.45	0.83	47	0.47	0.19	18.11	0.9	6	0	10
305	"V"	"Dutch"	"Dutch"	"Dutch in Dutch track"	"No"	0	6.91	7	8	0	0	"Yes"	54	424	60	7.06666666666667	35	0.54	0.24	18	0.95	110	0.54	0.15	17.42	0.9	70	0.59	0.13	17.83	0.95	2	10	10
306	"V"	"Dutch"	"Dutch"	"Dutch in Dutch track"	"No"	0	7.92	7	7	0	0	"Yes"	60	528.5	60	8.80833333333333	110	0.43	0.16	17.06	0.87	128	0.55	0.19	17.67	0.88	80	0.55	0.12	16.84	0.89	10	10	10
308	"M"	"Dutch"	"Dutch"	"Dutch in Dutch track"	"No"	0	NA	NA	NA	0	0	"Yes"	60	434	60	7.23333333333333	82	0.62	0.11	18.11	0.9	67	0.52	0.16	17.85	0.9	42	0.5	0.19	16.35	0.82	4	0	10
309	"M"	"Dutch"	"Dutch"	"Dutch in Dutch track"	"No"	0	6.2	5	6	0	0	"Yes"	42	386	60	6.43333333333333	31	0.48	0.26	17.33	0.95	51	0.45	0.28	17.31	0.82	34	0.44	0.27	18.93	0.95	4	0	6
310	"V"	"Dutch"	"Dutch"	"Dutch in Dutch track"	"No"	0	7.23	7	8	0	0	"Yes"	60	483	60	8.05	49	0.59	0.26	16.12	0.77	108	0.5	0.24	15.58	0.79	57	0.51	0.16	17.64	0.85	6	7	10
314	"V"	"Dutch"	"Dutch"	"Dutch in Dutch track"	"No"	0	6.27	7	6	0	0	"Yes"	60	439.5	60	7.325	43	0.63	0.24	16.44	0.85	155	0.55	0.14	17.59	0.89	43	0.49	0.32	17.41	0.8	6	10	10
315	"V"	"Dutch"	"Dutch"	"Dutch in Dutch track"	"AfterYear1"	1	7.75	7	8	0	0	"Yes"	60	494.5	60	8.24166666666667	151	0.57	0.19	18.12	0.88	119	0.5	0.19	16.31	0.84	108	0.55	0.18	18.3	0.88	10	10	10
316	"M"	"Dutch"	"German"	"German in Dutch track"	"AfterYear1"	1	NA	NA	NA	0	0	"Yes"	60	433	60	7.21666666666667	27	0.63	0.29	17.75	0.95	70	0.51	0.17	17.46	0.87	69	0.51	0.2	18.6	0.9	0	10	2
317	"V"	"Dutch"	"Dutch"	"Dutch in Dutch track"	"No"	0	7.36	8	8	0	0	"Yes"	60	486	60	8.1	130	0.53	0.21	17.35	0.85	94	0.53	0.25	18.34	0.91	40	0.4	0.33	15.66	0.77	10	10	10
318	"V"	"Dutch"	"Dutch"	"Dutch in Dutch track"	"AfterYear1"	1	6.75	7	6	0	0	"Yes"	60	443.5	60	7.39166666666667	43	0.51	0.21	15.39	0.82	70	0.54	0.11	17.04	0.78	33	0.52	0.2	19.37	0.95	5	10	10
321	"M"	"Dutch"	"Dutch"	"Dutch in Dutch track"	"No"	0	7.85	7	8	0	0	"Yes"	44	387.5	59	6.56779661016949	43	0.53	0.23	17.32	0.82	60	0.55	0.17	15.38	0.8	56	0.52	0.15	18.67	0.9	6	10	10
322	"V"	"Dutch"	"Dutch"	"Dutch in Dutch track"	"No"	0	NA	NA	NA	0	0	"Yes"	60	462	60	7.7	36	0.56	0.24	17.47	0.8	107	0.6	0.21	16.49	0.82	23	0.61	0.12	15	0.8	4	10	10
324	"V"	"Dutch"	"Dutch"	"Dutch in Dutch track"	"AfterYear1"	1	6.42	6	7	0	0	"Yes"	60	456.5	60	7.60833333333333	20	0.65	0.11	18	0.9	86	0.52	0.09	16.2	0.81	42	0.6	0.22	17.4	0.8	6	10	6
326	"V"	"Dutch"	"Dutch"	"Dutch in Dutch track"	"No"	0	7.69	8	8	0	0	"Yes"	60	426.5	60	7.10833333333333	54	0.52	0.17	17.52	0.82	142	0.49	0.16	16.63	0.84	53	0.57	0.07	18.69	0.93	6	10	10
327	"V"	"Dutch"	"Dutch"	"Dutch in Dutch track"	"No"	0	6.82	7	8	0	0	"Yes"	60	487.5	60	8.125	129	0.45	0.17	17.25	0.87	120	0.52	0.14	17.11	0.87	62	0.6	0.19	18.31	0.9	10	10	2
330	"V"	"Dutch"	"Dutch"	"Dutch in Dutch track"	"No"	0	6.18	6	6	0	0	"Yes"	60	425	60	7.08333333333333	29	0.52	0.25	13.18	0.65	85	0.4	0.24	15.76	0.76	51	0.59	0.14	17.99	0.88	6	0	10
332	"V"	"Dutch"	"Dutch"	"Dutch in Dutch track"	"No"	0	7	7	7	0	0	"Yes"	54	449.5	60	7.49166666666667	139	0.58	0.22	18.38	0.92	124	0.47	0.12	17.27	0.87	64	0.55	0.19	17.16	0.88	10	10	10
336	"V"	"Dutch"	"Dutch"	"Dutch in Dutch track"	"AfterYear1"	1	6.38	6	7	0	0	"No"	20	250	47	5.31914893617021	50	0.5	0.31	17.51	0.9	89	0.54	0.17	18.25	0.92	31	0.61	0.27	18.41	0.95	6	0	2
337	"V"	"Dutch"	"Dutch"	"Dutch in Dutch track"	"No"	0	6.55	6	6	0	0	"Yes"	54	423.5	60	7.05833333333333	141	0.49	0.18	17.91	0.89	119	0.5	0.18	17.13	0.85	61	0.51	0.29	17.91	0.9	8	10	2
339	"V"	"Dutch"	"Dutch"	"Dutch in Dutch track"	"No"	0	6.67	6	6	0	0	"Yes"	42	353.5	59	5.99152542372881	115	0.54	0.15	18.99	0.95	123	0.52	0.15	16.78	0.83	51	0.53	0.1	18.83	0.95	0	3	10
340	"M"	"Dutch"	"Dutch"	"Dutch in Dutch track"	"AfterYear1"	1	7	7	9	0	0	"Yes"	47	370	59	6.27118644067797	56	0.46	0.14	18.23	0.93	83	0.52	0.12	15.2	0.8	46	0.43	0.14	17.48	0.9	3	7	10
342	"V"	"Dutch"	"Dutch"	"Dutch in Dutch track"	"No"	0	6.5	6	8	0	0	"Yes"	60	435	60	7.25	58	0.57	0.17	18.55	0.95	91	0.46	0.15	17.74	0.89	52	0.6	0.12	18.07	0.9	6	0	10
344	"V"	"Dutch"	"Dutch"	"Dutch in Dutch track"	"No"	0	6.83	6	7	0	0	"Yes"	60	442	60	7.36666666666667	95	0.46	0.22	17.15	0.8	68	0.5	0.28	17.79	0.88	45	0.47	0.29	17.06	0.85	6	10	10
346	"V"	"Dutch"	"Dutch"	"Dutch in Dutch track"	"No"	0	NA	NA	NA	0	0	"Yes"	60	417	60	6.95	120	0.5	0.17	18.22	0.91	88	0.55	0.07	15.41	0.76	73	0.48	0.23	17.04	0.82	2	10	2
506	"V"	"English"	"German"	"German in English track"	"No"	0	NA	NA	NA	0	0	"Yes"	60	483.5	60	8.05833333333333	77	0.51	0.18	16.18	0.78	107	0.5	0.13	18.36	0.92	102	0.44	0.18	17.78	0.9	6	10	10
507	"M"	"English"	"Dutch"	"Dutch in English track"	"No"	0	NA	NA	NA	1	0	"No"	22	232	37	6.27027027027027	53	0.49	0.09	16.84	0.85	74	0.5	0.07	16.12	0.77	77	0.4	0.07	16.16	0.88	4	3	10
511	"V"	"English"	"German"	"German in English track"	"No"	0	NA	NA	NA	0	0	"Yes"	45	366.5	60	6.10833333333333	64	0.56	0.19	18.44	0.93	103	0.5	0.18	16.75	0.79	50	0.54	0.05	18.29	0.9	2	0	10
512	"M"	"English"	"German"	"German in English track"	"No"	0	NA	NA	NA	0	0	"Yes"	60	427.5	60	7.125	191	0.48	0.15	17.91	0.89	130	0.45	0.17	18.21	0.92	43	0.47	0.07	16.25	0.8	10	10	10
515	"M"	"English"	"German"	"German in English track"	"No"	0	NA	NA	NA	0	0	"Yes"	60	447.5	60	7.45833333333333	61	0.59	0.23	17.33	0.87	83	0.52	0.15	15.48	0.79	48	0.52	0.03	18.83	0.9	5	0	10
519	"M"	"English"	"German"	"German in English track"	"No"	0	NA	NA	NA	0	0	"Yes"	45	406.5	60	6.775	124	0.54	0.1	17.57	0.85	120	0.45	0.09	15.71	0.8	60	0.43	0.2	16.45	0.8	8	0	10
521	"M"	"English"	"German"	"German in English track"	"No"	0	NA	NA	NA	0	0	"Yes"	60	445	60	7.41666666666667	114	0.55	0.24	17.35	0.85	136	0.49	0.17	17.6	0.83	63	0.54	0.19	18.22	0.97	6	0	10
523	"M"	"English"	"Dutch"	"Dutch in English track"	"No"	0	6.8	7	8	1	0	"Yes"	60	434.5	60	7.24166666666667	89	0.61	0.21	18.05	0.89	61	0.54	0.13	16.92	0.87	36	0.53	0.07	18	0.95	6	10	10
527	"V"	"English"	"German"	"German in English track"	"No"	0	NA	NA	NA	0	0	"Yes"	60	428	60	7.13333333333333	125	0.5	0.1	17.32	0.85	37	0.41	0.07	17.45	0.85	37	0.54	0.07	16.82	0.8	7	10	10
531	"V"	"English"	"German"	"German in English track"	"No"	0	NA	NA	NA	0	0	"Yes"	48	387.5	60	6.45833333333333	222	0.52	0.13	18.4	0.93	95	0.45	0.05	16.7	0.83	50	0.54	0.11	16.81	0.82	10	3	2
534	"V"	"English"	"German"	"German in English track"	"No"	0	NA	NA	NA	0	0	"Yes"	60	444	60	7.4	143	0.5	0.15	16.99	0.85	158	0.5	0.17	17.48	0.85	92	0.52	0.09	16.82	0.85	10	10	10
535	"V"	"English"	"German"	"German in English track"	"No"	0	NA	NA	NA	0	0	"Yes"	60	464	60	7.73333333333333	204	0.51	0.11	17.32	0.86	117	0.65	0.11	17.17	0.87	80	0.49	0.07	18.28	0.91	10	10	10
536	"V"	"English"	"German"	"German in English track"	"No"	0	NA	NA	NA	0	0	"Yes"	60	455.5	60	7.59166666666667	283	0.49	0.14	17.53	0.89	94	0.44	0.1	16.56	0.81	108	0.51	0.15	18.47	0.94	10	7	10
539	"V"	"English"	"German"	"German in English track"	"No"	0	NA	NA	NA	0	0	"Yes"	60	447.5	60	7.45833333333333	128	0.53	0.1	18.53	0.91	52	0.46	0.03	16.64	0.85	65	0.42	0.15	17.13	0.87	10	10	6
544	"V"	"English"	"German"	"German in English track"	"No"	0	NA	NA	NA	0	0	"Yes"	60	480	60	8	201	0.48	0.19	17.99	0.9	92	0.48	0.04	16.56	0.82	66	0.47	0.11	17.33	0.83	10	10	10
546	"V"	"English"	"Dutch"	"Dutch in English track"	"No"	0	6.85	7	8	0	0	"Yes"	53	386.5	59	6.55084745762712	83	0.51	0.1	16.75	0.9	49	0.51	0.08	18.54	0.88	43	0.53	0.14	15.59	0.85	10	7	10
548	"V"	"English"	"German"	"German in English track"	"No"	0	NA	NA	NA	0	0	"Yes"	54	459.5	60	7.65833333333333	149	0.48	0.22	17.84	0.91	69	0.41	0.09	15.71	0.82	89	0.51	0.13	17.24	0.85	10	7	10
552	"M"	"English"	"German"	"German in English track"	"AfterYear1"	1	NA	NA	NA	0	0	"Yes"	59	418	59	7.08474576271186	112	0.54	0.13	18.18	0.92	86	0.47	0.1	16.26	0.86	49	0.51	0.15	16.87	0.85	6	0	2
556	"V"	"English"	"German"	"German in English track"	"AfterYear1"	1	NA	NA	NA	0	0	"No"	39	348	60	5.8	45	0.53	0.22	18.71	0.93	67	0.45	0.16	16.2	0.82	75	0.48	0.05	16.29	0.77	6	7	10
558	"V"	"English"	"German"	"German in English track"	"AfterYear1"	1	NA	NA	NA	0	0	"Yes"	60	434	60	7.23333333333333	192	0.47	0.12	17.68	0.88	111	0.44	0.13	17.45	0.82	68	0.5	0.12	17.77	0.9	10	7	10
559	"V"	"English"	"German"	"German in English track"	"No"	0	NA	NA	NA	0	0	"Yes"	60	469.5	60	7.825	138	0.42	0.16	17.39	0.85	126	0.52	0.11	17.77	0.88	61	0.52	0.11	18.59	0.92	10	10	10
563	"V"	"English"	"German"	"German in English track"	"No"	0	NA	NA	NA	0	0	"Yes"	54	384.5	60	6.40833333333333	58	0.5	0.12	16.35	0.88	87	0.45	0.1	17.13	0.86	74	0.53	0.1	15.27	0.75	6	10	10
566	"V"	"English"	"German"	"German in English track"	"No"	0	NA	NA	NA	0	0	"Yes"	42	383.5	60	6.39166666666667	87	0.56	0.14	17.23	0.83	151	0.5	0.1	16.58	0.84	44	0.45	0	19.19	0.9	4	10	6
572	"V"	"English"	"Dutch"	"Dutch in English track"	"No"	0	7.45	7	8	0	0	"Yes"	60	486.5	60	8.10833333333333	78	0.47	0.1	18.57	0.88	112	0.49	0.07	16	0.77	75	0.51	0.15	18.09	0.87	6	10	10
573	"V"	"English"	"Dutch"	"Dutch in English track"	"No"	0	6.25	6	7	0	0	"Yes"	60	425.5	60	7.09166666666667	92	0.52	0.15	17.25	0.88	63	0.49	0.12	17.34	0.88	63	0.46	0.02	17.39	0.85	7	0	6
575	"V"	"English"	"German"	"German in English track"	"AfterYear1"	1	NA	NA	NA	0	0	"Yes"	54	392.5	60	6.54166666666667	40	0.42	0.24	15.99	0.85	94	0.46	0.12	16.72	0.85	46	0.48	0.09	15.68	0.82	2	10	6
576	"V"	"English"	"Dutch"	"Dutch in English track"	"No"	0	7.17	7	6	0	0	"Yes"	54	386.5	60	6.44166666666667	72	0.49	0.1	16.97	0.85	107	0.48	0.07	17.24	0.88	66	0.58	0.18	17.15	0.88	5	10	2
577	"V"	"English"	"German"	"German in English track"	"No"	0	NA	NA	NA	0	0	"Yes"	57	445	60	7.41666666666667	63	0.51	0.16	18.2	0.92	92	0.45	0.15	16.28	0.84	74	0.53	0.08	17.97	0.88	6	3	10
581	"V"	"English"	"Dutch"	"Dutch in English track"	"No"	0	6.83	6	7	0	0	"Yes"	60	461.5	60	7.69166666666667	54	0.52	0.22	16.58	0.88	75	0.51	0.05	17.93	0.88	59	0.53	0.12	18.47	0.93	6	10	10
582	"V"	"English"	"German"	"German in English track"	"No"	0	NA	NA	NA	0	0	"Yes"	52	392	60	6.53333333333333	94	0.48	0.2	16.32	0.77	57	0.56	0.11	15.53	0.82	79	0.53	0.15	15.7	0.73	6	10	10
586	"V"	"English"	"German"	"German in English track"	"No"	0	NA	NA	NA	0	0	"Yes"	60	451.5	60	7.525	189	0.56	0.24	17.82	0.89	132	0.48	0.08	15.71	0.8	69	0.58	0.18	17.55	0.83	10	10	10
587	"V"	"English"	"German"	"German in English track"	"No"	0	NA	NA	NA	0	0	"Yes"	60	421.5	60	7.025	216	0.48	0.2	18.11	0.91	132	0.45	0.17	15.55	0.79	75	0.45	0.08	17.34	0.85	10	10	10
589	"V"	"English"	"German"	"German in English track"	"No"	0	NA	NA	NA	0	0	"Yes"	60	446.5	60	7.44166666666667	106	0.42	0.14	17.51	0.89	100	0.44	0.04	15.67	0.75	85	0.54	0.05	17.32	0.88	6	10	10
590	"V"	"English"	"German"	"German in English track"	"No"	0	NA	NA	NA	0	0	"Yes"	54	407.5	60	6.79166666666667	112	0.51	0.14	17.4	0.86	84	0.51	0.06	17.79	0.89	29	0.62	0.19	19.2	1	8	10	6
591	"V"	"English"	"German"	"German in English track"	"No"	0	NA	NA	NA	0	0	"Yes"	60	456	60	7.6	131	0.49	0.18	18.27	0.85	76	0.5	0.12	16.96	0.77	81	0.53	0.12	18.87	0.94	5	10	10
593	"V"	"English"	"German"	"German in English track"	"No"	0	NA	NA	NA	0	0	"Yes"	51	404	60	6.73333333333333	134	0.51	0.18	17.24	0.88	113	0.5	0.09	16.58	0.82	61	0.48	0.09	17.15	0.88	10	10	10
594	"V"	"English"	"German"	"German in English track"	"No"	0	NA	NA	NA	0	0	"Yes"	60	478	60	7.96666666666667	94	0.49	0.14	17.22	0.85	129	0.45	0.08	17	0.86	93	0.48	0.11	18.08	0.9	6	10	10
596	"M"	"English"	"German"	"German in English track"	"No"	0	NA	NA	NA	0	0	"Yes"	60	464.5	60	7.74166666666667	102	0.52	0.17	18.37	0.91	108	0.45	0.07	17.05	0.85	79	0.54	0.15	18.25	0.87	6	10	10
605	"V"	"English"	"German"	"German in English track"	"No"	0	NA	NA	NA	0	0	"Yes"	60	470.5	60	7.84166666666667	96	0.54	0.17	16.73	0.83	102	0.48	0.09	16.31	0.82	66	0.44	0.14	17.71	0.87	8	10	10
606	"M"	"English"	"German"	"German in English track"	"AfterYear1"	1	NA	NA	NA	0	0	"Yes"	54	396	60	6.6	85	0.53	0.18	17.11	0.88	70	0.46	0.14	17.2	0.92	29	0.55	0.08	18.5	0.95	6	0	6
609	"V"	"English"	"German"	"German in English track"	"No"	0	NA	NA	NA	0	0	"Yes"	52	411.5	60	6.85833333333333	124	0.49	0.14	17.64	0.85	103	0.45	0.11	17.31	0.86	67	0.51	0.1	16.56	0.8	8	0	10
610	"V"	"English"	"German"	"German in English track"	"No"	0	NA	NA	NA	0	0	"Yes"	60	495.5	60	8.25833333333333	127	0.5	0.18	17.1	0.85	134	0.43	0.1	15.94	0.77	57	0.51	0.1	18.9	0.97	10	10	10
611	"M"	"English"	"Dutch"	"Dutch in English track"	"No"	0	7.5	7	9	0	0	"Yes"	60	516	60	8.6	135	0.5	0.31	18.44	0.93	144	0.52	0.06	16.53	0.84	44	0.59	0.12	18.8	0.9	10	3	10
613	"V"	"English"	"German"	"German in English track"	"AfterYear1"	1	NA	NA	NA	0	0	"Yes"	60	471.5	60	7.85833333333333	248	0.51	0.23	17.66	0.88	148	0.49	0.08	17.24	0.86	68	0.5	0.08	18.54	0.9	10	10	10
614	"V"	"English"	"German"	"German in English track"	"AfterYear1"	1	NA	NA	NA	0	0	"Yes"	60	445	60	7.41666666666667	120	0.47	0.2	18	0.92	99	0.49	0.11	17.79	0.88	62	0.47	0.07	17.21	0.85	8	10	10
616	"V"	"English"	"German"	"German in English track"	"No"	0	NA	NA	NA	0	0	"Yes"	57	417.5	60	6.95833333333333	98	0.47	0.15	16.72	0.8	179	0.49	0.06	15.9	0.79	60	0.58	0.12	18.64	0.93	6	10	10
617	"V"	"English"	"German"	"German in English track"	"No"	0	NA	NA	NA	0	0	"Yes"	60	497	60	8.28333333333333	202	0.49	0.19	18.12	0.89	89	0.56	0.14	17.38	0.88	80	0.49	0.1	17	0.86	10	7	10
618	"M"	"English"	"German"	"German in English track"	"AfterYear1"	1	NA	NA	NA	0	0	"Yes"	60	423.5	60	7.05833333333333	190	0.51	0.17	17.73	0.87	94	0.47	0.13	17.56	0.86	59	0.46	0.16	18.02	0.82	10	10	10
621	"M"	"English"	"German"	"German in English track"	"No"	0	NA	NA	NA	0	0	"Yes"	54	488.5	60	8.14166666666667	136	0.54	0.16	17.88	0.88	80	0.5	0.04	17.04	0.89	40	0.65	0	17.57	0.85	10	10	6
624	"M"	"English"	"German"	"German in English track"	"No"	0	NA	NA	NA	0	0	"Yes"	60	404.5	60	6.74166666666667	81	0.49	0.12	17.61	0.85	85	0.49	0.08	18.26	0.9	44	0.41	0.12	18.33	0.95	6	10	10
625	"V"	"English"	"German"	"German in English track"	"No"	0	NA	NA	NA	0	0	"Yes"	60	524	60	8.73333333333333	263	0.44	0.18	17.92	0.88	70	0.46	0.08	17.24	0.87	83	0.53	0.13	17.96	0.88	10	10	6
632	"V"	"English"	"German"	"German in English track"	"No"	0	NA	NA	NA	0	0	"Yes"	47	384	59	6.50847457627119	176	0.49	0.15	16.78	0.84	90	0.46	0.07	17.07	0.88	121	0.49	0.09	17.93	0.88	7	10	10
633	"V"	"English"	"German"	"German in English track"	"No"	0	NA	NA	NA	0	0	"Yes"	60	489	60	8.15	203	0.5	0.11	17.86	0.9	124	0.5	0.13	16.32	0.88	63	0.6	0.15	16.89	0.83	10	10	10
634	"V"	"English"	"German"	"German in English track"	"No"	0	NA	NA	NA	0	0	"Yes"	60	457	60	7.61666666666667	169	0.53	0.23	18.56	0.94	100	0.52	0.04	16.19	0.82	89	0.46	0.14	17.48	0.86	10	10	6
636	"M"	"English"	"German"	"German in English track"	"No"	0	NA	NA	NA	0	0	"Yes"	43	367	60	6.11666666666667	187	0.56	0.23	18.26	0.92	77	0.52	0.04	17.67	0.85	24	0.54	0	14.6	0.7	10	3	6
637	"V"	"English"	"German"	"German in English track"	"No"	0	NA	NA	NA	0	0	"Yes"	44	401	59	6.79661016949153	98	0.57	0.2	18.39	0.88	71	0.42	0.03	15.92	0.73	54	0.43	0.09	17.14	0.88	9	10	10
643	"V"	"English"	"German"	"German in English track"	"No"	0	NA	NA	NA	0	0	"Yes"	51	409	60	6.81666666666667	99	0.54	0.11	17.66	0.86	110	0.46	0.11	15.5	0.8	24	0.62	0.18	19.41	0.95	6	3	6
644	"V"	"English"	"Dutch"	"Dutch in English track"	"No"	0	7.58	7	9	0	0	"Yes"	60	446	60	7.43333333333333	63	0.52	0.17	16.35	0.85	85	0.52	0.1	17.5	0.87	63	0.44	0.05	17.38	0.87	6	10	10
646	"V"	"English"	"German"	"German in English track"	"No"	0	NA	NA	NA	0	0	"Yes"	60	431.5	60	7.19166666666667	207	0.46	0.15	17.79	0.9	107	0.5	0.14	16.64	0.86	80	0.46	0.13	17.44	0.88	10	10	10
647	"M"	"English"	"Dutch"	"Dutch in English track"	"No"	0	6.83	6	8	0	0	"Yes"	60	476.5	60	7.94166666666667	197	0.51	0.21	17.64	0.89	131	0.44	0.15	16.17	0.81	62	0.56	0.19	17.17	0.83	10	10	10
651	"M"	"English"	"German"	"German in English track"	"No"	0	NA	NA	NA	0	0	"Yes"	60	482.5	60	8.04166666666667	156	0.52	0.15	17.58	0.89	121	0.61	0.23	18.39	0.91	56	0.52	0.13	16.51	0.77	10	0	10
652	"M"	"English"	"German"	"German in English track"	"No"	0	NA	NA	NA	0	0	"Yes"	60	424.5	60	7.075	163	0.48	0.12	18.02	0.89	121	0.54	0.14	17.17	0.86	56	0.45	0.22	16.62	0.88	10	10	0
653	"V"	"English"	"German"	"German in English track"	"No"	0	NA	NA	NA	0	0	"Yes"	57	433.5	60	7.225	226	0.5	0.17	17.57	0.87	78	0.44	0.07	15.88	0.8	49	0.47	0.11	18.22	0.9	10	10	10
656	"V"	"English"	"German"	"German in English track"	"AfterYear1"	1	NA	NA	NA	0	0	"No"	38	349	53	6.58490566037736	244	0.49	0.19	16.87	0.85	138	0.46	0.16	15.76	0.77	27	0.41	0.16	15.75	0.75	10	3	2
659	"V"	"English"	"German"	"German in English track"	"No"	0	NA	NA	NA	0	0	"Yes"	60	454.5	60	7.575	215	0.5	0.17	18.32	0.93	149	0.5	0.16	17.47	0.89	82	0.55	0.15	17.45	0.89	10	10	10
660	"V"	"English"	"German"	"German in English track"	"No"	0	NA	NA	NA	0	0	"Yes"	60	495	60	8.25	103	0.51	0.12	17.85	0.9	72	0.49	0.1	17.19	0.83	88	0.48	0.12	16.19	0.81	8	10	10
662	"M"	"English"	"Dutch"	"Dutch in English track"	"No"	0	6.56	6	7	0	0	"Yes"	48	368.5	60	6.14166666666667	77	0.55	0.22	18.67	0.95	43	0.53	0.37	17.51	0.88	24	0.46	0.23	18	0.9	6	0	0
663	"M"	"English"	"German"	"German in English track"	"No"	0	NA	NA	NA	0	0	"Yes"	60	453.5	60	7.55833333333333	107	0.48	0.17	16.83	0.84	155	0.44	0.1	15.96	0.8	76	0.51	0.1	18.44	0.88	6	10	6
664	"V"	"English"	"German"	"German in English track"	"No"	0	NA	NA	NA	0	0	"Yes"	60	496	60	8.26666666666667	196	0.52	0.14	17.13	0.82	138	0.46	0.05	16.31	0.81	36	0.5	0.13	18.06	0.85	10	0	10
665	"V"	"English"	"German"	"German in English track"	"No"	0	NA	NA	NA	0	0	"Yes"	60	438.5	60	7.30833333333333	175	0.47	0.14	17.01	0.86	122	0.46	0.08	16.78	0.83	59	0.47	0.16	17.31	0.85	10	7	10
671	"V"	"English"	"German"	"German in English track"	"No"	0	NA	NA	NA	0	0	"Yes"	60	483.5	60	8.05833333333333	69	0.49	0.1	16.07	0.82	90	0.47	0.12	16.25	0.84	36	0.61	0.07	17.72	0.8	6	0	0
675	"V"	"English"	"German"	"German in English track"	"No"	0	NA	NA	NA	0	0	"Yes"	54	408.5	60	6.80833333333333	209	0.48	0.13	16.91	0.84	88	0.43	0.07	17.55	0.89	91	0.49	0.13	17.33	0.86	10	3	10
678	"V"	"English"	"German"	"German in English track"	"No"	0	NA	NA	NA	0	0	"Yes"	60	450	60	7.5	191	0.46	0.12	17.61	0.87	143	0.42	0.05	16.66	0.84	77	0.48	0.16	17.53	0.85	10	10	10
680	"V"	"English"	"German"	"German in English track"	"No"	0	NA	NA	NA	0	0	"Yes"	60	446	60	7.43333333333333	75	0.48	0.17	17.98	0.93	107	0.44	0.14	16.59	0.84	21	0.52	0.18	16.5	0.8	6	0	2
693	"V"	"English"	"German"	"German in English track"	"No"	0	NA	NA	NA	0	0	"Yes"	60	434.5	60	7.24166666666667	206	0.52	0.2	18.06	0.89	109	0.46	0.05	16.94	0.84	67	0.52	0.09	17.97	0.88	10	10	2
696	"V"	"English"	"Dutch"	"Dutch in English track"	"No"	0	NA	NA	NA	0	0	"Yes"	60	455.5	60	7.59166666666667	108	0.52	0.18	16.25	0.81	108	0.51	0.07	16.43	0.85	71	0.45	0.04	17.53	0.87	5	10	6
697	"V"	"English"	"German"	"German in English track"	"No"	0	NA	NA	NA	0	0	"Yes"	60	436	60	7.26666666666667	197	0.55	0.16	17.54	0.88	115	0.49	0.16	16.12	0.82	63	0.51	0.05	17.25	0.88	10	10	10
698	"V"	"English"	"German"	"German in English track"	"No"	0	NA	NA	NA	0	0	"Yes"	60	473.5	60	7.89166666666667	142	0.51	0.18	17.71	0.89	80	0.54	0.15	17.45	0.85	75	0.52	0.09	16.78	0.82	10	10	10
699	"M"	"English"	"German"	"German in English track"	"No"	0	NA	NA	NA	0	0	"Yes"	54	401	60	6.68333333333333	81	0.54	0.16	18.2	0.91	84	0.55	0.08	17.6	0.91	59	0.54	0.12	17.69	0.82	6	10	10
700	"V"	"English"	"German"	"German in English track"	"No"	0	NA	NA	NA	0	0	"Yes"	44	356.5	60	5.94166666666667	246	0.57	0.16	18.07	0.9	78	0.49	0.12	17.67	0.85	35	0.66	0.31	18.51	1	4	7	4
702	"V"	"English"	"German"	"German in English track"	"No"	0	NA	NA	NA	0	0	"Yes"	60	419.5	60	6.99166666666667	208	0.48	0.13	17.67	0.86	102	0.5	0.07	17.06	0.85	38	0.47	0.07	16.43	0.9	10	0	10
703	"V"	"English"	"Dutch"	"Dutch in English track"	"No"	0	6.64	7	7	0	0	"Yes"	60	435.5	60	7.25833333333333	91	0.52	0.13	17.64	0.82	125	0.48	0.05	17.21	0.91	67	0.48	0.07	16.94	0.82	6	10	10
706	"V"	"English"	"Dutch"	"Dutch in English track"	"AfterYear1"	1	NA	NA	NA	0	0	"No"	25	285.5	60	4.75833333333333	98	0.51	0.15	16.96	0.84	132	0.47	0.09	15.86	0.76	88	0.48	0.08	17.63	0.88	0	10	0
713	"V"	"English"	"German"	"German in English track"	"No"	0	NA	NA	NA	0	0	"Yes"	54	408.5	60	6.80833333333333	158	0.48	0.19	17.87	0.88	112	0.51	0.15	17.57	0.85	95	0.42	0.05	17.24	0.86	10	10	6
714	"V"	"English"	"Dutch"	"Dutch in English track"	"AfterYear1"	1	6.23	7	7	0	0	"Yes"	42	368.5	60	6.14166666666667	112	0.47	0.15	18.1	0.92	86	0.47	0.06	15.92	0.77	61	0.52	0.07	15.79	0.88	6	10	10
715	"V"	"English"	"German"	"German in English track"	"No"	0	NA	NA	NA	0	0	"Yes"	60	434	60	7.23333333333333	159	0.48	0.21	18	0.88	61	0.56	0.19	17.01	0.9	81	0.56	0.18	18.41	0.9	10	0	10
716	"V"	"English"	"German"	"German in English track"	"No"	0	NA	NA	NA	0	0	"Yes"	60	464	60	7.73333333333333	140	0.49	0.24	18.28	0.91	114	0.52	0.19	17.71	0.9	50	0.56	0.14	17.24	0.82	8	0	10
723	"V"	"English"	"German"	"German in English track"	"No"	0	NA	NA	NA	0	0	"Yes"	60	498.5	60	8.30833333333333	208	0.5	0.19	17.71	0.9	134	0.46	0.12	17.37	0.86	83	0.42	0.09	17.97	0.9	10	10	10
724	"V"	"English"	"German"	"German in English track"	"No"	0	NA	NA	NA	0	0	"Yes"	54	455.5	54	8.43518518518519	202	0.48	0.11	17.42	0.89	76	0.46	0.09	15.27	0.73	64	0.56	0.16	18.58	0.93	10	10	10
725	"V"	"English"	"German"	"German in English track"	"AfterYear1"	1	NA	NA	NA	0	0	"Yes"	57	412.5	60	6.875	223	0.48	0.14	18.01	0.9	105	0.49	0.07	17.16	0.87	38	0.5	0.06	18.63	0.95	10	10	10
727	"M"	"English"	"Dutch"	"Dutch in English track"	"No"	0	6.73	6	8	0	0	"Yes"	54	400.5	60	6.675	78	0.56	0.16	17.81	0.85	64	0.5	0.05	17.24	0.88	34	0.5	0.28	16	0.75	5	10	2
728	"V"	"English"	"German"	"German in English track"	"AfterYear1"	1	NA	NA	NA	0	0	"No"	22	292.5	56	5.22321428571429	95	0.57	0.12	17.93	0.89	113	0.45	0.09	14.98	0.78	56	0.41	0.05	16.07	0.82	6	3	0
733	"V"	"English"	"German"	"German in English track"	"No"	0	NA	NA	NA	0	0	"Yes"	60	520	60	8.66666666666667	197	0.52	0.19	18.51	0.92	151	0.42	0.16	16.2	0.81	62	0.5	0.07	18.21	0.88	10	3	10
735	"M"	"English"	"German"	"German in English track"	"No"	0	NA	NA	NA	0	0	"No"	35	336.5	60	5.60833333333333	50	0.48	0.06	17.23	0.85	117	0.47	0.07	16.68	0.81	69	0.42	0.02	17.19	0.87	0	10	0
737	"V"	"English"	"German"	"German in English track"	"No"	0	NA	NA	NA	0	0	"Yes"	60	468	60	7.8	51	0.47	0.08	17.03	0.85	92	0.53	0.06	15.95	0.8	29	0.62	0.16	18.28	1	4	3	10
742	"M"	"English"	"German"	"German in English track"	"No"	0	NA	NA	NA	0	0	"Yes"	48	426	60	7.1	124	0.52	0.17	17.35	0.88	90	0.52	0.07	17.84	0.9	84	0.45	0.13	18.12	0.9	10	10	10
743	"V"	"English"	"German"	"German in English track"	"No"	0	NA	NA	NA	0	0	"Yes"	60	433.5	60	7.225	40	0.47	0.06	18.19	0.93	114	0.47	0.15	17.42	0.9	60	0.52	0.05	17.32	0.85	2	10	6
744	"V"	"English"	"German"	"German in English track"	"No"	0	NA	NA	NA	0	0	"Yes"	56	408	60	6.8	153	0.54	0.13	17.91	0.88	86	0.52	0.19	18.03	0.89	84	0.49	0.1	16.47	0.81	7	0	6
749	"M"	"English"	"Dutch"	"Dutch in English track"	"AfterYear1"	1	NA	NA	NA	0	0	"Yes"	47	397.5	60	6.625	65	0.57	0.23	17.16	0.9	163	0.45	0.15	16.6	0.84	34	0.59	0.2	15.74	0.65	6	10	10
752	"V"	"English"	"German"	"German in English track"	"No"	0	NA	NA	NA	0	0	"Yes"	57	441	60	7.35	179	0.51	0.13	18	0.89	162	0.49	0.08	16.04	0.8	81	0.49	0.12	17.09	0.86	10	10	10
753	"V"	"English"	"German"	"German in English track"	"No"	0	NA	NA	NA	0	0	"Yes"	60	427	60	7.11666666666667	169	0.45	0.2	18.02	0.91	87	0.47	0.06	16.86	0.84	56	0.45	0.12	18.78	0.97	10	10	10
754	"V"	"English"	"German"	"German in English track"	"No"	0	NA	NA	NA	0	0	"Yes"	60	433	60	7.21666666666667	155	0.5	0.16	18.36	0.93	85	0.47	0.11	17.09	0.85	63	0.52	0.14	17.67	0.93	10	10	10
756	"V"	"English"	"German"	"German in English track"	"No"	0	NA	NA	NA	0	0	"Yes"	60	438	60	7.3	178	0.49	0.16	17.93	0.89	42	0.43	0	16.14	0.85	46	0.52	0.09	18.15	0.88	10	10	10
758	"V"	"English"	"German"	"German in English track"	"No"	0	NA	NA	NA	0	0	"Yes"	60	487	60	8.11666666666667	39	0.56	0.2	17.66	0.65	104	0.5	0.1	16.08	0.82	49	0.59	0.11	16.46	0.82	6	0	10
759	"M"	"English"	"German"	"German in English track"	"No"	0	NA	NA	NA	0	0	"Yes"	60	515	60	8.58333333333333	254	0.51	0.19	18.26	0.92	96	0.55	0.11	18.43	0.89	36	0.64	0.15	16.17	0.8	10	10	2
760	"V"	"English"	"German"	"German in English track"	"No"	0	NA	NA	NA	0	0	"Yes"	60	445	60	7.41666666666667	151	0.48	0.16	17.66	0.87	77	0.48	0.07	16.78	0.87	72	0.47	0.13	16.03	0.8	6	7	10
762	"M"	"English"	"German"	"German in English track"	"No"	0	NA	NA	NA	0	0	"Yes"	45	382.5	60	6.375	192	0.49	0.16	18.29	0.92	148	0.55	0.19	17.73	0.9	96	0.53	0.15	18.9	0.94	10	7	10
763	"V"	"English"	"German"	"German in English track"	"No"	0	NA	NA	NA	0	0	"Yes"	60	434	60	7.23333333333333	91	0.6	0.15	18.54	0.93	111	0.42	0.02	16.29	0.79	47	0.53	0.16	18.81	0.95	8	10	0
767	"V"	"English"	"German"	"German in English track"	"No"	0	NA	NA	NA	0	0	"Yes"	60	454.5	60	7.575	86	0.45	0.09	15.46	0.76	95	0.49	0.15	16.3	0.85	80	0.44	0.06	17.77	0.86	6	10	10
769	"M"	"English"	"German"	"German in English track"	"No"	0	NA	NA	NA	0	0	"Yes"	60	455.5	60	7.59166666666667	104	0.56	0.19	17.5	0.85	53	0.43	0.11	17.06	0.88	45	0.51	0.26	15.6	0.8	7	10	10
772	"M"	"English"	"German"	"German in English track"	"No"	0	NA	NA	NA	0	0	"Yes"	60	441.5	60	7.35833333333333	63	0.57	0.18	17.42	0.83	86	0.45	0.12	16.94	0.86	27	0.44	0.2	16.5	0.8	6	10	6
775	"V"	"English"	"German"	"German in English track"	"No"	0	NA	NA	NA	0	0	"Yes"	60	488.5	60	8.14166666666667	205	0.51	0.2	17.03	0.84	125	0.45	0.19	16.84	0.82	41	0.59	0.19	17.38	0.93	10	0	10
776	"V"	"English"	"German"	"German in English track"	"No"	0	NA	NA	NA	0	0	"Yes"	60	430.5	60	7.175	141	0.5	0.21	17.51	0.86	89	0.47	0.1	16.89	0.84	66	0.47	0.12	17.98	0.88	10	3	10
777	"M"	"English"	"German"	"German in English track"	"No"	0	NA	NA	NA	0	0	"Yes"	50	396.5	59	6.72033898305085	192	0.51	0.2	17.48	0.87	72	0.58	0.15	16.88	0.82	42	0.43	0.09	18.34	0.88	10	3	10
779	"V"	"English"	"German"	"German in English track"	"No"	0	NA	NA	NA	0	0	"Yes"	60	480.5	60	8.00833333333333	174	0.52	0.17	17.73	0.88	108	0.56	0.21	17.12	0.85	90	0.51	0.21	17.68	0.86	10	10	10
780	"M"	"English"	"German"	"German in English track"	"No"	0	NA	NA	NA	0	0	"Yes"	60	514	60	8.56666666666667	176	0.47	0.16	18.34	0.9	137	0.44	0.12	16.53	0.83	62	0.55	0.15	17.47	0.88	10	10	10
784	"V"	"English"	"German"	"German in English track"	"No"	0	NA	NA	NA	0	0	"Yes"	57	402	60	6.7	87	0.51	0.15	17.17	0.9	91	0.45	0.13	15.62	0.76	64	0.45	0.07	16.94	0.85	6	10	6
785	"M"	"English"	"German"	"German in English track"	"No"	0	NA	NA	NA	0	0	"No"	27	308	57	5.40350877192982	166	0.44	0.11	17.4	0.89	73	0.48	0.12	16.59	0.85	42	0.52	0.21	18.65	0.95	10	3	10
787	"M"	"English"	"German"	"German in English track"	"No"	0	NA	NA	NA	0	0	"Yes"	60	481	60	8.01666666666667	65	0.46	0.08	17.24	0.83	82	0.49	0.06	16.61	0.85	59	0.42	0.08	17.64	0.9	6	10	0
789	"V"	"English"	"German"	"German in English track"	"No"	0	NA	NA	NA	0	0	"Yes"	60	453.5	60	7.55833333333333	274	0.49	0.17	17.72	0.9	121	0.44	0.11	17.56	0.9	77	0.53	0.12	16.79	0.85	10	0	10
790	"V"	"English"	"German"	"German in English track"	"No"	0	NA	NA	NA	0	0	"Yes"	60	493	60	8.21666666666667	165	0.51	0.16	18.11	0.88	94	0.48	0.06	16.3	0.81	69	0.46	0.08	18.86	0.92	10	10	10
792	"M"	"English"	"German"	"German in English track"	"No"	0	NA	NA	NA	0	0	"Yes"	60	464.5	60	7.74166666666667	151	0.5	0.13	16.83	0.86	141	0.43	0.09	16.99	0.84	80	0.55	0.07	18.7	0.9	7	10	10
794	"M"	"English"	"German"	"German in English track"	"AfterYear1"	1	NA	NA	NA	0	0	"Yes"	60	526	60	8.76666666666667	162	0.51	0.28	18.03	0.89	119	0.54	0.17	16.02	0.84	94	0.53	0.14	17.56	0.88	10	10	10
795	"V"	"English"	"German"	"German in English track"	"No"	0	NA	NA	NA	0	0	"Yes"	60	426	60	7.1	220	0.46	0.17	18.25	0.9	150	0.47	0.15	16.87	0.84	70	0.54	0.13	18.53	0.95	10	10	10
796	"V"	"English"	"Dutch"	"Dutch in English track"	"No"	0	6.55	6	7	0	0	"Yes"	60	423.5	60	7.05833333333333	84	0.51	0.15	16.39	0.8	108	0.52	0.11	16.9	0.86	69	0.49	0.1	17.03	0.83	6	10	10
798	"V"	"English"	"Dutch"	"Dutch in English track"	"No"	0	6.18	6	7	0	0	"Yes"	48	402.5	60	6.70833333333333	193	0.5	0.2	18.01	0.9	138	0.49	0.17	16.99	0.87	62	0.47	0.15	18.17	0.92	10	10	6
801	"V"	"English"	"German"	"German in English track"	"No"	0	NA	NA	NA	0	0	"Yes"	60	465	60	7.75	148	0.49	0.19	17.52	0.87	76	0.42	0.1	16.03	0.78	54	0.54	0.11	16.95	0.9	10	10	10
808	"V"	"English"	"German"	"German in English track"	"No"	0	NA	NA	NA	0	0	"Yes"	54	442.5	60	7.375	224	0.38	0.1	17.4	0.86	94	0.44	0.15	17.17	0.91	81	0.46	0.17	17.24	0.88	10	10	10
815	"M"	"English"	"German"	"German in English track"	"No"	0	NA	NA	NA	0	0	"Yes"	60	443	60	7.38333333333333	149	0.46	0.15	17.83	0.89	167	0.41	0.11	14.5	0.74	43	0.49	0.06	16.67	0.85	7	10	10
816	"V"	"English"	"German"	"German in English track"	"No"	0	NA	NA	NA	0	0	"No"	33	331.5	59	5.61864406779661	112	0.53	0.19	17.51	0.88	95	0.48	0.1	18.03	0.89	39	0.51	0.13	17.69	0.95	8	3	10
818	"M"	"English"	"German"	"German in English track"	"No"	0	NA	NA	NA	0	0	"Yes"	60	414.5	60	6.90833333333333	66	0.52	0.12	17.6	0.85	99	0.53	0.19	17.85	0.91	34	0.59	0.15	17.34	0.85	6	0	2
820	"V"	"English"	"German"	"German in English track"	"No"	0	NA	NA	NA	0	0	"Yes"	54	433	60	7.21666666666667	237	0.51	0.1	17.93	0.9	117	0.51	0.1	16.7	0.82	105	0.55	0.19	17.98	0.87	10	3	10
824	"V"	"English"	"German"	"German in English track"	"AfterYear1"	1	NA	NA	NA	0	0	"Yes"	60	425.5	60	7.09166666666667	102	0.56	0.24	17.73	0.94	76	0.45	0.09	16.43	0.8	34	0.56	0.11	17.6	0.9	8	10	10
826	"V"	"English"	"Dutch"	"Dutch in English track"	"No"	0	6.92	7	7	0	1	"Yes"	48	387.5	54	7.17592592592593	165	0.55	0.16	17.2	0.86	68	0.49	0.07	16.8	0.82	107	0.5	0.21	17.39	0.86	10	10	10
827	"V"	"English"	"German"	"German in English track"	"No"	0	NA	NA	NA	0	0	"Yes"	60	436.5	60	7.275	139	0.49	0.16	18.28	0.92	94	0.56	0.1	18.03	0.9	59	0.49	0.09	17.44	0.85	10	10	2
829	"V"	"English"	"German"	"German in English track"	"AfterYear1"	1	NA	NA	NA	0	0	"Yes"	54	425	60	7.08333333333333	98	0.45	0.18	18.37	0.91	79	0.47	0.12	16.42	0.83	74	0.53	0.14	18.42	0.9	6	10	10
830	"V"	"English"	"German"	"German in English track"	"No"	0	NA	NA	NA	0	0	"Yes"	60	453.5	60	7.55833333333333	112	0.52	0.13	17.38	0.89	64	0.42	0.1	17.19	0.85	60	0.47	0.07	18.18	0.92	8	7	10
833	"V"	"English"	"German"	"German in English track"	"No"	0	NA	NA	NA	0	0	"Yes"	60	527	60	8.78333333333333	185	0.46	0.17	17.92	0.91	146	0.5	0.15	17.98	0.91	81	0.4	0.1	17.13	0.86	10	10	10
835	"V"	"English"	"German"	"German in English track"	"AfterYear1"	1	NA	NA	NA	0	0	"No"	21	298	59	5.05084745762712	93	0.43	0.15	16.43	0.83	92	0.46	0.04	16.71	0.81	75	0.56	0.11	18.04	0.83	6	10	6
837	"V"	"English"	"German"	"German in English track"	"No"	0	NA	NA	NA	0	0	"Yes"	60	473	60	7.88333333333333	99	0.56	0.16	17.76	0.89	98	0.53	0.13	15.68	0.85	75	0.51	0.15	18.11	0.93	7	3	10
838	"M"	"English"	"German"	"German in English track"	"No"	0	NA	NA	NA	0	0	"Yes"	54	397	60	6.61666666666667	76	0.46	0.13	17.18	0.85	72	0.5	0.1	15.6	0.8	20	0.55	0.11	19	0.95	6	0	2
841	"M"	"English"	"German"	"German in English track"	"No"	0	NA	NA	NA	0	0	"Yes"	60	520.5	60	8.675	164	0.43	0.19	18.35	0.91	69	0.54	0.15	16.21	0.85	31	0.55	0.14	15.66	0.85	10	10	10
846	"M"	"English"	"German"	"German in English track"	"No"	0	NA	NA	NA	0	0	"Yes"	60	453	60	7.55	134	0.49	0.2	17.73	0.88	82	0.49	0.1	17.02	0.85	72	0.54	0.07	17.76	0.9	10	10	10
847	"V"	"English"	"German"	"German in English track"	"No"	0	NA	NA	NA	0	0	"Yes"	60	441.5	60	7.35833333333333	251	0.44	0.11	17.88	0.89	96	0.47	0.1	17.17	0.86	59	0.47	0.09	16.96	0.85	10	10	10
850	"V"	"English"	"German"	"German in English track"	"No"	0	NA	NA	NA	0	0	"Yes"	60	431.5	60	7.19166666666667	177	0.47	0.12	17.52	0.86	116	0.47	0.04	16.76	0.85	56	0.57	0.11	19.27	0.95	8	10	10
853	"M"	"English"	"German"	"German in English track"	"No"	0	NA	NA	NA	0	0	"Yes"	47	389	60	6.48333333333333	60	0.55	0.18	16.94	0.88	86	0.47	0.12	16.4	0.82	28	0.61	0.11	19.77	1	6	7	6
854	"V"	"English"	"German"	"German in English track"	"No"	0	NA	NA	NA	0	0	"No"	33	306	60	5.1	97	0.53	0.2	17.16	0.81	90	0.48	0.06	16.88	0.85	57	0.46	0.12	17.82	0.93	6	10	10
856	"V"	"English"	"German"	"German in English track"	"No"	0	NA	NA	NA	0	0	"Yes"	60	426	60	7.1	164	0.46	0.15	17.7	0.86	111	0.45	0.13	15.96	0.79	69	0.52	0.18	18.79	0.95	8	10	6
858	"M"	"English"	"German"	"German in English track"	"No"	0	NA	NA	NA	0	0	"Yes"	60	426.5	60	7.10833333333333	178	0.51	0.16	18.35	0.91	86	0.53	0.16	17.51	0.94	72	0.54	0.16	16.88	0.85	10	10	6
860	"V"	"English"	"Dutch"	"Dutch in English track"	"No"	0	7.85	7	8	0	0	"Yes"	60	474.5	60	7.90833333333333	81	0.46	0.09	14.96	0.74	32	0.44	0.05	15.92	0.8	67	0.57	0.13	16.42	0.82	6	3	10
862	"M"	"English"	"German"	"German in English track"	"No"	0	NA	NA	NA	0	0	"Yes"	60	464.5	60	7.74166666666667	225	0.51	0.14	18.52	0.94	106	0.49	0.11	16.89	0.85	31	0.55	0.18	18.75	0.95	10	10	10
863	"V"	"English"	"German"	"German in English track"	"No"	0	NA	NA	NA	0	0	"Yes"	53	398.5	60	6.64166666666667	161	0.53	0.14	18.2	0.92	35	0.49	0.09	15.75	0.8	65	0.55	0.11	17.59	0.87	2	0	6
867	"V"	"English"	"German"	"German in English track"	"No"	0	NA	NA	NA	0	0	"Yes"	48	382.5	60	6.375	225	0.44	0.12	17.47	0.86	136	0.43	0.14	17.15	0.84	72	0.53	0.14	18.45	0.9	8	10	10
868	"M"	"English"	"German"	"German in English track"	"No"	0	NA	NA	NA	0	0	"Yes"	60	417	60	6.95	115	0.51	0.11	18.67	0.92	70	0.5	0.05	17.82	0.9	56	0.52	0.17	18.43	0.93	10	3	10
870	"V"	"English"	"German"	"German in English track"	"No"	0	NA	NA	NA	0	0	"Yes"	60	478	60	7.96666666666667	120	0.5	0.16	17.66	0.88	107	0.42	0.09	16.93	0.84	103	0.47	0.12	18.5	0.9	7	7	10
872	"V"	"English"	"German"	"German in English track"	"No"	0	NA	NA	NA	0	0	"No"	38	357.5	60	5.95833333333333	91	0.63	0.06	17.55	0.89	92	0.42	0.11	17.82	0.9	53	0.51	0.11	16.92	0.82	0	0	0
875	"M"	"English"	"German"	"German in English track"	"AfterYear1"	1	NA	NA	NA	0	0	"Yes"	60	480.5	60	8.00833333333333	184	0.45	0.14	18.3	0.93	111	0.43	0.1	16.64	0.84	87	0.46	0.08	17.56	0.89	6	10	10
878	"V"	"English"	"German"	"German in English track"	"No"	0	NA	NA	NA	0	0	"Yes"	60	497.5	60	8.29166666666667	198	0.49	0.16	17.66	0.91	197	0.52	0.18	17.34	0.88	78	0.54	0.11	16.31	0.82	10	10	10
881	"M"	"English"	"German"	"German in English track"	"AfterYear1"	1	NA	NA	NA	0	0	"Yes"	60	488	60	8.13333333333333	377	0.5	0.23	17.51	0.87	98	0.5	0.04	17.33	0.89	36	0.56	0.17	18.35	0.95	10	10	10
884	"M"	"English"	"German"	"German in English track"	"No"	0	NA	NA	NA	0	0	"Yes"	60	523.5	60	8.725	243	0.49	0.28	17.63	0.87	89	0.48	0.13	17.15	0.88	81	0.44	0.13	17.88	0.89	10	10	10
889	"V"	"English"	"German"	"German in English track"	"No"	0	NA	NA	NA	0	0	"Yes"	54	405.5	60	6.75833333333333	68	0.56	0.19	17.98	0.88	119	0.52	0.05	17.13	0.86	70	0.47	0.07	17.86	0.88	6	0	10
890	"V"	"English"	"German"	"German in English track"	"AfterYear1"	1	NA	NA	NA	0	0	"Yes"	60	469.5	60	7.825	192	0.51	0.15	17.66	0.89	94	0.49	0.11	17.24	0.88	75	0.49	0.13	18.06	0.87	10	10	10
893	"V"	"English"	"German"	"German in English track"	"No"	0	NA	NA	NA	0	0	"Yes"	60	442.5	60	7.375	199	0.5	0.15	17.91	0.91	91	0.49	0.12	16.9	0.88	58	0.47	0.06	16.86	0.82	10	7	10
898	"M"	"English"	"German"	"German in English track"	"No"	0	NA	NA	NA	0	0	"No"	35	316.5	59	5.36440677966102	115	0.46	0.1	16.83	0.89	73	0.44	0.05	16.86	0.88	51	0.49	0.08	17.55	0.88	6	10	10
899	"M"	"English"	"Dutch"	"Dutch in English track"	"No"	0	6.64	6	6	0	0	"Yes"	53	380	59	6.44067796610169	122	0.44	0.15	18.65	0.93	102	0.48	0.04	16.7	0.81	43	0.44	0.16	16.49	0.85	5	7	0
905	"V"	"English"	"German"	"German in English track"	"AfterYear1"	1	NA	NA	NA	0	0	"Yes"	51	408	60	6.8	132	0.44	0.08	17.34	0.87	136	0.4	0.11	17.49	0.88	77	0.4	0.08	17.39	0.9	10	0	6
906	"V"	"English"	"German"	"German in English track"	"No"	0	NA	NA	NA	0	0	"Yes"	60	401.5	60	6.69166666666667	161	0.42	0.12	17.36	0.87	98	0.36	0.07	15.67	0.8	71	0.49	0.12	17.68	0.9	10	10	6
907	"V"	"English"	"German"	"German in English track"	"No"	0	NA	NA	NA	0	0	"Yes"	57	414	60	6.9	188	0.53	0.25	17.96	0.9	105	0.5	0.08	19.3	0.96	90	0.49	0.12	18.33	0.88	10	0	2
908	"V"	"English"	"German"	"German in English track"	"No"	0	NA	NA	NA	0	0	"Yes"	60	458.5	60	7.64166666666667	143	0.47	0.14	17.17	0.86	67	0.48	0.03	16.25	0.83	87	0.45	0.15	16.36	0.8	8	10	6
910	"V"	"English"	"German"	"German in English track"	"No"	0	NA	NA	NA	0	0	"Yes"	60	456.5	60	7.60833333333333	141	0.51	0.16	17.4	0.88	103	0.49	0.1	15.97	0.8	72	0.46	0.12	17.75	0.88	10	10	10
911	"V"	"English"	"German"	"German in English track"	"No"	0	NA	NA	NA	0	0	"Yes"	60	494	60	8.23333333333333	86	0.55	0.17	16.91	0.88	106	0.51	0.1	16.18	0.79	55	0.62	0.24	17.06	0.9	6	10	10
913	"V"	"English"	"German"	"German in English track"	"No"	0	NA	NA	NA	0	0	"Yes"	60	421.5	60	7.025	73	0.49	0.13	17.53	0.87	98	0.46	0.14	17.67	0.88	62	0.5	0.12	19.5	0.98	6	0	10
914	"V"	"English"	"German"	"German in English track"	"No"	0	NA	NA	NA	0	0	"Yes"	54	449	60	7.48333333333333	176	0.47	0.21	18.21	0.89	59	0.53	0.12	16.96	0.85	59	0.49	0.23	19.04	0.9	10	7	10
916	"V"	"English"	"German"	"German in English track"	"No"	0	NA	NA	NA	0	0	"Yes"	60	488.5	60	8.14166666666667	121	0.57	0.12	18.32	0.94	68	0.54	0.16	16.99	0.87	57	0.56	0.11	16.51	0.85	10	10	10
917	"M"	"English"	"German"	"German in English track"	"No"	0	NA	NA	NA	0	0	"Yes"	45	359.5	59	6.09322033898305	140	0.42	0.11	17	0.87	152	0.45	0.05	16.49	0.81	56	0.45	0.1	17.2	0.93	8	10	10
919	"V"	"English"	"German"	"German in English track"	"No"	0	NA	NA	NA	0	0	"Yes"	48	362.5	60	6.04166666666667	74	0.5	0.12	16.82	0.8	153	0.49	0.09	17.33	0.88	51	0.53	0.05	16.71	0.82	6	3	6
921	"V"	"English"	"German"	"German in English track"	"No"	0	NA	NA	NA	0	0	"Yes"	57	411	60	6.85	63	0.59	0.08	18.22	0.85	108	0.5	0.1	17.2	0.86	73	0.53	0.15	18.54	0.92	0	10	10
922	"M"	"English"	"German"	"German in English track"	"No"	0	NA	NA	NA	0	0	"No"	39	350.5	60	5.84166666666667	161	0.45	0.19	17.07	0.86	73	0.53	0.11	17.25	0.87	62	0.48	0.13	17.71	0.87	10	3	0
