SubjectCode,Gender,Track,Natio1,TrackNatio1,DropOut,DropOutBinary,SchoolMean,SchoolDutch,SchoolEnglish,CoursesOutsideProgramme,Exemption,PassedBSA,Course1_Grade,Course2_Grade,Course3_Grade,Course4_Grade,Course5_Grade,Course6_Grade,Course7_Grade,Course8_Grade,Course9_Grade,Course10_Grade,Course11_Grade,Course12_Grade,Course13_Grade,Course1_EC_Worth,Course2_EC_Worth,Course3_EC_Worth,Course4_EC_Worth,Course5_EC_Worth,Course6_EC_Worth,Course7_EC_Worth,Course8_EC_Worth,Course9_EC_Worth,Course10_EC_Worth,Course11_EC_Worth,Course12_EC_Worth,Course13_EC_Worth,wordtokens_oct,ld_oct,ls2_oct,ndwesz_oct,msttr_oct,wordtokens_feb,ld_feb,ls2_feb,ndwesz_feb,msttr_feb,wordtokens_apr,ld_apr,ls2_apr,ndwesz_apr,msttr_apr
100,M,NL,DU,DU_in_NL,AfterYear1,1,,,,0,0,Yes,6.0,6.5,5.0,6.5,6.5,6.5,7.0,7.0,4.0,7.0,6.5,6.0,7.5,5,5,6,3,3,3,4,6,6,1,6,6,6,123.0,0.51,0.09,17.95,0.87,105.0,0.55,0.23,16.45,0.81,70.0,0.5,0.23,16.78,0.82
101,V,NL,NL,NL_in_NL,AfterYear1,1,,, ,1,0,No,6.5,9.5,8.0,8.0,7.0,8.0,9.0,7.5,8.0,,,,,5,5,6,3,3,3,4,6,6,1,6,6,6,58.0,0.62,0.18,17.98,0.97,106.0,0.53,0.17,17.53,0.87,79.0,0.52,0.21,18.24,0.9
106,V,NL,NL,NL_in_NL,No,0,6.2,7.0,5,0,0,Yes,6.0,6.5,5.0,6.5,7.5,7.5,8.5,8.0,6.5,,6.5,4.0,8.0,5,5,6,3,3,3,4,6,6,1,6,6,6,32.0,0.53,0.26,15.22,0.8,106.0,0.47,0.16,16.57,0.83,33.0,0.61,0.1,19.14,0.95
109,M,NL,NL,NL_in_NL,No,0,,,,0,0,Yes,7.5,9.0,8.0,8.0,8.5,7.5,8.0,9.0,8.0,7.0,9.0,9.0,8.0,5,5,6,3,3,3,4,6,6,1,6,6,6,60.0,0.53,0.2,16.79,0.75,109.0,0.5,0.17,15.71,0.79,58.0,0.53,0.21,17.5,0.8
110,M,NL,NL,NL_in_NL,AfterYear1,1,6.5,6.0,7,1,0,Yes,7.5,7.5,4.0,6.5,8.0,5.0,6.0,8.5,4.0,,7.0,7.0,8.0,5,5,6,3,3,3,4,6,6,1,6,6,6,115.0,0.59,0.21,18.45,0.92,84.0,0.57,0.24,16.17,0.82,59.0,0.51,0.22,17.75,0.88
111,V,NL,NL,NL_in_NL,No,0,6.27,6.0,6,1,0,Yes,6.0,6.0,6.5,7.5,7.0,7.5,8.5,8.5,7.0,7.0,8.0,7.5,7.5,5,5,6,3,3,3,4,6,6,1,6,6,6,60.0,0.58,0.25,16.23,0.85,89.0,0.52,0.17,17.89,0.91,40.0,0.55,0.3,17.95,0.9
113,M,NL,NL,NL_in_NL,No,0,6.09,6.0,7,0,0,Yes,6.5,6.5,5.0,7.0,8.5,7.0,8.0,8.5,4.0,,7.0,7.5,8.0,5,5,6,3,3,3,4,6,6,1,6,6,6,49.0,0.51,0.21,16.44,0.82,99.0,0.49,0.18,17.39,0.82,42.0,0.57,0.09,17.13,0.88
115,V,NL,NL,NL_in_NL,No,0,7.5,8.0,8,0,0,Yes,6.5,8.5,8.0,8.5,8.0,7.5,8.5,8.5,7.0,7.0,7.0,9.0,8.0,5,5,6,3,3,3,4,6,6,1,6,6,6,63.0,0.51,0.32,16.72,0.88,78.0,0.55,0.09,16.94,0.9,43.0,0.67,0.17,18.53,0.93
121,V,NL,NL,NL_in_NL,No,0,6.58,6.0,6,0,0,Yes,6.0,6.0,6.5,6.5,6.5,7.0,6.5,8.5,7.0,7.0,3.5,6.5,7.5,5,5,6,3,3,3,4,6,6,1,6,6,6,63.0,0.41,0.14,17.84,0.85,116.0,0.42,0.12,15.27,0.79,69.0,0.45,0.25,17.65,0.88
123,V,NL,DU,DU_in_NL,No,0,,,,0,0,Yes,6.0,8.0,5.0,8.5,6.0,8.0,7.5,8.0,7.5,7.0,7.0,7.0,8.0,5,5,6,3,3,3,4,6,6,1,6,6,6,119.0,0.5,0.15,17.85,0.87,154.0,0.45,0.16,17.75,0.89,61.0,0.46,0.1,17.34,0.83
124,V,NL,DU,DU_in_NL,No,0,,,,0,0,Yes,7.0,8.5,8.0,6.5,6.0,8.0,8.0,7.5,7.0,7.0,5.0,6.5,8.0,5,5,6,3,3,3,4,6,6,1,6,6,6,108.0,0.56,0.18,16.1,0.78,53.0,0.49,0.04,15.43,0.85,70.0,0.47,0.15,17.43,0.8
126,V,NL,NL,NL_in_NL,No,0,8.0,8.0,7,0,0,Yes,6.5,8.0,7.0,8.5,9.5,8.0,8.5,9.0,8.0,7.0,7.0,9.5,9.0,5,5,6,3,3,3,4,6,6,1,6,6,6,94.0,0.54,0.2,17.59,0.84,167.0,0.56,0.16,17.28,0.86,102.0,0.53,0.22,18.27,0.91
130,M,NL,NL,NL_in_NL,No,0,6.56,6.0,7,1,0,Yes,6.0,7.0,4.0,7.0,6.5,7.0,7.0,7.0,4.0,7.0,6.0,6.0,8.0,5,5,6,3,3,3,4,6,6,1,6,6,6,90.0,0.57,0.16,18.23,0.88,95.0,0.53,0.22,16.61,0.82,85.0,0.59,0.15,17.88,0.9
132,V,NL,NL,NL_in_NL,No,0,6.4,6.0,7,1,0,Yes,7.0,7.0,7.0,7.0,6.5,7.5,7.0,7.5,6.5,7.0,6.0,7.0,7.0,5,5,6,3,3,3,4,6,6,1,6,6,6,55.0,0.62,0.17,16.28,0.88,39.0,0.56,0.15,17.41,0.85,50.0,0.54,0.25,19.45,0.97
134,M,NL,NL,NL_in_NL,No,0,7.33,7.0,8,0,0,Yes,8.5,9.5,9.0,8.5,9.0,7.5,9.0,9.5,8.5,7.0,8.5,9.5,8.5,5,5,6,3,3,3,4,6,6,1,6,6,6,103.0,0.55,0.17,17.32,0.87,83.0,0.49,0.12,16.53,0.82,81.0,0.49,0.18,17.48,0.86
135,V,NL,NL,NL_in_NL,No,0,6.09,5.0,6,0,0,No,5.0,6.0,5.0,4.0,7.5,6.5,6.5,8.0,5.0,7.0,7.0,5.0,7.0,5,5,6,3,3,3,4,6,6,1,6,6,6,31.0,0.61,0.36,16.41,0.85,70.0,0.5,0.11,16.26,0.8,39.0,0.51,0.25,18.02,0.85
137,V,NL,NL,NL_in_NL,No,0,6.09,6.0,6,1,0,Yes,6.5,8.5,8.5,7.0,9.5,7.5,8.0,8.0,7.0,7.0,7.5,8.0,8.0,5,5,6,3,3,3,4,6,6,1,6,6,6,203.0,0.56,0.23,18.52,0.91,161.0,0.51,0.12,16.61,0.82,57.0,0.51,0.12,18.0,0.93
138,V,NL,NL,NL_in_NL,AfterYear1,1,6.83,6.0,6,0,0,Yes,6.0,7.5,7.0,7.5,9.5,6.5,6.0,7.0,4.0,7.0,6.0,6.0,7.0,5,5,6,3,3,3,4,6,6,1,6,6,6,45.0,0.51,0.26,17.47,0.85,108.0,0.55,0.11,16.77,0.84,47.0,0.45,0.28,16.11,0.8
141,V,NL,NL,NL_in_NL,No,0,,,,1,0,Yes,8.5,9.0,6.0,8.0,9.0,6.5,8.0,8.5,7.0,7.0,7.5,8.0,9.0,5,5,6,3,3,3,4,6,6,1,6,6,6,54.0,0.52,0.17,17.47,0.9,74.0,0.5,0.2,16.87,0.88,35.0,0.54,0.14,18.56,0.95
145,V,NL,NL,NL_in_NL,No,0,6.33,6.0,7,0,0,Yes,6.0,6.5,6.5,6.5,6.5,,7.0,7.5,7.5,7.0,4.5,6.0,7.5,5,5,6,3,3,3,4,6,6,1,6,6,6,39.0,0.54,0.25,15.14,0.75,67.0,0.52,0.24,17.57,0.9,46.0,0.63,0.22,17.4,0.9
148,V,NL,NL,NL_in_NL,AfterYear1,1,6.45,7.0,8,0,0,No,5.0,6.5,7.0,6.5,6.0,5.0,6.0,4.5,4.0,7.0,4.5,2.0,8.0,5,5,6,3,3,3,4,6,6,1,6,6,6,83.0,0.54,0.19,18.24,0.89,86.0,0.49,0.09,16.39,0.88,54.0,0.48,0.17,18.31,0.88
150,V,NL,NL,NL_in_NL,No,0,6.55,7.0,7,0,0,Yes,6.0,8.5,7.0,7.0,9.0,8.0,8.0,9.0,7.0,7.0,6.0,7.5,8.0,5,5,6,3,3,3,4,6,6,1,6,6,6,73.0,0.59,0.2,16.95,0.8,96.0,0.51,0.14,17.43,0.86,37.0,0.65,0.21,17.06,0.95
152,V,NL,NL,NL_in_NL,No,0,6.36,6.0,7,0,0,Yes,6.0,6.5,5.0,4.5,8.0,7.5,7.0,7.0,7.0,7.0,4.5,6.0,7.0,5,5,6,3,3,3,4,6,6,1,6,6,6,31.0,0.55,0.3,16.6,0.75,80.0,0.54,0.15,16.66,0.86,53.0,0.53,0.07,17.48,0.88
154,V,NL,NL,NL_in_NL,No,0,6.45,7.0,7,0,0,Yes,6.5,8.0,7.0,7.5,8.5,7.0,8.5,8.0,7.0,7.0,6.5,8.0,7.5,5,5,6,3,3,3,4,6,6,1,6,6,6,86.0,0.53,0.15,18.22,0.94,119.0,0.53,0.13,17.8,0.91,85.0,0.49,0.09,17.61,0.85
155,V,NL,NL,NL_in_NL,No,0,6.6,6.0,7,0,0,Yes,6.0,7.5,5.0,6.5,8.5,7.0,7.5,7.0,7.0,7.0,6.0,6.5,8.5,5,5,6,3,3,3,4,6,6,1,6,6,6,22.0,0.41,0.18,20.0,1.0,97.0,0.44,0.32,17.6,0.89,65.0,0.48,0.2,18.08,0.95
156,V,NL,DU,DU_in_NL,No,0,,,,0,0,Yes,7.0,8.5,5.0,7.5,8.5,6.5,7.0,8.5,7.0,7.0,7.0,7.5,8.0,5,5,6,3,3,3,4,6,6,1,6,6,6,96.0,0.54,0.22,18.21,0.94,90.0,0.51,0.17,17.0,0.86,52.0,0.52,0.24,17.43,0.95
157,V,NL,NL,NL_in_NL,No,0,6.27,7.0,6,0,0,Yes,8.5,7.5,7.5,6.5,6.5,7.5,7.0,8.0,7.5,7.0,4.5,6.5,8.0,5,5,6,3,3,3,4,6,6,1,6,6,6,68.0,0.49,0.16,18.53,0.88,64.0,0.48,0.13,17.36,0.87,25.0,0.64,0.12,19.0,0.95
159,V,NL,DU,DU_in_NL,No,0,,,,0,0,Yes,7.0,8.0,7.5,7.5,8.5,7.0,8.0,9.0,8.0,7.0,7.0,8.5,9.5,5,5,6,3,3,3,4,6,6,1,6,6,6,98.0,0.57,0.18,16.37,0.85,98.0,0.53,0.25,17.49,0.86,53.0,0.57,0.19,17.04,0.8
160,V,NL,NL,NL_in_NL,No,0,6.0,6.0,6,0,0,Yes,7.5,8.0,8.5,6.5,,,7.5,8.0,7.5,7.0,,,7.0,5,5,6,3,3,3,4,6,6,1,6,6,6,90.0,0.58,0.23,17.79,0.89,154.0,0.49,0.11,16.47,0.84,46.0,0.54,0.21,18.78,0.93
161,V,NL,DU,DU_in_NL,No,0,,,,0,0,Yes,6.5,8.0,8.5,6.0,6.0,7.0,6.0,8.5,8.0,7.0,7.5,9.0,9.0,5,5,6,3,3,3,4,6,6,1,6,6,6,136.0,0.54,0.16,18.0,0.92,134.0,0.51,0.12,17.38,0.88,42.0,0.52,0.24,17.48,0.9
163,V,NL,NL,NL_in_NL,No,0,7.55,7.0,8,0,0,Yes,8.0,8.5,8.5,8.5,7.5,8.0,9.0,8.5,7.5,7.0,7.5,8.5,8.5,5,5,6,3,3,3,4,6,6,1,6,6,6,170.0,0.49,0.25,17.73,0.89,93.0,0.53,0.17,17.35,0.82,80.0,0.57,0.2,17.74,0.86
164,V,NL,NL,NL_in_NL,No,0,7.5,7.0,8,0,0,Yes,7.5,6.5,7.5,7.0,7.5,7.0,8.5,9.0,7.0,7.0,7.0,7.5,8.0,5,5,6,3,3,3,4,6,6,1,6,6,6,69.0,0.57,0.17,16.31,0.8,71.0,0.48,0.24,15.54,0.8,63.0,0.51,0.14,17.48,0.9
165,V,NL,NL,NL_in_NL,No,0,6.58,6.0,6,0,0,No,6.0,4.0,4.0,4.0,6.0,7.5,6.0,8.0,7.0,7.0,6.0,4.5,6.5,5,5,6,3,3,3,4,6,6,1,6,6,6,98.0,0.46,0.2,16.36,0.81,123.0,0.51,0.19,16.95,0.83,49.0,0.51,0.14,17.69,0.82
166,V,NL,NL,NL_in_NL,No,0,8.15,7.0,8,0,0,Yes,9.0,9.0,8.0,9.0,8.5,7.5,8.5,9.5,7.5,7.0,9.0,9.5,9.0,5,5,6,3,3,3,4,6,6,1,6,6,6,77.0,0.57,0.16,18.05,0.85,167.0,0.47,0.12,16.32,0.81,46.0,0.52,0.14,15.46,0.8
167,V,NL,DU,DU_in_NL,AfterYear1,1,,,,0,0,Yes,8.0,9.5,8.0,8.5,8.5,7.0,8.0,9.0,7.5,7.0,9.0,8.0,9.0,5,5,6,3,3,3,4,6,6,1,6,6,6,80.0,0.62,0.2,17.99,0.88,54.0,0.48,0.31,17.63,0.9,48.0,0.54,0.19,18.21,0.9
170,V,NL,NL,NL_in_NL,No,0,7.27,7.0,7,0,0,Yes,7.5,8.5,7.5,7.0,8.5,8.5,9.0,9.0,7.5,7.0,7.5,7.5,9.0,5,5,6,3,3,3,4,6,6,1,6,6,6,52.0,0.58,0.13,16.57,0.82,119.0,0.55,0.17,16.33,0.79,56.0,0.55,0.17,17.76,0.85
173,V,NL,DU,DU_in_NL,AfterYear1,1,,,,0,0,Yes,7.5,8.0,8.5,6.0,7.0,4.0,7.5,7.5,,7.0,6.0,6.5,7.5,5,5,6,3,3,3,4,6,6,1,6,6,6,130.0,0.52,0.21,17.32,0.87,78.0,0.44,0.17,17.36,0.87,76.0,0.43,0.2,17.42,0.88
174,V,NL,NL,NL_in_NL,No,0,6.56,6.0,7,0,0,Yes,6.5,8.0,8.0,7.5,9.0,8.0,9.0,8.5,7.5,7.0,7.0,6.5,8.5,5,5,6,3,3,3,4,6,6,1,6,6,6,59.0,0.49,0.11,16.52,0.88,158.0,0.49,0.12,17.31,0.86,60.0,0.5,0.16,18.88,0.93
175,V,NL,NL,NL_in_NL,No,0,6.36,6.0,6,0,0,No,5.0,7.5,7.5,5.0,7.5,6.5,6.0,6.5,6.5,7.0,4.5,4.0,8.0,5,5,6,3,3,3,4,6,6,1,6,6,6,102.0,0.49,0.18,17.18,0.83,73.0,0.52,0.21,18.32,0.9,68.0,0.56,0.18,18.67,0.93
177,V,NL,NL,NL_in_NL,No,0,6.36,6.0,6,0,0,Yes,6.0,6.5,5.0,6.5,6.5,6.0,6.5,8.0,7.0,7.0,4.5,6.0,7.5,5,5,6,3,3,3,4,6,6,1,6,6,6,98.0,0.48,0.14,18.26,0.9,61.0,0.51,0.2,17.65,0.85,40.0,0.68,0.25,18.75,0.9
179,V,NL,NL,NL_in_NL,No,0,6.92,7.0,6,0,0,Yes,8.5,8.0,7.0,7.5,6.5,7.5,8.0,8.5,7.0,7.0,7.5,7.0,8.5,5,5,6,3,3,3,4,6,6,1,6,6,6,81.0,0.46,0.22,17.29,0.88,88.0,0.5,0.15,17.37,0.89,47.0,0.6,0.18,16.61,0.8
182,V,NL,NL,NL_in_NL,No,0,6.31,6.0,6,0,0,Yes,7.0,6.0,7.5,6.5,7.0,7.5,6.5,7.0,7.0,7.0,6.0,6.0,6.5,5,5,6,3,3,3,4,6,6,1,6,6,6,53.0,0.43,0.26,18.64,0.9,68.0,0.51,0.31,16.99,0.82,57.0,0.51,0.24,15.54,0.82
183,V,NL,DU,DU_in_NL,No,0,,,,0,0,Yes,6.5,8.5,7.5,8.0,7.0,7.5,8.0,8.0,7.5,7.0,7.5,6.5,8.5,5,5,6,3,3,3,4,6,6,1,6,6,6,48.0,0.54,0.18,16.75,0.8,70.0,0.49,0.17,16.35,0.83,80.0,0.55,0.11,17.12,0.82
185,M,NL,NL,NL_in_NL,No,0,6.1,6.0,6,0,0,Yes,6.5,7.5,7.5,7.5,6.5,8.0,7.0,8.0,6.5,7.0,7.5,8.0,8.0,5,5,6,3,3,3,4,6,6,1,6,6,6,48.0,0.52,0.18,16.87,0.88,126.0,0.52,0.12,17.13,0.89,46.0,0.5,0.18,18.85,0.9
186,M,NL,NL,NL_in_NL,No,0,6.25,6.0,7,0,0,Yes,7.5,7.5,7.5,6.0,7.0,6.5,8.0,7.5,6.5,7.0,6.5,6.0,7.0,5,5,6,3,3,3,4,6,6,1,6,6,6,43.0,0.51,0.19,17.5,0.85,60.0,0.48,0.16,16.91,0.85,67.0,0.52,0.23,19.0,0.93
191,V,NL,NL,NL_in_NL,No,0,6.92,6.0,7,0,0,Yes,7.0,8.5,7.5,7.5,8.0,7.0,9.5,9.5,8.0,7.0,7.0,6.0,8.5,5,5,6,3,3,3,4,6,6,1,6,6,6,147.0,0.43,0.14,16.49,0.83,131.0,0.51,0.1,16.8,0.82,60.0,0.5,0.2,16.78,0.8
193,V,NL,NL,NL_in_NL,No,0,6.27,6.0,7,0,0,Yes,7.0,6.0,8.0,4.5,7.5,5.0,7.0,7.5,7.0,7.0,6.0,5.0,6.0,5,5,6,3,3,3,4,6,6,1,6,6,6,32.0,0.59,0.33,11.93,0.6,55.0,0.62,0.2,17.22,0.88,43.0,0.67,0.24,17.66,0.88
194,V,NL,NL,NL_in_NL,No,0,6.38,6.0,6,0,0,Yes,7.0,8.5,8.0,7.0,6.5,7.0,8.5,7.0,7.5,7.0,7.0,7.5,7.5,5,5,6,3,3,3,4,6,6,1,6,6,6,163.0,0.5,0.14,17.74,0.87,107.0,0.5,0.1,14.79,0.75,51.0,0.61,0.26,17.6,0.9
195,V,NL,NL,NL_in_NL,No,0,6.5,6.0,7,0,0,Yes,6.5,6.0,7.0,7.0,6.5,7.0,6.0,6.5,7.0,7.0,5.0,5.0,7.0,5,5,6,3,3,3,4,6,6,1,6,6,6,39.0,0.49,0.24,14.51,0.8,106.0,0.45,0.05,17.27,0.91,62.0,0.47,0.18,16.82,0.82
196,V,NL,NL,NL_in_NL,No,0,6.33,6.0,7,0,0,Yes,6.5,8.0,7.0,7.0,6.0,8.0,8.0,8.0,7.0,7.0,6.5,6.5,7.0,5,5,6,3,3,3,4,6,6,1,6,6,6,104.0,0.56,0.11,17.48,0.88,104.0,0.5,0.25,17.02,0.88,34.0,0.47,0.28,17.73,0.85
197,V,NL,DU,DU_in_NL,No,0,,,,0,0,Yes,7.0,9.0,7.5,8.0,8.0,7.0,8.0,9.0,7.5,7.0,6.5,8.0,9.5,5,5,6,3,3,3,4,6,6,1,6,6,6,111.0,0.51,0.19,16.66,0.8,124.0,0.44,0.31,17.19,0.86,75.0,0.52,0.22,17.16,0.85
198,V,NL,NL,NL_in_NL,No,0,7.27,8.0,9,0,0,Yes,6.0,7.5,7.5,8.0,7.0,6.5,7.5,6.5,7.0,7.0,6.0,6.5,6.5,5,5,6,3,3,3,4,6,6,1,6,6,6,70.0,0.6,0.31,18.33,0.9,80.0,0.47,0.08,18.44,0.93,53.0,0.64,0.24,16.69,0.88
199,V,NL,DU,DU_in_NL,No,0,,,,0,0,Yes,6.5,9.0,6.5,6.0,6.5,7.5,6.0,7.5,7.0,7.0,6.5,7.0,8.5,5,5,6,3,3,3,4,6,6,1,6,6,6,94.0,0.6,0.18,18.96,0.97,105.0,0.5,0.2,15.62,0.75,51.0,0.61,0.14,18.16,0.88
200,V,NL,NL,NL_in_NL,No,0,7.64,7.0,7,0,0,Yes,7.5,8.0,7.0,8.5,8.5,6.5,7.5,8.5,6.5,7.0,8.5,7.5,8.5,5,5,6,3,3,3,4,6,6,1,6,6,6,122.0,0.45,0.17,17.23,0.84,101.0,0.54,0.18,17.37,0.88,54.0,0.59,0.17,17.99,0.9
202,V,NL,NL,NL_in_NL,No,0,6.58,7.0,7,0,0,Yes,7.0,6.0,6.5,6.5,8.5,8.0,8.0,8.0,7.0,7.0,7.0,7.5,8.0,5,5,6,3,3,3,4,6,6,1,6,6,6,41.0,0.59,0.29,17.73,0.9,117.0,0.48,0.15,16.89,0.85,48.0,0.54,0.13,17.35,0.85
206,V,NL,NL,NL_in_NL,No,0,7.75,8.0,9,0,0,Yes,9.0,9.5,8.0,9.5,10.0,8.0,9.5,9.5,8.5,7.0,9.0,9.5,9.0,5,5,6,3,3,3,4,6,6,1,6,6,6,86.0,0.55,0.2,17.49,0.86,135.0,0.53,0.13,16.52,0.84,46.0,0.59,0.24,17.19,0.9
207,V,NL,NL,NL_in_NL,No,0,6.64,6.0,6,0,0,Yes,6.0,6.5,8.0,8.5,8.5,7.5,8.0,8.5,7.0,7.0,6.5,6.5,8.0,5,5,6,3,3,3,4,6,6,1,6,6,6,42.0,0.6,0.26,18.21,0.9,95.0,0.51,0.25,17.35,0.86,45.0,0.6,0.27,16.06,0.8
208,V,NL,NL,NL_in_NL,No,0,6.9,7.0,6,0,0,Yes,7.5,8.5,7.5,8.5,9.0,7.5,9.5,8.0,7.5,7.0,7.0,7.0,7.5,5,5,6,3,3,3,4,6,6,1,6,6,6,62.0,0.5,0.15,16.57,0.87,64.0,0.48,0.25,16.18,0.85,48.0,0.5,0.21,18.15,0.9
209,V,NL,NL,NL_in_NL,No,0,6.83,7.0,7,0,0,Yes,9.0,8.0,6.0,6.5,7.5,7.5,7.0,8.0,7.5,7.0,8.0,6.5,8.0,5,5,6,3,3,3,4,6,6,1,6,6,6,102.0,0.58,0.25,17.64,0.9,116.0,0.55,0.19,17.0,0.84,38.0,0.53,0.31,17.16,0.95
213,V,NL,NL,NL_in_NL,No,0,7.09,7.0,8,0,0,Yes,7.5,8.0,7.5,7.5,8.5,6.5,8.0,8.5,7.5,7.0,7.5,8.5,8.0,5,5,6,3,3,3,4,6,6,1,6,6,6,52.0,0.62,0.17,16.12,0.8,92.0,0.5,0.16,16.04,0.82,60.0,0.52,0.13,16.29,0.83
214,V,NL,NL,NL_in_NL,No,0,6.27,7.0,7,0,0,Yes,7.5,7.0,6.5,6.0,7.5,8.0,6.0,7.0,6.5,7.0,7.0,6.5,8.5,5,5,6,3,3,3,4,6,6,1,6,6,6,38.0,0.47,0.19,17.38,0.75,106.0,0.49,0.25,17.58,0.88,46.0,0.57,0.14,18.63,0.93
215,V,NL,DU,DU_in_NL,No,0,,,,0,0,Yes,6.0,6.0,5.0,6.0,7.0,5.0,6.5,7.0,6.5,7.0,6.0,4.0,6.5,5,5,6,3,3,3,4,6,6,1,6,6,6,68.0,0.63,0.22,16.32,0.83,98.0,0.56,0.22,17.08,0.85,42.0,0.5,0.16,17.39,0.9
218,M,NL,NL,NL_in_NL,AfterYear1,1,6.33,6.0,7,0,0,Yes,6.0,6.0,7.5,6.5,8.5,7.5,6.5,7.5,7.5,,4.5,6.0,7.0,5,5,6,3,3,3,4,6,6,1,6,6,6,56.0,0.46,0.27,14.93,0.75,106.0,0.43,0.09,16.39,0.84,56.0,0.54,0.18,16.7,0.85
220,V,NL,NL,NL_in_NL,No,0,6.73,7.0,6,0,0,Yes,6.0,7.5,7.5,6.5,7.5,6.5,8.5,8.5,7.0,7.0,7.0,9.0,8.0,5,5,6,3,3,3,4,6,6,1,6,6,6,82.0,0.59,0.13,16.13,0.76,90.0,0.53,0.12,16.24,0.83,49.0,0.57,0.15,17.2,0.82
221,M,NL,NL,NL_in_NL,No,0,6.73,6.0,7,0,0,Yes,6.5,8.5,9.0,7.5,7.5,7.5,9.0,8.5,8.5,7.0,8.0,7.5,8.5,5,5,6,3,3,3,4,6,6,1,6,6,6,189.0,0.48,0.2,18.15,0.93,128.0,0.49,0.14,16.73,0.86,55.0,0.53,0.17,16.9,0.93
222,V,NL,NL,NL_in_NL,No,0,6.64,7.0,6,0,0,Yes,6.0,7.5,7.5,7.0,7.0,7.5,7.5,8.0,7.5,7.0,6.0,6.0,6.5,5,5,6,3,3,3,4,6,6,1,6,6,6,128.0,0.54,0.15,18.15,0.9,111.0,0.49,0.15,16.61,0.82,59.0,0.59,0.22,17.27,0.85
224,V,NL,NL,NL_in_NL,No,0,6.9,7.0,7,0,0,Yes,7.5,9.0,7.5,6.5,8.5,7.5,7.5,9.0,8.0,7.0,6.5,7.5,9.0,5,5,6,3,3,3,4,6,6,1,6,6,6,51.0,0.65,0.11,17.72,0.93,59.0,0.61,0.23,17.43,0.82,65.0,0.54,0.13,18.99,0.95
226,V,NL,NL,NL_in_NL,No,0,6.58,6.0,6,0,0,Yes,6.5,6.5,5.0,7.0,7.5,7.0,7.5,7.5,6.5,7.0,8.0,7.0,7.5,5,5,6,3,3,3,4,6,6,1,6,6,6,48.0,0.56,0.23,16.28,0.78,70.0,0.54,0.12,16.62,0.8,38.0,0.53,0.24,18.15,0.8
230,V,NL,NL,NL_in_NL,No,0,7.25,7.0,8,0,0,Yes,6.0,6.5,4.0,7.0,7.5,7.0,8.0,8.5,7.5,7.0,6.5,7.0,7.5,5,5,6,3,3,3,4,6,6,1,6,6,6,139.0,0.58,0.19,18.87,0.92,131.0,0.5,0.23,17.77,0.88,70.0,0.47,0.18,18.03,0.9
232,V,NL,NL,NL_in_NL,No,0,7.1,8.0,7,0,0,Yes,6.5,8.0,8.0,6.5,7.5,8.0,9.0,8.0,7.5,7.0,8.0,7.0,8.5,5,5,6,3,3,3,4,6,6,1,6,6,6,38.0,0.58,0.25,17.58,0.9,46.0,0.57,0.31,18.0,0.85,53.0,0.51,0.1,18.67,0.88
235,V,NL,NL,NL_in_NL,AfterYear1,1,6.9,7.0,6,0,0,No,5.0,4.0,6.0,4.0,7.5,5.0,7.0,4.5,4.0,,3.5,,6.5,5,5,6,3,3,3,4,6,6,1,6,6,6,38.0,0.47,0.17,17.0,0.85,79.0,0.51,0.25,18.67,0.92,57.0,0.46,0.31,18.07,0.93
237,V,NL,NL,NL_in_NL,No,0,6.92,7.0,7,0,0,Yes,7.0,8.5,5.0,8.5,8.0,7.0,7.0,9.0,7.0,7.0,6.0,7.0,8.0,5,5,6,3,3,3,4,6,6,1,6,6,6,124.0,0.54,0.17,18.39,0.91,87.0,0.51,0.22,16.74,0.84,68.0,0.57,0.11,17.75,0.88
240,V,NL,NL,NL_in_NL,No,0,,,,0,0,Yes,6.5,8.0,7.0,7.0,6.0,7.0,8.0,7.0,8.0,7.0,6.5,7.0,8.0,5,5,6,3,3,3,4,6,6,1,6,6,6,46.0,0.59,0.28,15.86,0.75,71.0,0.44,0.1,16.99,0.88,40.0,0.53,0.2,17.15,0.8
241,M,NL,NL,NL_in_NL,AfterYear1,1,,,,0,0,Yes,6.0,7.0,6.5,5.0,8.0,8.5,7.0,8.0,8.0,7.0,7.0,7.0,8.0,5,5,6,3,3,3,4,6,6,1,6,6,6,53.0,0.49,0.08,18.35,0.9,119.0,0.53,0.12,15.96,0.77,37.0,0.54,0.21,16.13,0.9
242,V,NL,NL,NL_in_NL,No,0,6.62,6.0,6,0,0,Yes,6.0,7.0,7.0,7.5,6.5,7.5,8.5,8.5,6.5,7.0,6.0,7.0,7.0,5,5,6,3,3,3,4,6,6,1,6,6,6,39.0,0.62,0.16,16.9,0.85,45.0,0.51,0.21,17.51,0.88,48.0,0.54,0.13,18.62,0.9
243,M,NL,DU,DU_in_NL,No,0,,,,0,0,Yes,6.5,7.0,5.0,6.0,8.0,6.5,6.0,6.5,4.0,7.0,6.0,6.0,6.5,5,5,6,3,3,3,4,6,6,1,6,6,6,28.0,0.46,0.4,15.44,0.75,83.0,0.52,0.37,16.8,0.82,98.0,0.51,0.25,17.18,0.86
246,V,NL,NL,NL_in_NL,No,0,6.1,7.0,7,0,0,Yes,6.5,6.5,7.0,7.5,7.0,8.5,7.5,8.0,7.5,7.0,7.0,6.5,8.0,5,5,6,3,3,3,4,6,6,1,6,6,6,128.0,0.59,0.16,17.86,0.88,83.0,0.47,0.09,16.62,0.88,50.0,0.5,0.15,17.82,0.9
248,V,NL,DU,DU_in_NL,No,0,,,,0,0,Yes,7.0,7.0,8.5,7.0,9.5,7.0,7.5,8.0,7.5,7.0,6.5,6.0,7.0,5,5,6,3,3,3,4,6,6,1,6,6,6,84.0,0.61,0.14,16.28,0.79,128.0,0.49,0.19,16.67,0.86,94.0,0.54,0.14,17.87,0.89
249,V,NL,NL,NL_in_NL,No,0,6.58,6.0,7,0,0,Yes,8.0,8.5,5.0,8.5,9.5,6.5,8.0,8.5,7.0,,6.5,7.5,7.5,5,5,6,3,3,3,4,6,6,1,6,6,6,95.0,0.56,0.17,17.41,0.85,101.0,0.5,0.34,17.05,0.87,71.0,0.66,0.06,18.03,0.93
251,V,NL,NL,NL_in_NL,No,0,6.45,7.0,5,0,0,Yes,6.5,8.5,6.5,8.0,7.0,7.5,8.5,9.0,8.0,7.0,6.0,7.5,8.5,5,5,6,3,3,3,4,6,6,1,6,6,6,53.0,0.64,0.15,17.38,0.82,103.0,0.53,0.13,17.07,0.88,37.0,0.43,0.12,16.4,0.85
252,V,NL,NL,NL_in_NL,No,0,,,,0,0,Yes,6.0,6.5,6.5,6.5,7.5,8.5,6.0,6.5,6.5,7.0,6.0,5.0,7.0,5,5,6,3,3,3,4,6,6,1,6,6,6,106.0,0.4,0.14,18.37,0.92,98.0,0.46,0.19,17.0,0.9,39.0,0.49,0.15,17.7,0.95
253,V,NL,NL,NL_in_NL,No,0,6.64,7.0,8,0,0,Yes,7.5,6.5,7.5,6.5,9.5,5.0,8.0,8.5,7.0,7.0,7.5,7.0,8.5,5,5,6,3,3,3,4,6,6,1,6,6,6,71.0,0.49,0.27,17.82,0.88,68.0,0.53,0.19,17.84,0.9,55.0,0.58,0.17,18.37,0.88
254,M,NL,NL,NL_in_NL,No,0,6.4,6.0,7,0,0,No,5.0,7.0,5.0,6.5,6.5,5.0,8.5,7.5,4.0,7.0,7.0,6.0,7.0,5,5,6,3,3,3,4,6,6,1,6,6,6,68.0,0.59,0.17,18.82,0.93,111.0,0.47,0.08,17.45,0.85,48.0,0.6,0.11,16.74,0.85
256,V,NL,NL,NL_in_NL,No,0,7.42,7.0,6,0,0,Yes,6.5,8.5,7.5,7.5,9.0,8.5,8.0,9.5,7.5,7.0,7.0,8.5,8.0,5,5,6,3,3,3,4,6,6,1,6,6,6,79.0,0.54,0.17,17.88,0.85,104.0,0.51,0.14,16.1,0.81,41.0,0.51,0.15,18.82,0.88
258,V,NL,NL,NL_in_NL,No,0,6.58,6.0,6,0,0,Yes,7.0,6.5,7.0,6.0,6.0,7.0,7.0,8.5,4.0,7.0,6.0,6.5,7.5,5,5,6,3,3,3,4,6,6,1,6,6,6,47.0,0.57,0.22,15.63,0.82,61.0,0.48,0.23,16.18,0.83,49.0,0.49,0.29,16.28,0.77
260,V,NL,NL,NL_in_NL,No,0,7.0,7.0,8,0,0,Yes,7.0,7.5,5.0,7.0,7.5,8.5,7.0,8.5,6.5,7.0,8.0,8.0,8.0,5,5,6,3,3,3,4,6,6,1,6,6,6,99.0,0.55,0.24,16.95,0.84,112.0,0.47,0.2,17.64,0.87,51.0,0.57,0.32,19.01,0.93
261,V,NL,NL,NL_in_NL,No,0,7.18,7.0,7,0,0,Yes,7.5,8.5,7.0,9.0,7.5,7.0,8.0,9.0,6.5,7.0,8.0,6.5,8.5,5,5,6,3,3,3,4,6,6,1,6,6,6,62.0,0.5,0.15,16.03,0.82,95.0,0.48,0.13,16.31,0.85,72.0,0.54,0.25,18.28,0.9
263,V,NL,NL,NL_in_NL,No,0,7.36,7.0,8,0,0,Yes,6.5,8.0,7.5,6.5,8.5,7.0,8.5,9.0,7.0,7.0,7.0,7.5,8.0,5,5,6,3,3,3,4,6,6,1,6,6,6,62.0,0.56,0.17,16.83,0.85,115.0,0.51,0.14,17.45,0.86,62.0,0.55,0.19,18.71,0.92
264,V,NL,NL,NL_in_NL,No,0,7.42,6.0,7,0,0,Yes,8.0,8.0,8.0,6.5,9.5,8.0,8.0,8.5,7.0,7.0,7.5,7.5,9.0,5,5,6,3,3,3,4,6,6,1,6,6,6,36.0,0.53,0.21,18.25,0.95,111.0,0.52,0.23,16.86,0.84,33.0,0.42,0.15,17.5,0.9
265,M,NL,NL,NL_in_NL,No,0,6.55,5.0,6,0,0,Yes,6.5,9.0,7.0,4.0,8.5,6.5,8.0,9.0,6.5,7.0,7.5,8.5,8.0,5,5,6,3,3,3,4,6,6,1,6,6,6,115.0,0.54,0.22,17.46,0.94,116.0,0.5,0.1,17.35,0.86,66.0,0.55,0.13,18.01,0.87
266,V,NL,NL,NL_in_NL,No,0,6.11,6.0,5,0,0,Yes,8.0,6.0,7.0,6.5,6.0,6.5,8.0,8.0,7.5,7.0,6.5,6.0,7.0,5,5,6,3,3,3,4,6,6,1,6,6,6,38.0,0.66,0.15,16.21,0.85,133.0,0.51,0.18,16.24,0.82,63.0,0.54,0.19,18.29,0.83
272,V,NL,NL,NL_in_NL,No,0,,,,0,0,Yes,9.0,8.0,5.0,7.0,7.0,6.5,7.5,7.0,6.5,7.0,6.0,7.0,7.0,5,5,6,3,3,3,4,6,6,1,6,6,6,90.0,0.47,0.12,17.01,0.85,56.0,0.46,0.2,17.11,0.95,52.0,0.63,0.24,18.36,0.88
273,V,NL,NL,NL_in_NL,No,0,6.67,6.0,8,0,0,Yes,6.0,8.5,7.0,7.0,6.5,6.5,7.5,8.5,7.0,7.0,6.0,7.0,8.0,5,5,6,3,3,3,4,6,6,1,6,6,6,123.0,0.5,0.15,18.66,0.93,96.0,0.52,0.12,17.9,0.89,50.0,0.52,0.25,18.27,0.88
274,V,NL,DU,DU_in_NL,No,0,,,,0,0,Yes,7.5,8.5,5.0,6.5,7.5,6.5,7.0,6.5,7.5,7.0,6.0,6.5,7.0,5,5,6,3,3,3,4,6,6,1,6,6,6,105.0,0.53,0.23,18.29,0.92,72.0,0.47,0.2,17.82,0.9,55.0,0.56,0.18,18.14,0.95
275,V,NL,DU,DU_in_NL,No,0,,,,0,0,Yes,6.5,6.5,7.0,7.0,9.5,7.0,9.0,9.0,7.0,7.0,7.5,8.5,8.0,5,5,6,3,3,3,4,6,6,1,6,6,6,93.0,0.56,0.19,16.91,0.81,109.0,0.47,0.14,17.45,0.89,78.0,0.56,0.19,18.19,0.9
276,M,NL,DU,DU_in_NL,No,0,,,,0,0,Yes,6.5,8.0,6.5,7.5,6.5,6.5,6.0,6.5,7.0,7.0,7.0,6.5,8.0,5,5,6,3,3,3,4,6,6,1,6,6,6,85.0,0.54,0.15,18.36,0.89,87.0,0.53,0.19,17.32,0.81,43.0,0.42,0.06,17.28,0.85
277,V,NL,NL,NL_in_NL,No,0,6.7,7.0,6,0,0,Yes,6.5,9.0,7.5,7.5,9.5,7.0,8.5,8.0,7.0,7.0,8.5,8.0,8.0,5,5,6,3,3,3,4,6,6,1,6,6,6,59.0,0.58,0.23,16.29,0.93,100.0,0.53,0.19,16.36,0.83,57.0,0.49,0.21,15.09,0.8
278,M,NL,DU,DU_in_NL,No,0,,,,0,0,Yes,6.0,6.0,6.5,4.5,6.5,6.0,6.0,7.0,7.0,7.0,6.0,6.5,8.5,5,5,6,3,3,3,4,6,6,1,6,6,6,57.0,0.58,0.16,18.07,0.95,119.0,0.55,0.16,14.87,0.73,50.0,0.5,0.14,17.06,0.82
279,V,NL,NL,NL_in_NL,No,0,7.0,7.0,6,0,0,Yes,6.0,5.0,7.5,6.0,7.5,7.5,7.0,8.0,7.0,7.0,6.0,6.0,6.5,5,5,6,3,3,3,4,6,6,1,6,6,6,31.0,0.68,0.21,14.18,0.7,108.0,0.54,0.24,17.29,0.87,42.0,0.57,0.13,16.82,0.85
281,M,NL,DU,DU_in_NL,No,0,,,,0,0,Yes,6.0,6.0,6.5,6.0,7.5,4.0,6.5,7.0,7.0,7.0,6.5,6.0,7.5,5,5,6,3,3,3,4,6,6,1,6,6,6,75.0,0.49,0.14,17.62,0.82,72.0,0.58,0.23,17.05,0.85,54.0,0.5,0.07,18.02,0.93
282,V,NL,NL,NL_in_NL,No,0,6.18,6.0,7,0,0,Yes,7.5,9.0,7.5,8.5,6.0,7.0,7.5,8.0,7.0,7.0,4.5,8.0,9.0,5,5,6,3,3,3,4,6,6,1,6,6,6,105.0,0.59,0.16,17.87,0.92,68.0,0.47,0.2,16.76,0.85,45.0,0.51,0.38,16.36,0.88
285,V,NL,NL,NL_in_NL,No,0,6.67,6.0,6,0,0,Yes,5.0,7.0,6.0,6.5,6.0,7.5,9.5,7.5,7.0,7.0,5.0,6.0,6.5,5,5,6,3,3,3,4,6,6,1,6,6,6,57.0,0.49,0.19,16.79,0.78,71.0,0.51,0.13,16.57,0.82,40.0,0.6,0.18,18.69,0.93
287,M,NL,NL,NL_in_NL,No,0,6.7,7.0,8,0,0,Yes,6.0,7.5,5.0,7.5,6.5,7.0,6.5,7.5,7.5,7.0,6.0,7.0,8.0,5,5,6,3,3,3,4,6,6,1,6,6,6,31.0,0.65,0.17,17.71,0.9,73.0,0.52,0.21,18.77,0.92,20.0,0.6,0.25,20.0,1.0
290,V,NL,NL,NL_in_NL,No,0,7.31,7.0,8,0,0,Yes,7.0,7.5,8.0,7.5,8.5,7.0,7.0,8.5,4.0,7.0,6.5,6.5,8.5,5,5,6,3,3,3,4,6,6,1,6,6,6,59.0,0.56,0.18,18.13,0.97,110.0,0.49,0.18,16.15,0.81,50.0,0.64,0.21,17.75,0.93
291,V,NL,NL,NL_in_NL,No,0,6.92,6.0,7,0,0,Yes,8.0,9.0,8.0,8.5,8.5,8.0,8.5,9.5,7.0,7.0,7.5,8.0,9.0,5,5,6,3,3,3,4,6,6,1,6,6,6,56.0,0.48,0.14,17.14,0.82,98.0,0.5,0.08,17.68,0.89,44.0,0.52,0.11,18.39,0.88
292,V,NL,NL,NL_in_NL,AfterYear1,1,7.0,7.0,7,0,0,Yes,7.0,8.0,7.0,7.5,7.0,7.5,8.0,7.5,7.5,7.0,7.0,7.5,8.5,5,5,6,3,3,3,4,6,6,1,6,6,6,149.0,0.5,0.16,17.44,0.88,114.0,0.54,0.18,16.66,0.85,71.0,0.51,0.18,17.05,0.85
293,V,NL,NL,NL_in_NL,No,0,6.64,7.0,7,0,0,Yes,6.0,7.0,8.5,7.5,7.5,7.0,7.5,8.0,7.0,7.0,8.5,6.0,8.5,5,5,6,3,3,3,4,6,6,1,6,6,6,63.0,0.57,0.28,16.93,0.77,109.0,0.51,0.23,17.61,0.89,71.0,0.56,0.12,17.14,0.82
295,M,NL,NL,NL_in_NL,No,0,6.18,6.0,6,0,0,Yes,6.0,8.5,7.0,6.5,7.0,5.0,8.5,8.0,4.0,,7.0,5.0,8.0,5,5,6,3,3,3,4,6,6,1,6,6,6,59.0,0.59,0.16,16.32,0.85,113.0,0.44,0.28,17.6,0.91,60.0,0.5,0.16,17.45,0.9
297,V,NL,NL,NL_in_NL,No,0,6.94,7.0,7,0,0,Yes,7.5,7.0,6.0,7.0,7.5,7.0,6.5,7.5,7.0,7.0,8.0,6.5,8.0,5,5,6,3,3,3,4,6,6,1,6,6,6,53.0,0.62,0.21,17.87,0.9,91.0,0.51,0.22,17.06,0.85,52.0,0.58,0.17,17.66,0.93
299,V,NL,NL,NL_in_NL,No,0,7.73,8.0,8,0,0,Yes,7.5,9.0,8.5,8.5,9.0,7.0,9.0,9.5,8.0,7.0,8.0,8.5,8.5,5,5,6,3,3,3,4,6,6,1,6,6,6,135.0,0.48,0.15,16.93,0.81,151.0,0.52,0.18,17.51,0.89,80.0,0.59,0.16,18.56,0.95
300,V,NL,NL,NL_in_NL,No,0,6.78,7.0,7,0,0,Yes,7.5,7.0,7.5,6.0,7.0,7.5,6.0,8.0,7.0,7.0,7.5,6.5,8.5,5,5,6,3,3,3,4,6,6,1,6,6,6,161.0,0.55,0.13,17.94,0.89,110.0,0.55,0.16,16.52,0.85,44.0,0.61,0.13,17.6,0.88
301,V,NL,NL,NL_in_NL,No,0,6.91,7.0,6,0,0,Yes,7.5,8.5,8.5,7.5,7.5,7.0,8.0,8.5,7.0,7.0,6.5,8.5,8.5,5,5,6,3,3,3,4,6,6,1,6,6,6,55.0,0.53,0.35,17.15,0.88,141.0,0.52,0.19,17.35,0.88,60.0,0.53,0.15,17.15,0.88
303,V,NL,NL,NL_in_NL,No,0,7.42,7.0,8,0,0,Yes,6.0,7.5,7.5,7.5,7.5,8.0,8.5,7.0,7.0,7.0,4.5,6.5,7.5,5,5,6,3,3,3,4,6,6,1,6,6,6,45.0,0.49,0.16,16.28,0.9,74.0,0.5,0.1,16.45,0.83,47.0,0.47,0.19,18.11,0.9
305,V,NL,NL,NL_in_NL,No,0,6.91,7.0,8,0,0,Yes,7.5,8.0,4.0,6.0,6.0,6.5,6.5,7.5,7.0,7.0,8.0,8.0,8.5,5,5,6,3,3,3,4,6,6,1,6,6,6,35.0,0.54,0.24,18.0,0.95,110.0,0.54,0.15,17.42,0.9,70.0,0.59,0.13,17.83,0.95
306,V,NL,NL,NL_in_NL,No,0,7.92,7.0,7,0,0,Yes,9.5,9.5,8.0,8.5,9.0,8.0,9.5,9.5,7.5,7.0,8.5,9.5,9.0,5,5,6,3,3,3,4,6,6,1,6,6,6,110.0,0.43,0.16,17.06,0.87,128.0,0.55,0.19,17.67,0.88,80.0,0.55,0.12,16.84,0.89
308,M,NL,NL,NL_in_NL,No,0,,,,0,0,Yes,7.0,8.5,7.5,6.5,6.5,6.5,6.0,7.5,6.5,7.0,7.5,7.0,8.5,5,5,6,3,3,3,4,6,6,1,6,6,6,82.0,0.62,0.11,18.11,0.9,67.0,0.52,0.16,17.85,0.9,42.0,0.5,0.19,16.35,0.82
309,M,NL,NL,NL_in_NL,No,0,6.2,5.0,6,0,0,Yes,6.5,7.5,5.0,6.5,6.0,8.5,6.0,7.5,5.0,7.0,4.0,7.0,8.5,5,5,6,3,3,3,4,6,6,1,6,6,6,31.0,0.48,0.26,17.33,0.95,51.0,0.45,0.28,17.31,0.82,34.0,0.44,0.27,18.93,0.95
310,V,NL,NL,NL_in_NL,No,0,7.23,7.0,8,0,0,Yes,8.0,8.0,8.0,8.0,10.0,8.0,9.0,9.5,7.0,7.0,6.5,8.0,8.0,5,5,6,3,3,3,4,6,6,1,6,6,6,49.0,0.59,0.26,16.12,0.77,108.0,0.5,0.24,15.58,0.79,57.0,0.51,0.16,17.64,0.85
314,V,NL,NL,NL_in_NL,No,0,6.27,7.0,6,0,0,Yes,6.0,6.5,7.0,8.0,6.5,7.5,8.5,9.0,7.0,7.0,8.0,6.5,7.5,5,5,6,3,3,3,4,6,6,1,6,6,6,43.0,0.63,0.24,16.44,0.85,155.0,0.55,0.14,17.59,0.89,43.0,0.49,0.32,17.41,0.8
315,V,NL,NL,NL_in_NL,AfterYear1,1,7.75,7.0,8,0,0,Yes,8.0,9.0,8.0,8.0,8.5,7.0,9.5,9.0,8.0,7.0,7.0,8.0,9.0,5,5,6,3,3,3,4,6,6,1,6,6,6,151.0,0.57,0.19,18.12,0.88,119.0,0.5,0.19,16.31,0.84,108.0,0.55,0.18,18.3,0.88
316,M,NL,DU,DU_in_NL,AfterYear1,1,,,,0,0,Yes,6.5,8.5,7.5,6.0,7.5,6.5,6.0,7.5,7.5,7.0,6.0,7.5,8.5,5,5,6,3,3,3,4,6,6,1,6,6,6,27.0,0.63,0.29,17.75,0.95,70.0,0.51,0.17,17.46,0.87,69.0,0.51,0.2,18.6,0.9
317,V,NL,NL,NL_in_NL,No,0,7.36,8.0,8,0,0,Yes,7.5,8.5,7.5,8.0,8.5,8.5,9.0,8.5,7.0,7.0,8.5,8.0,8.5,5,5,6,3,3,3,4,6,6,1,6,6,6,130.0,0.53,0.21,17.35,0.85,94.0,0.53,0.25,18.34,0.91,40.0,0.4,0.33,15.66,0.77
318,V,NL,NL,NL_in_NL,AfterYear1,1,6.75,7.0,6,0,0,Yes,6.0,7.5,7.0,6.0,9.0,8.0,7.5,8.5,7.5,7.0,7.0,7.5,7.5,5,5,6,3,3,3,4,6,6,1,6,6,6,43.0,0.51,0.21,15.39,0.82,70.0,0.54,0.11,17.04,0.78,33.0,0.52,0.2,19.37,0.95
321,M,NL,NL,NL_in_NL,No,0,7.85,7.0,8,0,0,Yes,9.0,7.5,5.0,6.5,6.5,4.0,8.0,8.0,4.0,,6.0,6.5,7.5,5,5,6,3,3,3,4,6,6,1,6,6,6,43.0,0.53,0.23,17.32,0.82,60.0,0.55,0.17,15.38,0.8,56.0,0.52,0.15,18.67,0.9
322,V,NL,NL,NL_in_NL,No,0,,,,0,0,Yes,8.0,7.5,7.0,7.5,10.0,7.0,8.5,9.0,7.5,7.0,7.5,6.0,8.0,5,5,6,3,3,3,4,6,6,1,6,6,6,36.0,0.56,0.24,17.47,0.8,107.0,0.6,0.21,16.49,0.82,23.0,0.61,0.12,15.0,0.8
324,V,NL,NL,NL_in_NL,AfterYear1,1,6.42,6.0,7,0,0,Yes,6.0,9.5,7.5,7.5,9.5,7.0,7.5,9.0,7.0,7.0,6.5,6.5,8.5,5,5,6,3,3,3,4,6,6,1,6,6,6,20.0,0.65,0.11,18.0,0.9,86.0,0.52,0.09,16.2,0.81,42.0,0.6,0.22,17.4,0.8
326,V,NL,NL,NL_in_NL,No,0,7.69,8.0,8,0,0,Yes,6.5,6.5,6.5,6.0,8.5,9.0,6.5,7.0,7.0,7.0,7.0,7.0,8.5,5,5,6,3,3,3,4,6,6,1,6,6,6,54.0,0.52,0.17,17.52,0.82,142.0,0.49,0.16,16.63,0.84,53.0,0.57,0.07,18.69,0.93
327,V,NL,NL,NL_in_NL,No,0,6.82,7.0,8,0,0,Yes,8.0,6.5,8.5,6.5,8.0,8.5,9.0,9.0,8.5,7.0,8.0,8.5,8.0,5,5,6,3,3,3,4,6,6,1,6,6,6,129.0,0.45,0.17,17.25,0.87,120.0,0.52,0.14,17.11,0.87,62.0,0.6,0.19,18.31,0.9
330,V,NL,NL,NL_in_NL,No,0,6.18,6.0,6,0,0,Yes,8.0,7.5,7.0,8.0,8.5,7.0,6.0,7.5,7.0,7.0,6.0,6.0,7.5,5,5,6,3,3,3,4,6,6,1,6,6,6,29.0,0.52,0.25,13.18,0.65,85.0,0.4,0.24,15.76,0.76,51.0,0.59,0.14,17.99,0.88
332,V,NL,NL,NL_in_NL,No,0,7.0,7.0,7,0,0,Yes,6.0,8.5,8.5,7.0,6.5,7.5,8.5,9.5,7.0,7.0,4.5,7.5,8.5,5,5,6,3,3,3,4,6,6,1,6,6,6,139.0,0.58,0.22,18.38,0.92,124.0,0.47,0.12,17.27,0.87,64.0,0.55,0.19,17.16,0.88
336,V,NL,NL,NL_in_NL,AfterYear1,1,6.38,6.0,7,0,0,No,6.0,6.0,5.0,8.0,6.0,4.0,7.0,4.5,4.0,,4.5,,,5,5,6,3,3,3,4,6,6,1,6,6,6,50.0,0.5,0.31,17.51,0.9,89.0,0.54,0.17,18.25,0.92,31.0,0.61,0.27,18.41,0.95
337,V,NL,NL,NL_in_NL,No,0,6.55,6.0,6,0,0,Yes,8.5,6.5,5.0,7.0,8.5,8.0,8.5,8.0,6.5,7.0,6.5,6.0,7.5,5,5,6,3,3,3,4,6,6,1,6,6,6,141.0,0.49,0.18,17.91,0.89,119.0,0.5,0.18,17.13,0.85,61.0,0.51,0.29,17.91,0.9
339,V,NL,NL,NL_in_NL,No,0,6.67,6.0,6,0,0,Yes,6.5,4.5,6.5,7.0,7.5,7.0,6.0,7.0,6.5,,4.0,4.5,6.5,5,5,6,3,3,3,4,6,6,1,6,6,6,115.0,0.54,0.15,18.99,0.95,123.0,0.52,0.15,16.78,0.83,51.0,0.53,0.1,18.83,0.95
340,M,NL,NL,NL_in_NL,AfterYear1,1,7.0,7.0,9,0,0,Yes,6.5,6.0,4.0,6.0,7.0,7.5,7.5,8.5,6.0,,6.0,4.5,7.0,5,5,6,3,3,3,4,6,6,1,6,6,6,56.0,0.46,0.14,18.23,0.93,83.0,0.52,0.12,15.2,0.8,46.0,0.43,0.14,17.48,0.9
342,V,NL,NL,NL_in_NL,No,0,6.5,6.0,8,0,0,Yes,6.0,7.0,7.5,7.0,7.5,6.5,7.5,8.0,7.0,7.0,6.0,7.5,9.0,5,5,6,3,3,3,4,6,6,1,6,6,6,58.0,0.57,0.17,18.55,0.95,91.0,0.46,0.15,17.74,0.89,52.0,0.6,0.12,18.07,0.9
344,V,NL,NL,NL_in_NL,No,0,6.83,6.0,7,0,0,Yes,6.5,7.5,8.0,6.5,8.5,7.0,8.0,8.5,7.5,7.0,6.0,6.5,8.0,5,5,6,3,3,3,4,6,6,1,6,6,6,95.0,0.46,0.22,17.15,0.8,68.0,0.5,0.28,17.79,0.88,45.0,0.47,0.29,17.06,0.85
346,V,NL,NL,NL_in_NL,No,0,,,,0,0,Yes,7.5,6.5,7.0,7.0,9.0,7.0,7.0,8.0,6.5,7.0,6.0,6.0,7.0,5,5,6,3,3,3,4,6,6,1,6,6,6,120.0,0.5,0.17,18.22,0.91,88.0,0.55,0.07,15.41,0.76,73.0,0.48,0.23,17.04,0.82
506,V,EN,DU,DU_in_EN,No,0,,,,0,0,Yes,9.0,9.0,7.0,7.5,7.5,8.5,7.0,8.0,7.5,7.0,7.5,9.5,8.5,5,5,6,3,3,3,4,6,6,1,6,6,6,77.0,0.51,0.18,16.18,0.78,107.0,0.5,0.13,18.36,0.92,102.0,0.44,0.18,17.78,0.9
507,M,EN,NL,NL_in_EN,No,0,,,,1,0,No,,7.5,5.0,4.5,8.0,7.0,6.0,5.0,7.5,7.0,,,,5,5,6,3,3,3,4,6,6,1,6,6,6,53.0,0.49,0.09,16.84,0.85,74.0,0.5,0.07,16.12,0.77,77.0,0.4,0.07,16.16,0.88
511,V,EN,DU,DU_in_EN,No,0,,,,0,0,Yes,6.5,7.5,5.0,4.5,6.5,6.5,6.0,7.0,4.0,7.0,6.0,6.0,7.5,5,5,6,3,3,3,4,6,6,1,6,6,6,64.0,0.56,0.19,18.44,0.93,103.0,0.5,0.18,16.75,0.79,50.0,0.54,0.05,18.29,0.9
512,M,EN,DU,DU_in_EN,No,0,,,,0,0,Yes,6.5,7.0,7.0,6.5,8.0,6.5,8.0,8.5,7.0,7.0,7.0,6.0,7.5,5,5,6,3,3,3,4,6,6,1,6,6,6,191.0,0.48,0.15,17.91,0.89,130.0,0.45,0.17,18.21,0.92,43.0,0.47,0.07,16.25,0.8
515,M,EN,DU,DU_in_EN,No,0,,,,0,0,Yes,7.0,9.0,7.5,6.5,6.5,6.5,8.0,8.5,7.5,7.0,6.5,7.0,8.0,5,5,6,3,3,3,4,6,6,1,6,6,6,61.0,0.59,0.23,17.33,0.87,83.0,0.52,0.15,15.48,0.79,48.0,0.52,0.03,18.83,0.9
519,M,EN,DU,DU_in_EN,No,0,,,,0,0,Yes,8.0,8.0,6.5,6.5,10.0,4.0,6.0,7.5,4.0,7.0,8.0,5.0,8.0,5,5,6,3,3,3,4,6,6,1,6,6,6,124.0,0.54,0.1,17.57,0.85,120.0,0.45,0.09,15.71,0.8,60.0,0.43,0.2,16.45,0.8
521,M,EN,DU,DU_in_EN,No,0,,,,0,0,Yes,6.5,7.0,8.0,6.0,9.5,7.0,6.0,8.0,7.5,7.0,7.0,7.5,8.5,5,5,6,3,3,3,4,6,6,1,6,6,6,114.0,0.55,0.24,17.35,0.85,136.0,0.49,0.17,17.6,0.83,63.0,0.54,0.19,18.22,0.97
523,M,EN,NL,NL_in_EN,No,0,6.8,7.0,8,1,0,Yes,7.0,8.0,6.5,7.0,8.0,7.5,6.0,7.5,7.0,7.0,6.5,8.0,8.0,5,5,6,3,3,3,4,6,6,1,6,6,6,89.0,0.61,0.21,18.05,0.89,61.0,0.54,0.13,16.92,0.87,36.0,0.53,0.07,18.0,0.95
527,V,EN,DU,DU_in_EN,No,0,,,,0,0,Yes,6.0,7.0,7.5,6.5,7.5,7.0,6.5,9.0,7.0,7.0,6.0,7.0,8.0,5,5,6,3,3,3,4,6,6,1,6,6,6,125.0,0.5,0.1,17.32,0.85,37.0,0.41,0.07,17.45,0.85,37.0,0.54,0.07,16.82,0.8
531,V,EN,DU,DU_in_EN,No,0,,,,0,0,Yes,6.5,8.0,6.0,6.0,8.0,8.0,6.5,7.5,4.0,7.0,3.0,7.0,8.5,5,5,6,3,3,3,4,6,6,1,6,6,6,222.0,0.52,0.13,18.4,0.93,95.0,0.45,0.05,16.7,0.83,50.0,0.54,0.11,16.81,0.82
534,V,EN,DU,DU_in_EN,No,0,,,,0,0,Yes,6.5,8.0,6.5,7.0,10.0,7.5,7.5,7.5,7.5,7.0,7.0,6.5,8.5,5,5,6,3,3,3,4,6,6,1,6,6,6,143.0,0.5,0.15,16.99,0.85,158.0,0.5,0.17,17.48,0.85,92.0,0.52,0.09,16.82,0.85
535,V,EN,DU,DU_in_EN,No,0,,,,0,0,Yes,6.0,8.5,7.5,8.0,9.0,6.5,8.0,7.5,7.5,7.0,8.0,8.0,8.5,5,5,6,3,3,3,4,6,6,1,6,6,6,204.0,0.51,0.11,17.32,0.86,117.0,0.65,0.11,17.17,0.87,80.0,0.49,0.07,18.28,0.91
536,V,EN,DU,DU_in_EN,No,0,,,,0,0,Yes,6.5,8.0,7.5,6.5,7.0,7.5,7.0,9.0,7.5,7.0,8.0,8.0,7.5,5,5,6,3,3,3,4,6,6,1,6,6,6,283.0,0.49,0.14,17.53,0.89,94.0,0.44,0.1,16.56,0.81,108.0,0.51,0.15,18.47,0.94
539,V,EN,DU,DU_in_EN,No,0,,,,0,0,Yes,7.0,8.0,8.0,7.0,9.5,7.0,7.0,7.5,7.5,7.0,6.5,6.0,9.0,5,5,6,3,3,3,4,6,6,1,6,6,6,128.0,0.53,0.1,18.53,0.91,52.0,0.46,0.03,16.64,0.85,65.0,0.42,0.15,17.13,0.87
544,V,EN,DU,DU_in_EN,No,0,,,,0,0,Yes,7.0,9.5,8.5,7.0,10.0,7.5,8.0,7.5,8.5,7.0,6.5,8.0,8.5,5,5,6,3,3,3,4,6,6,1,6,6,6,201.0,0.48,0.19,17.99,0.9,92.0,0.48,0.04,16.56,0.82,66.0,0.47,0.11,17.33,0.83
546,V,EN,NL,NL_in_EN,No,0,6.85,7.0,8,0,0,Yes,6.0,6.5,4.0,6.5,8.5,7.0,7.5,7.5,7.0,,6.5,6.0,7.0,5,5,6,3,3,3,4,6,6,1,6,6,6,83.0,0.51,0.1,16.75,0.9,49.0,0.51,0.08,18.54,0.88,43.0,0.53,0.14,15.59,0.85
548,V,EN,DU,DU_in_EN,No,0,,,,0,0,Yes,7.0,9.5,5.0,8.0,10.0,8.0,8.5,8.5,7.0,7.0,6.0,8.5,8.0,5,5,6,3,3,3,4,6,6,1,6,6,6,149.0,0.48,0.22,17.84,0.91,69.0,0.41,0.09,15.71,0.82,89.0,0.51,0.13,17.24,0.85
552,M,EN,DU,DU_in_EN,AfterYear1,1,,,,0,0,Yes,8.0,7.5,7.5,6.0,7.0,7.5,7.5,6.5,7.0,,6.0,7.5,7.0,5,5,6,3,3,3,4,6,6,1,6,6,6,112.0,0.54,0.13,18.18,0.92,86.0,0.47,0.1,16.26,0.86,49.0,0.51,0.15,16.87,0.85
556,V,EN,DU,DU_in_EN,AfterYear1,1,,,,0,0,No,6.0,6.5,7.0,4.0,6.0,7.5,7.0,5.0,4.0,7.0,3.5,6.0,7.5,5,5,6,3,3,3,4,6,6,1,6,6,6,45.0,0.53,0.22,18.71,0.93,67.0,0.45,0.16,16.2,0.82,75.0,0.48,0.05,16.29,0.77
558,V,EN,DU,DU_in_EN,AfterYear1,1,,,,0,0,Yes,7.0,9.0,7.0,7.0,7.5,6.5,8.0,7.0,6.5,7.0,7.0,7.0,7.5,5,5,6,3,3,3,4,6,6,1,6,6,6,192.0,0.47,0.12,17.68,0.88,111.0,0.44,0.13,17.45,0.82,68.0,0.5,0.12,17.77,0.9
559,V,EN,DU,DU_in_EN,No,0,,,,0,0,Yes,7.0,9.0,8.5,6.0,6.0,7.5,7.5,8.0,8.5,7.0,7.0,8.5,8.5,5,5,6,3,3,3,4,6,6,1,6,6,6,138.0,0.42,0.16,17.39,0.85,126.0,0.52,0.11,17.77,0.88,61.0,0.52,0.11,18.59,0.92
563,V,EN,DU,DU_in_EN,No,0,,,,0,0,Yes,6.0,6.5,7.0,6.0,6.5,6.5,7.5,7.0,4.0,7.0,6.0,6.0,8.0,5,5,6,3,3,3,4,6,6,1,6,6,6,58.0,0.5,0.12,16.35,0.88,87.0,0.45,0.1,17.13,0.86,74.0,0.53,0.1,15.27,0.75
566,V,EN,DU,DU_in_EN,No,0,,,,0,0,Yes,6.5,6.5,5.0,6.0,6.5,8.0,8.5,7.0,7.5,7.0,5.0,4.5,7.0,5,5,6,3,3,3,4,6,6,1,6,6,6,87.0,0.56,0.14,17.23,0.83,151.0,0.5,0.1,16.58,0.84,44.0,0.45,0.0,19.19,0.9
572,V,EN,NL,NL_in_EN,No,0,7.45,7.0,8,0,0,Yes,6.5,8.5,9.5,7.0,9.5,8.0,8.5,8.5,8.0,7.0,6.0,9.0,8.5,5,5,6,3,3,3,4,6,6,1,6,6,6,78.0,0.47,0.1,18.57,0.88,112.0,0.49,0.07,16.0,0.77,75.0,0.51,0.15,18.09,0.87
573,V,EN,NL,NL_in_EN,No,0,6.25,6.0,7,0,0,Yes,6.0,8.0,7.5,6.0,9.0,7.5,6.5,7.0,7.5,7.0,7.5,7.0,6.0,5,5,6,3,3,3,4,6,6,1,6,6,6,92.0,0.52,0.15,17.25,0.88,63.0,0.49,0.12,17.34,0.88,63.0,0.46,0.02,17.39,0.85
575,V,EN,DU,DU_in_EN,AfterYear1,1,,,,0,0,Yes,7.5,7.0,4.0,6.5,6.0,8.5,7.0,6.5,6.0,7.0,6.5,6.5,7.5,5,5,6,3,3,3,4,6,6,1,6,6,6,40.0,0.42,0.24,15.99,0.85,94.0,0.46,0.12,16.72,0.85,46.0,0.48,0.09,15.68,0.82
576,V,EN,NL,NL_in_EN,No,0,7.17,7.0,6,0,0,Yes,6.5,6.0,5.0,8.0,7.0,6.0,6.5,7.0,7.0,7.0,6.0,6.5,6.5,5,5,6,3,3,3,4,6,6,1,6,6,6,72.0,0.49,0.1,16.97,0.85,107.0,0.48,0.07,17.24,0.88,66.0,0.58,0.18,17.15,0.88
577,V,EN,DU,DU_in_EN,No,0,,,,0,0,Yes,7.5,8.0,8.0,6.5,7.0,5.0,8.0,7.0,7.0,7.0,7.0,8.0,8.5,5,5,6,3,3,3,4,6,6,1,6,6,6,63.0,0.51,0.16,18.2,0.92,92.0,0.45,0.15,16.28,0.84,74.0,0.53,0.08,17.97,0.88
581,V,EN,NL,NL_in_EN,No,0,6.83,6.0,7,0,0,Yes,7.5,8.0,7.5,7.5,8.0,7.5,9.5,8.5,7.5,7.0,6.0,8.0,7.5,5,5,6,3,3,3,4,6,6,1,6,6,6,54.0,0.52,0.22,16.58,0.88,75.0,0.51,0.05,17.93,0.88,59.0,0.53,0.12,18.47,0.93
582,V,EN,DU,DU_in_EN,No,0,,,,0,0,Yes,5.0,6.0,7.0,4.0,7.5,6.5,6.0,8.0,7.5,7.0,6.5,6.5,6.5,5,5,6,3,3,3,4,6,6,1,6,6,6,94.0,0.48,0.2,16.32,0.77,57.0,0.56,0.11,15.53,0.82,79.0,0.53,0.15,15.7,0.73
586,V,EN,DU,DU_in_EN,No,0,,,,0,0,Yes,7.0,7.5,8.0,7.0,8.0,7.0,7.5,8.5,7.5,7.0,6.5,7.5,8.0,5,5,6,3,3,3,4,6,6,1,6,6,6,189.0,0.56,0.24,17.82,0.89,132.0,0.48,0.08,15.71,0.8,69.0,0.58,0.18,17.55,0.83
587,V,EN,DU,DU_in_EN,No,0,,,,0,0,Yes,7.0,6.5,8.0,6.0,7.0,7.0,6.5,7.5,8.0,7.0,6.0,6.5,7.5,5,5,6,3,3,3,4,6,6,1,6,6,6,216.0,0.48,0.2,18.11,0.91,132.0,0.45,0.17,15.55,0.79,75.0,0.45,0.08,17.34,0.85
589,V,EN,DU,DU_in_EN,No,0,,,,0,0,Yes,6.5,7.5,7.5,6.5,8.0,7.0,8.0,8.5,8.0,7.0,7.0,6.5,8.0,5,5,6,3,3,3,4,6,6,1,6,6,6,106.0,0.42,0.14,17.51,0.89,100.0,0.44,0.04,15.67,0.75,85.0,0.54,0.05,17.32,0.88
590,V,EN,DU,DU_in_EN,No,0,,,,0,0,Yes,6.5,7.0,7.0,6.5,8.5,7.0,6.0,8.5,4.0,7.0,7.0,6.5,7.5,5,5,6,3,3,3,4,6,6,1,6,6,6,112.0,0.51,0.14,17.4,0.86,84.0,0.51,0.06,17.79,0.89,29.0,0.62,0.19,19.2,1.0
591,V,EN,DU,DU_in_EN,No,0,,,,0,0,Yes,8.0,8.0,8.0,6.0,8.5,8.5,7.5,8.0,7.5,7.0,7.0,6.0,8.5,5,5,6,3,3,3,4,6,6,1,6,6,6,131.0,0.49,0.18,18.27,0.85,76.0,0.5,0.12,16.96,0.77,81.0,0.53,0.12,18.87,0.94
593,V,EN,DU,DU_in_EN,No,0,,,,0,0,Yes,6.5,7.5,7.0,6.0,10.0,4.0,7.5,8.0,4.0,7.0,6.0,6.5,8.0,5,5,6,3,3,3,4,6,6,1,6,6,6,134.0,0.51,0.18,17.24,0.88,113.0,0.5,0.09,16.58,0.82,61.0,0.48,0.09,17.15,0.88
594,V,EN,DU,DU_in_EN,No,0,,,,0,0,Yes,8.0,8.0,7.5,7.5,9.5,7.0,8.5,9.5,7.5,7.0,7.5,7.0,8.5,5,5,6,3,3,3,4,6,6,1,6,6,6,94.0,0.49,0.14,17.22,0.85,129.0,0.45,0.08,17.0,0.86,93.0,0.48,0.11,18.08,0.9
596,M,EN,DU,DU_in_EN,No,0,,,,0,0,Yes,7.5,8.5,7.0,7.0,10.0,7.5,7.0,8.5,7.0,7.0,7.5,7.5,8.5,5,5,6,3,3,3,4,6,6,1,6,6,6,102.0,0.52,0.17,18.37,0.91,108.0,0.45,0.07,17.05,0.85,79.0,0.54,0.15,18.25,0.87
605,V,EN,DU,DU_in_EN,No,0,,,,0,0,Yes,8.0,9.0,7.5,8.5,9.0,8.0,8.0,8.0,7.5,7.0,7.0,6.5,8.5,5,5,6,3,3,3,4,6,6,1,6,6,6,96.0,0.54,0.17,16.73,0.83,102.0,0.48,0.09,16.31,0.82,66.0,0.44,0.14,17.71,0.87
606,M,EN,DU,DU_in_EN,AfterYear1,1,,,,0,0,Yes,8.5,6.0,7.0,6.0,6.5,7.0,6.0,7.5,6.5,7.0,5.0,6.0,7.0,5,5,6,3,3,3,4,6,6,1,6,6,6,85.0,0.53,0.18,17.11,0.88,70.0,0.46,0.14,17.2,0.92,29.0,0.55,0.08,18.5,0.95
609,V,EN,DU,DU_in_EN,No,0,,,,0,0,Yes,7.0,4.5,7.5,5.0,6.5,6.5,8.0,8.5,7.5,7.0,6.0,6.0,8.0,5,5,6,3,3,3,4,6,6,1,6,6,6,124.0,0.49,0.14,17.64,0.85,103.0,0.45,0.11,17.31,0.86,67.0,0.51,0.1,16.56,0.8
610,V,EN,DU,DU_in_EN,No,0,,,,0,0,Yes,8.5,9.0,8.0,8.0,10.0,7.0,9.5,9.0,7.0,7.0,7.0,8.0,9.0,5,5,6,3,3,3,4,6,6,1,6,6,6,127.0,0.5,0.18,17.1,0.85,134.0,0.43,0.1,15.94,0.77,57.0,0.51,0.1,18.9,0.97
611,M,EN,NL,NL_in_EN,No,0,7.5,7.0,9,0,0,Yes,8.5,9.0,8.5,8.0,10.0,8.5,9.0,9.0,7.5,7.0,8.5,9.0,8.5,5,5,6,3,3,3,4,6,6,1,6,6,6,135.0,0.5,0.31,18.44,0.93,144.0,0.52,0.06,16.53,0.84,44.0,0.59,0.12,18.8,0.9
613,V,EN,DU,DU_in_EN,AfterYear1,1,,,,0,0,Yes,8.0,7.5,7.0,6.0,8.5,7.5,9.0,9.0,6.5,7.0,7.5,8.5,9.0,5,5,6,3,3,3,4,6,6,1,6,6,6,248.0,0.51,0.23,17.66,0.88,148.0,0.49,0.08,17.24,0.86,68.0,0.5,0.08,18.54,0.9
614,V,EN,DU,DU_in_EN,AfterYear1,1,,,,0,0,Yes,6.0,9.0,7.0,7.5,9.0,7.5,6.0,9.0,7.0,7.0,7.0,6.5,8.0,5,5,6,3,3,3,4,6,6,1,6,6,6,120.0,0.47,0.2,18.0,0.92,99.0,0.49,0.11,17.79,0.88,62.0,0.47,0.07,17.21,0.85
616,V,EN,DU,DU_in_EN,No,0,,,,0,0,Yes,7.0,7.5,7.5,2.5,7.5,8.0,6.5,8.0,7.0,7.0,6.5,6.0,8.0,5,5,6,3,3,3,4,6,6,1,6,6,6,98.0,0.47,0.15,16.72,0.8,179.0,0.49,0.06,15.9,0.79,60.0,0.58,0.12,18.64,0.93
617,V,EN,DU,DU_in_EN,No,0,,,,0,0,Yes,8.5,8.5,9.0,7.5,7.5,8.0,9.0,9.0,8.5,7.0,7.5,7.0,9.0,5,5,6,3,3,3,4,6,6,1,6,6,6,202.0,0.49,0.19,18.12,0.89,89.0,0.56,0.14,17.38,0.88,80.0,0.49,0.1,17.0,0.86
618,M,EN,DU,DU_in_EN,AfterYear1,1,,,,0,0,Yes,6.5,8.5,6.0,8.0,8.0,6.5,7.0,7.5,6.5,7.0,7.5,6.0,7.5,5,5,6,3,3,3,4,6,6,1,6,6,6,190.0,0.51,0.17,17.73,0.87,94.0,0.47,0.13,17.56,0.86,59.0,0.46,0.16,18.02,0.82
621,M,EN,DU,DU_in_EN,No,0,,,,0,0,Yes,8.0,9.5,7.5,7.5,10.0,7.5,8.5,9.0,4.0,7.0,9.0,9.0,9.0,5,5,6,3,3,3,4,6,6,1,6,6,6,136.0,0.54,0.16,17.88,0.88,80.0,0.5,0.04,17.04,0.89,40.0,0.65,0.0,17.57,0.85
624,M,EN,DU,DU_in_EN,No,0,,,,0,0,Yes,7.5,6.0,6.5,6.5,7.0,6.5,6.0,7.5,7.0,7.0,6.0,6.0,8.0,5,5,6,3,3,3,4,6,6,1,6,6,6,81.0,0.49,0.12,17.61,0.85,85.0,0.49,0.08,18.26,0.9,44.0,0.41,0.12,18.33,0.95
625,V,EN,DU,DU_in_EN,No,0,,,,0,0,Yes,8.0,10.0,8.0,8.5,10.0,6.5,8.5,9.5,8.5,7.0,9.5,8.5,9.0,5,5,6,3,3,3,4,6,6,1,6,6,6,263.0,0.44,0.18,17.92,0.88,70.0,0.46,0.08,17.24,0.87,83.0,0.53,0.13,17.96,0.88
632,V,EN,DU,DU_in_EN,No,0,,,,0,0,Yes,6.0,8.0,7.0,6.5,9.0,7.5,6.5,7.5,4.0,,3.0,6.0,9.0,5,5,6,3,3,3,4,6,6,1,6,6,6,176.0,0.49,0.15,16.78,0.84,90.0,0.46,0.07,17.07,0.88,121.0,0.49,0.09,17.93,0.88
633,V,EN,DU,DU_in_EN,No,0,,,,0,0,Yes,7.0,8.0,7.5,7.5,8.5,8.0,9.5,9.0,7.0,7.0,9.0,8.5,8.5,5,5,6,3,3,3,4,6,6,1,6,6,6,203.0,0.5,0.11,17.86,0.9,124.0,0.5,0.13,16.32,0.88,63.0,0.6,0.15,16.89,0.83
634,V,EN,DU,DU_in_EN,No,0,,,,0,0,Yes,6.5,8.5,7.5,6.5,8.0,8.5,7.5,8.0,8.0,7.0,6.5,7.5,8.5,5,5,6,3,3,3,4,6,6,1,6,6,6,169.0,0.53,0.23,18.56,0.94,100.0,0.52,0.04,16.19,0.82,89.0,0.46,0.14,17.48,0.86
636,M,EN,DU,DU_in_EN,No,0,,,,0,0,Yes,7.0,4.5,5.0,6.0,6.0,6.5,7.0,7.0,6.5,7.0,6.0,4.5,7.5,5,5,6,3,3,3,4,6,6,1,6,6,6,187.0,0.56,0.23,18.26,0.92,77.0,0.52,0.04,17.67,0.85,24.0,0.54,0.0,14.6,0.7
637,V,EN,DU,DU_in_EN,No,0,,,,0,0,Yes,7.5,8.5,4.0,8.0,10.0,5.0,7.5,6.5,4.0,,6.5,7.0,9.0,5,5,6,3,3,3,4,6,6,1,6,6,6,98.0,0.57,0.2,18.39,0.88,71.0,0.42,0.03,15.92,0.73,54.0,0.43,0.09,17.14,0.88
643,V,EN,DU,DU_in_EN,No,0,,,,0,0,Yes,7.0,7.0,7.5,5.0,8.0,8.0,8.0,7.0,7.0,7.0,3.0,7.0,8.0,5,5,6,3,3,3,4,6,6,1,6,6,6,99.0,0.54,0.11,17.66,0.86,110.0,0.46,0.11,15.5,0.8,24.0,0.62,0.18,19.41,0.95
644,V,EN,NL,NL_in_EN,No,0,7.58,7.0,9,0,0,Yes,7.0,7.0,8.0,7.5,9.0,6.5,6.0,8.5,7.5,7.0,6.0,7.5,8.5,5,5,6,3,3,3,4,6,6,1,6,6,6,63.0,0.52,0.17,16.35,0.85,85.0,0.52,0.1,17.5,0.87,63.0,0.44,0.05,17.38,0.87
646,V,EN,DU,DU_in_EN,No,0,,,,0,0,Yes,6.5,8.0,7.0,6.0,8.0,8.0,7.0,7.5,8.0,7.0,7.0,6.0,7.5,5,5,6,3,3,3,4,6,6,1,6,6,6,207.0,0.46,0.15,17.79,0.9,107.0,0.5,0.14,16.64,0.86,80.0,0.46,0.13,17.44,0.88
647,M,EN,NL,NL_in_EN,No,0,6.83,6.0,8,0,0,Yes,8.5,9.5,7.0,8.0,10.0,7.5,7.5,7.5,7.0,7.0,8.0,8.0,8.0,5,5,6,3,3,3,4,6,6,1,6,6,6,197.0,0.51,0.21,17.64,0.89,131.0,0.44,0.15,16.17,0.81,62.0,0.56,0.19,17.17,0.83
651,M,EN,DU,DU_in_EN,No,0,,,,0,0,Yes,7.0,7.5,7.5,7.5,10.0,7.5,8.5,9.0,7.5,7.0,7.0,9.0,9.0,5,5,6,3,3,3,4,6,6,1,6,6,6,156.0,0.52,0.15,17.58,0.89,121.0,0.61,0.23,18.39,0.91,56.0,0.52,0.13,16.51,0.77
652,M,EN,DU,DU_in_EN,No,0,,,,0,0,Yes,7.0,7.5,7.5,6.5,6.0,6.5,7.5,7.5,7.0,7.0,6.0,7.0,8.0,5,5,6,3,3,3,4,6,6,1,6,6,6,163.0,0.48,0.12,18.02,0.89,121.0,0.54,0.14,17.17,0.86,56.0,0.45,0.22,16.62,0.88
653,V,EN,DU,DU_in_EN,No,0,,,,0,0,Yes,6.0,7.5,7.0,4.5,8.5,8.0,6.5,7.5,7.5,7.0,8.0,7.5,7.5,5,5,6,3,3,3,4,6,6,1,6,6,6,226.0,0.5,0.17,17.57,0.87,78.0,0.44,0.07,15.88,0.8,49.0,0.47,0.11,18.22,0.9
656,V,EN,DU,DU_in_EN,AfterYear1,1,,,,0,0,No,6.5,7.5,5.0,6.0,8.0,5.0,7.5,8.5,4.0,,6.0,,8.5,5,5,6,3,3,3,4,6,6,1,6,6,6,244.0,0.49,0.19,16.87,0.85,138.0,0.46,0.16,15.76,0.77,27.0,0.41,0.16,15.75,0.75
659,V,EN,DU,DU_in_EN,No,0,,,,0,0,Yes,6.0,7.5,7.5,7.5,6.0,8.5,6.5,8.0,7.5,7.0,8.5,8.5,8.0,5,5,6,3,3,3,4,6,6,1,6,6,6,215.0,0.5,0.17,18.32,0.93,149.0,0.5,0.16,17.47,0.89,82.0,0.55,0.15,17.45,0.89
660,V,EN,DU,DU_in_EN,No,0,,,,0,0,Yes,9.0,9.5,8.5,6.5,9.5,6.5,8.5,9.5,7.0,7.0,7.5,8.0,8.5,5,5,6,3,3,3,4,6,6,1,6,6,6,103.0,0.51,0.12,17.85,0.9,72.0,0.49,0.1,17.19,0.83,88.0,0.48,0.12,16.19,0.81
662,M,EN,NL,NL_in_EN,No,0,6.56,6.0,7,0,0,Yes,6.0,6.0,4.0,6.0,6.0,6.5,6.0,7.5,6.5,7.0,5.0,6.0,8.0,5,5,6,3,3,3,4,6,6,1,6,6,6,77.0,0.55,0.22,18.67,0.95,43.0,0.53,0.37,17.51,0.88,24.0,0.46,0.23,18.0,0.9
663,M,EN,DU,DU_in_EN,No,0,,,,0,0,Yes,6.0,9.0,8.0,6.5,6.5,8.5,7.0,7.5,7.5,7.0,6.5,8.5,8.5,5,5,6,3,3,3,4,6,6,1,6,6,6,107.0,0.48,0.17,16.83,0.84,155.0,0.44,0.1,15.96,0.8,76.0,0.51,0.1,18.44,0.88
664,V,EN,DU,DU_in_EN,No,0,,,,0,0,Yes,7.0,9.5,8.0,8.0,9.0,7.5,9.0,9.0,7.5,7.0,6.5,9.0,9.5,5,5,6,3,3,3,4,6,6,1,6,6,6,196.0,0.52,0.14,17.13,0.82,138.0,0.46,0.05,16.31,0.81,36.0,0.5,0.13,18.06,0.85
665,V,EN,DU,DU_in_EN,No,0,,,,0,0,Yes,7.0,8.0,7.5,6.5,8.0,7.0,8.5,8.0,6.5,7.0,6.0,7.0,8.0,5,5,6,3,3,3,4,6,6,1,6,6,6,175.0,0.47,0.14,17.01,0.86,122.0,0.46,0.08,16.78,0.83,59.0,0.47,0.16,17.31,0.85
671,V,EN,DU,DU_in_EN,No,0,,,,0,0,Yes,7.5,9.0,8.5,8.0,8.0,7.0,8.5,8.5,7.5,7.0,7.0,8.0,9.0,5,5,6,3,3,3,4,6,6,1,6,6,6,69.0,0.49,0.1,16.07,0.82,90.0,0.47,0.12,16.25,0.84,36.0,0.61,0.07,17.72,0.8
675,V,EN,DU,DU_in_EN,No,0,,,,0,0,Yes,6.0,7.5,8.0,3.0,8.0,4.0,7.0,7.5,7.0,7.0,6.5,6.5,8.0,5,5,6,3,3,3,4,6,6,1,6,6,6,209.0,0.48,0.13,16.91,0.84,88.0,0.43,0.07,17.55,0.89,91.0,0.49,0.13,17.33,0.86
678,V,EN,DU,DU_in_EN,No,0,,,,0,0,Yes,8.0,8.0,7.5,7.0,8.0,6.0,7.5,8.0,7.0,7.0,7.5,6.5,8.5,5,5,6,3,3,3,4,6,6,1,6,6,6,191.0,0.46,0.12,17.61,0.87,143.0,0.42,0.05,16.66,0.84,77.0,0.48,0.16,17.53,0.85
680,V,EN,DU,DU_in_EN,No,0,,,,0,0,Yes,6.0,8.0,8.0,7.5,8.0,7.5,7.5,7.5,7.5,7.0,7.0,6.0,9.0,5,5,6,3,3,3,4,6,6,1,6,6,6,75.0,0.48,0.17,17.98,0.93,107.0,0.44,0.14,16.59,0.84,21.0,0.52,0.18,16.5,0.8
693,V,EN,DU,DU_in_EN,No,0,,,,0,0,Yes,7.0,7.5,7.5,7.0,7.0,7.0,7.0,7.5,7.5,7.0,8.5,6.0,7.0,5,5,6,3,3,3,4,6,6,1,6,6,6,206.0,0.52,0.2,18.06,0.89,109.0,0.46,0.05,16.94,0.84,67.0,0.52,0.09,17.97,0.88
696,V,EN,NL,NL_in_EN,No,0,,,,0,0,Yes,7.0,8.5,7.0,8.0,10.0,7.0,6.5,8.0,7.0,7.0,7.5,7.0,8.5,5,5,6,3,3,3,4,6,6,1,6,6,6,108.0,0.52,0.18,16.25,0.81,108.0,0.51,0.07,16.43,0.85,71.0,0.45,0.04,17.53,0.87
697,V,EN,DU,DU_in_EN,No,0,,,,0,0,Yes,7.5,7.0,7.0,7.5,8.5,6.5,7.0,8.5,7.5,7.0,6.5,7.0,7.0,5,5,6,3,3,3,4,6,6,1,6,6,6,197.0,0.55,0.16,17.54,0.88,115.0,0.49,0.16,16.12,0.82,63.0,0.51,0.05,17.25,0.88
698,V,EN,DU,DU_in_EN,No,0,,,,0,0,Yes,8.0,9.0,8.0,8.5,9.0,7.0,8.0,8.5,7.5,7.0,6.5,7.0,8.5,5,5,6,3,3,3,4,6,6,1,6,6,6,142.0,0.51,0.18,17.71,0.89,80.0,0.54,0.15,17.45,0.85,75.0,0.52,0.09,16.78,0.82
699,M,EN,DU,DU_in_EN,No,0,,,,0,0,Yes,8.0,7.5,4.0,7.0,6.0,6.5,7.5,6.5,6.5,7.0,7.0,7.0,7.0,5,5,6,3,3,3,4,6,6,1,6,6,6,81.0,0.54,0.16,18.2,0.91,84.0,0.55,0.08,17.6,0.91,59.0,0.54,0.12,17.69,0.82
700,V,EN,DU,DU_in_EN,No,0,,,,0,0,Yes,6.5,7.0,5.0,6.0,6.5,7.5,4.5,6.0,4.0,7.0,6.0,6.0,7.0,5,5,6,3,3,3,4,6,6,1,6,6,6,246.0,0.57,0.16,18.07,0.9,78.0,0.49,0.12,17.67,0.85,35.0,0.66,0.31,18.51,1.0
702,V,EN,DU,DU_in_EN,No,0,,,,0,0,Yes,6.0,7.0,7.5,6.0,7.5,8.0,7.0,7.5,6.5,7.0,6.5,7.0,7.5,5,5,6,3,3,3,4,6,6,1,6,6,6,208.0,0.48,0.13,17.67,0.86,102.0,0.5,0.07,17.06,0.85,38.0,0.47,0.07,16.43,0.9
703,V,EN,NL,NL_in_EN,No,0,6.64,7.0,7,0,0,Yes,7.5,6.5,7.0,6.0,10.0,7.5,7.5,7.5,6.5,7.0,6.5,8.0,7.5,5,5,6,3,3,3,4,6,6,1,6,6,6,91.0,0.52,0.13,17.64,0.82,125.0,0.48,0.05,17.21,0.91,67.0,0.48,0.07,16.94,0.82
706,V,EN,NL,NL_in_EN,AfterYear1,1,,,,0,0,No,6.0,3.5,4.0,4.0,6.0,4.0,6.0,7.0,4.0,7.0,3.5,3.0,6.0,5,5,6,3,3,3,4,6,6,1,6,6,6,98.0,0.51,0.15,16.96,0.84,132.0,0.47,0.09,15.86,0.76,88.0,0.48,0.08,17.63,0.88
713,V,EN,DU,DU_in_EN,No,0,,,,0,0,Yes,7.5,6.5,8.0,7.0,8.5,7.0,6.0,7.0,7.5,7.0,3.0,7.0,7.5,5,5,6,3,3,3,4,6,6,1,6,6,6,158.0,0.48,0.19,17.87,0.88,112.0,0.51,0.15,17.57,0.85,95.0,0.42,0.05,17.24,0.86
714,V,EN,NL,NL_in_EN,AfterYear1,1,6.23,7.0,7,0,0,Yes,6.5,7.0,4.0,7.0,6.0,7.0,6.0,8.5,4.0,7.0,5.0,6.0,7.5,5,5,6,3,3,3,4,6,6,1,6,6,6,112.0,0.47,0.15,18.1,0.92,86.0,0.47,0.06,15.92,0.77,61.0,0.52,0.07,15.79,0.88
715,V,EN,DU,DU_in_EN,No,0,,,,0,0,Yes,6.0,7.0,7.5,6.5,8.0,7.5,6.5,8.0,7.5,7.0,6.5,7.5,8.0,5,5,6,3,3,3,4,6,6,1,6,6,6,159.0,0.48,0.21,18.0,0.88,61.0,0.56,0.19,17.01,0.9,81.0,0.56,0.18,18.41,0.9
716,V,EN,DU,DU_in_EN,No,0,,,,0,0,Yes,6.5,8.0,8.0,6.5,8.0,7.0,8.0,8.5,8.0,7.0,7.0,8.0,8.5,5,5,6,3,3,3,4,6,6,1,6,6,6,140.0,0.49,0.24,18.28,0.91,114.0,0.52,0.19,17.71,0.9,50.0,0.56,0.14,17.24,0.82
723,V,EN,DU,DU_in_EN,No,0,,,,0,0,Yes,8.5,9.0,7.5,8.0,8.5,7.5,8.0,9.0,8.0,7.0,7.0,9.5,9.0,5,5,6,3,3,3,4,6,6,1,6,6,6,208.0,0.5,0.19,17.71,0.9,134.0,0.46,0.12,17.37,0.86,83.0,0.42,0.09,17.97,0.9
724,V,EN,DU,DU_in_EN,No,0,,,,0,0,Yes,8.5,9.0,8.5,7.5,10.0,8.5,8.5,9.0,8.0,7.0,7.5,8.5,,5,5,6,3,3,3,4,6,6,1,6,6,6,202.0,0.48,0.11,17.42,0.89,76.0,0.46,0.09,15.27,0.73,64.0,0.56,0.16,18.58,0.93
725,V,EN,DU,DU_in_EN,AfterYear1,1,,,,0,0,Yes,7.0,7.5,7.5,5.0,8.5,6.5,7.5,7.0,7.5,7.0,6.0,6.0,6.5,5,5,6,3,3,3,4,6,6,1,6,6,6,223.0,0.48,0.14,18.01,0.9,105.0,0.49,0.07,17.16,0.87,38.0,0.5,0.06,18.63,0.95
727,M,EN,NL,NL_in_EN,No,0,6.73,6.0,8,0,0,Yes,6.0,8.0,5.0,7.0,6.5,7.0,7.0,7.5,7.0,7.0,6.0,6.0,7.5,5,5,6,3,3,3,4,6,6,1,6,6,6,78.0,0.56,0.16,17.81,0.85,64.0,0.5,0.05,17.24,0.88,34.0,0.5,0.28,16.0,0.75
728,V,EN,DU,DU_in_EN,AfterYear1,1,,,,0,0,No,5.0,4.5,5.0,4.0,5.0,,6.5,7.0,6.5,,4.5,3.0,6.0,5,5,6,3,3,3,4,6,6,1,6,6,6,95.0,0.57,0.12,17.93,0.89,113.0,0.45,0.09,14.98,0.78,56.0,0.41,0.05,16.07,0.82
733,V,EN,DU,DU_in_EN,No,0,,,,0,0,Yes,8.0,9.0,9.5,7.5,10.0,8.5,8.0,9.0,8.5,7.0,8.0,9.0,9.0,5,5,6,3,3,3,4,6,6,1,6,6,6,197.0,0.52,0.19,18.51,0.92,151.0,0.42,0.16,16.2,0.81,62.0,0.5,0.07,18.21,0.88
735,M,EN,DU,DU_in_EN,No,0,,,,0,0,No,6.0,7.0,6.5,3.5,6.5,6.5,5.0,5.0,6.5,7.0,4.5,3.5,6.5,5,5,6,3,3,3,4,6,6,1,6,6,6,50.0,0.48,0.06,17.23,0.85,117.0,0.47,0.07,16.68,0.81,69.0,0.42,0.02,17.19,0.87
737,V,EN,DU,DU_in_EN,No,0,,,,0,0,Yes,7.0,9.0,8.0,7.0,8.0,7.0,6.0,8.5,7.0,7.0,9.0,7.5,8.5,5,5,6,3,3,3,4,6,6,1,6,6,6,51.0,0.47,0.08,17.03,0.85,92.0,0.53,0.06,15.95,0.8,29.0,0.62,0.16,18.28,1.0
742,M,EN,DU,DU_in_EN,No,0,,,,0,0,Yes,6.0,8.5,5.0,7.0,10.0,7.5,7.5,8.5,4.0,7.0,6.5,8.0,8.5,5,5,6,3,3,3,4,6,6,1,6,6,6,124.0,0.52,0.17,17.35,0.88,90.0,0.52,0.07,17.84,0.9,84.0,0.45,0.13,18.12,0.9
743,V,EN,DU,DU_in_EN,No,0,,,,0,0,Yes,7.0,9.0,7.5,6.0,8.0,7.5,6.0,6.5,7.0,7.0,6.0,8.0,8.0,5,5,6,3,3,3,4,6,6,1,6,6,6,40.0,0.47,0.06,18.19,0.93,114.0,0.47,0.15,17.42,0.9,60.0,0.52,0.05,17.32,0.85
744,V,EN,DU,DU_in_EN,No,0,,,,0,0,Yes,6.0,6.0,7.0,6.0,6.0,7.0,5.0,6.0,7.0,7.0,8.5,6.5,9.0,5,5,6,3,3,3,4,6,6,1,6,6,6,153.0,0.54,0.13,17.91,0.88,86.0,0.52,0.19,18.03,0.89,84.0,0.49,0.1,16.47,0.81
749,M,EN,NL,NL_in_EN,AfterYear1,1,,,,0,0,Yes,6.5,9.0,4.0,5.0,6.0,7.0,4.0,7.5,7.5,7.0,6.0,7.5,8.0,5,5,6,3,3,3,4,6,6,1,6,6,6,65.0,0.57,0.23,17.16,0.9,163.0,0.45,0.15,16.6,0.84,34.0,0.59,0.2,15.74,0.65
752,V,EN,DU,DU_in_EN,No,0,,,,0,0,Yes,6.0,8.0,6.0,5.0,9.5,7.5,7.0,9.5,7.0,7.0,7.0,7.0,8.5,5,5,6,3,3,3,4,6,6,1,6,6,6,179.0,0.51,0.13,18.0,0.89,162.0,0.49,0.08,16.04,0.8,81.0,0.49,0.12,17.09,0.86
753,V,EN,DU,DU_in_EN,No,0,,,,0,0,Yes,6.0,8.0,7.0,6.0,10.0,8.0,6.5,7.5,7.0,7.0,6.5,6.5,7.5,5,5,6,3,3,3,4,6,6,1,6,6,6,169.0,0.45,0.2,18.02,0.91,87.0,0.47,0.06,16.86,0.84,56.0,0.45,0.12,18.78,0.97
754,V,EN,DU,DU_in_EN,No,0,,,,0,0,Yes,6.0,8.5,7.5,6.0,7.5,8.0,8.5,7.0,7.5,7.0,6.0,6.5,8.0,5,5,6,3,3,3,4,6,6,1,6,6,6,155.0,0.5,0.16,18.36,0.93,85.0,0.47,0.11,17.09,0.85,63.0,0.52,0.14,17.67,0.93
756,V,EN,DU,DU_in_EN,No,0,,,,0,0,Yes,6.0,8.0,7.0,7.0,9.5,7.5,7.0,8.5,7.5,7.0,6.0,7.5,7.0,5,5,6,3,3,3,4,6,6,1,6,6,6,178.0,0.49,0.16,17.93,0.89,42.0,0.43,0.0,16.14,0.85,46.0,0.52,0.09,18.15,0.88
758,V,EN,DU,DU_in_EN,No,0,,,,0,0,Yes,7.5,8.5,7.5,8.5,8.0,8.5,8.5,8.5,8.0,7.0,7.5,8.0,9.0,5,5,6,3,3,3,4,6,6,1,6,6,6,39.0,0.56,0.2,17.66,0.65,104.0,0.5,0.1,16.08,0.82,49.0,0.59,0.11,16.46,0.82
759,M,EN,DU,DU_in_EN,No,0,,,,0,0,Yes,8.5,8.5,8.0,8.5,8.5,8.0,9.0,9.5,7.5,7.0,8.5,9.0,9.5,5,5,6,3,3,3,4,6,6,1,6,6,6,254.0,0.51,0.19,18.26,0.92,96.0,0.55,0.11,18.43,0.89,36.0,0.64,0.15,16.17,0.8
760,V,EN,DU,DU_in_EN,No,0,,,,0,0,Yes,7.5,7.5,7.0,6.0,7.0,8.0,7.5,8.5,7.5,7.0,6.5,6.5,9.0,5,5,6,3,3,3,4,6,6,1,6,6,6,151.0,0.48,0.16,17.66,0.87,77.0,0.48,0.07,16.78,0.87,72.0,0.47,0.13,16.03,0.8
762,M,EN,DU,DU_in_EN,No,0,,,,0,0,Yes,6.0,7.0,4.0,3.5,6.5,7.5,6.0,8.0,7.0,7.0,5.0,7.5,7.5,5,5,6,3,3,3,4,6,6,1,6,6,6,192.0,0.49,0.16,18.29,0.92,148.0,0.55,0.19,17.73,0.9,96.0,0.53,0.15,18.9,0.94
763,V,EN,DU,DU_in_EN,No,0,,,,0,0,Yes,6.5,7.0,7.0,6.5,8.0,7.0,7.0,8.5,8.0,7.0,6.0,6.5,8.5,5,5,6,3,3,3,4,6,6,1,6,6,6,91.0,0.6,0.15,18.54,0.93,111.0,0.42,0.02,16.29,0.79,47.0,0.53,0.16,18.81,0.95
767,V,EN,DU,DU_in_EN,No,0,,,,0,0,Yes,8.0,6.5,8.0,6.0,9.0,7.0,7.5,9.0,6.5,7.0,7.5,8.0,7.5,5,5,6,3,3,3,4,6,6,1,6,6,6,86.0,0.45,0.09,15.46,0.76,95.0,0.49,0.15,16.3,0.85,80.0,0.44,0.06,17.77,0.86
769,M,EN,DU,DU_in_EN,No,0,,,,0,0,Yes,7.5,8.5,7.5,6.0,9.0,6.5,7.0,8.0,8.0,7.0,7.0,7.0,8.5,5,5,6,3,3,3,4,6,6,1,6,6,6,104.0,0.56,0.19,17.5,0.85,53.0,0.43,0.11,17.06,0.88,45.0,0.51,0.26,15.6,0.8
772,M,EN,DU,DU_in_EN,No,0,,,,0,0,Yes,6.5,8.0,7.0,8.5,7.0,6.5,6.5,7.0,6.5,7.0,7.5,8.0,9.0,5,5,6,3,3,3,4,6,6,1,6,6,6,63.0,0.57,0.18,17.42,0.83,86.0,0.45,0.12,16.94,0.86,27.0,0.44,0.2,16.5,0.8
775,V,EN,DU,DU_in_EN,No,0,,,,0,0,Yes,7.5,9.5,8.0,8.0,9.0,7.5,8.0,8.5,6.5,7.0,8.5,8.0,9.0,5,5,6,3,3,3,4,6,6,1,6,6,6,205.0,0.51,0.2,17.03,0.84,125.0,0.45,0.19,16.84,0.82,41.0,0.59,0.19,17.38,0.93
776,V,EN,DU,DU_in_EN,No,0,,,,0,0,Yes,6.0,7.5,6.5,8.0,7.5,7.5,8.0,7.0,8.0,7.0,6.0,6.5,8.5,5,5,6,3,3,3,4,6,6,1,6,6,6,141.0,0.5,0.21,17.51,0.86,89.0,0.47,0.1,16.89,0.84,66.0,0.47,0.12,17.98,0.88
777,M,EN,DU,DU_in_EN,No,0,,,,0,0,Yes,6.5,6.5,4.0,4.5,6.5,7.5,6.0,7.0,7.0,,8.0,8.5,7.5,5,5,6,3,3,3,4,6,6,1,6,6,6,192.0,0.51,0.2,17.48,0.87,72.0,0.58,0.15,16.88,0.82,42.0,0.43,0.09,18.34,0.88
779,V,EN,DU,DU_in_EN,No,0,,,,0,0,Yes,8.5,9.0,8.0,7.5,9.5,7.0,8.0,8.0,7.0,7.0,7.0,8.0,9.0,5,5,6,3,3,3,4,6,6,1,6,6,6,174.0,0.52,0.17,17.73,0.88,108.0,0.56,0.21,17.12,0.85,90.0,0.51,0.21,17.68,0.86
780,M,EN,DU,DU_in_EN,No,0,,,,0,0,Yes,8.5,8.5,9.0,7.5,10.0,8.5,9.5,9.5,8.0,7.0,8.0,7.5,9.0,5,5,6,3,3,3,4,6,6,1,6,6,6,176.0,0.47,0.16,18.34,0.9,137.0,0.44,0.12,16.53,0.83,62.0,0.55,0.15,17.47,0.88
784,V,EN,DU,DU_in_EN,No,0,,,,0,0,Yes,7.0,8.5,6.5,3.5,6.0,7.0,7.0,7.0,7.0,7.0,6.0,6.0,7.5,5,5,6,3,3,3,4,6,6,1,6,6,6,87.0,0.51,0.15,17.17,0.9,91.0,0.45,0.13,15.62,0.76,64.0,0.45,0.07,16.94,0.85
785,M,EN,DU,DU_in_EN,No,0,,,,0,0,No,6.5,7.5,5.0,4.0,4.0,,6.0,4.0,4.0,7.0,6.0,4.5,7.0,5,5,6,3,3,3,4,6,6,1,6,6,6,166.0,0.44,0.11,17.4,0.89,73.0,0.48,0.12,16.59,0.85,42.0,0.52,0.21,18.65,0.95
787,M,EN,DU,DU_in_EN,No,0,,,,0,0,Yes,8.0,8.5,9.0,6.0,9.0,7.5,7.5,8.5,8.0,7.0,7.0,8.5,8.0,5,5,6,3,3,3,4,6,6,1,6,6,6,65.0,0.46,0.08,17.24,0.83,82.0,0.49,0.06,16.61,0.85,59.0,0.42,0.08,17.64,0.9
789,V,EN,DU,DU_in_EN,No,0,,,,0,0,Yes,6.5,8.0,8.0,6.0,7.0,8.0,6.5,7.5,7.5,7.0,8.5,7.0,9.0,5,5,6,3,3,3,4,6,6,1,6,6,6,274.0,0.49,0.17,17.72,0.9,121.0,0.44,0.11,17.56,0.9,77.0,0.53,0.12,16.79,0.85
790,V,EN,DU,DU_in_EN,No,0,,,,0,0,Yes,8.5,9.0,8.5,7.0,9.0,7.5,8.5,8.5,7.5,7.0,7.5,8.0,9.0,5,5,6,3,3,3,4,6,6,1,6,6,6,165.0,0.51,0.16,18.11,0.88,94.0,0.48,0.06,16.3,0.81,69.0,0.46,0.08,18.86,0.92
792,M,EN,DU,DU_in_EN,No,0,,,,0,0,Yes,6.0,8.5,7.0,8.5,7.5,8.0,7.0,8.5,8.0,7.0,7.5,8.5,8.0,5,5,6,3,3,3,4,6,6,1,6,6,6,151.0,0.5,0.13,16.83,0.86,141.0,0.43,0.09,16.99,0.84,80.0,0.55,0.07,18.7,0.9
794,M,EN,DU,DU_in_EN,AfterYear1,1,,,,0,0,Yes,8.5,8.5,9.0,8.0,8.5,7.5,9.5,10.0,9.0,7.0,7.5,9.5,9.0,5,5,6,3,3,3,4,6,6,1,6,6,6,162.0,0.51,0.28,18.03,0.89,119.0,0.54,0.17,16.02,0.84,94.0,0.53,0.14,17.56,0.88
795,V,EN,DU,DU_in_EN,No,0,,,,0,0,Yes,7.5,8.0,7.0,7.0,7.0,6.5,7.0,7.0,7.0,7.0,6.0,6.5,8.5,5,5,6,3,3,3,4,6,6,1,6,6,6,220.0,0.46,0.17,18.25,0.9,150.0,0.47,0.15,16.87,0.84,70.0,0.54,0.13,18.53,0.95
796,V,EN,NL,NL_in_EN,No,0,6.55,6.0,7,0,0,Yes,7.0,7.5,7.0,6.0,7.0,7.0,6.5,8.0,7.0,7.0,6.0,6.5,8.5,5,5,6,3,3,3,4,6,6,1,6,6,6,84.0,0.51,0.15,16.39,0.8,108.0,0.52,0.11,16.9,0.86,69.0,0.49,0.1,17.03,0.83
798,V,EN,NL,NL_in_EN,No,0,6.18,6.0,7,0,0,Yes,8.0,7.0,5.0,7.0,10.0,6.5,7.0,5.0,6.5,7.0,6.5,6.0,8.0,5,5,6,3,3,3,4,6,6,1,6,6,6,193.0,0.5,0.2,18.01,0.9,138.0,0.49,0.17,16.99,0.87,62.0,0.47,0.15,18.17,0.92
801,V,EN,DU,DU_in_EN,No,0,,,,0,0,Yes,8.0,8.0,6.5,7.0,9.0,8.0,7.5,8.0,7.0,7.0,7.5,8.5,8.5,5,5,6,3,3,3,4,6,6,1,6,6,6,148.0,0.49,0.19,17.52,0.87,76.0,0.42,0.1,16.03,0.78,54.0,0.54,0.11,16.95,0.9
808,V,EN,DU,DU_in_EN,No,0,,,,0,0,Yes,6.5,8.5,8.5,7.5,8.5,7.5,8.0,9.5,4.0,7.0,6.0,7.0,8.0,5,5,6,3,3,3,4,6,6,1,6,6,6,224.0,0.38,0.1,17.4,0.86,94.0,0.44,0.15,17.17,0.91,81.0,0.46,0.17,17.24,0.88
815,M,EN,DU,DU_in_EN,No,0,,,,0,0,Yes,7.0,8.0,7.0,6.5,8.5,6.0,8.5,8.5,7.0,7.0,6.0,7.0,8.5,5,5,6,3,3,3,4,6,6,1,6,6,6,149.0,0.46,0.15,17.83,0.89,167.0,0.41,0.11,14.5,0.74,43.0,0.49,0.06,16.67,0.85
816,V,EN,DU,DU_in_EN,No,0,,,,0,0,No,6.0,4.5,5.0,3.0,7.0,7.0,6.0,7.0,4.0,,6.0,5.0,7.0,5,5,6,3,3,3,4,6,6,1,6,6,6,112.0,0.53,0.19,17.51,0.88,95.0,0.48,0.1,18.03,0.89,39.0,0.51,0.13,17.69,0.95
818,M,EN,DU,DU_in_EN,No,0,,,,0,0,Yes,6.0,7.5,6.5,6.5,9.5,7.0,7.0,7.0,6.0,7.0,6.0,7.5,7.5,5,5,6,3,3,3,4,6,6,1,6,6,6,66.0,0.52,0.12,17.6,0.85,99.0,0.53,0.19,17.85,0.91,34.0,0.59,0.15,17.34,0.85
820,V,EN,DU,DU_in_EN,No,0,,,,0,0,Yes,7.0,7.5,5.0,7.5,10.0,7.0,7.0,8.5,7.5,7.0,6.0,6.5,8.5,5,5,6,3,3,3,4,6,6,1,6,6,6,237.0,0.51,0.1,17.93,0.9,117.0,0.51,0.1,16.7,0.82,105.0,0.55,0.19,17.98,0.87
824,V,EN,DU,DU_in_EN,AfterYear1,1,,,,0,0,Yes,7.0,7.5,8.5,6.5,7.0,6.5,7.0,7.5,7.0,7.0,6.0,6.0,8.0,5,5,6,3,3,3,4,6,6,1,6,6,6,102.0,0.56,0.24,17.73,0.94,76.0,0.45,0.09,16.43,0.8,34.0,0.56,0.11,17.6,0.9
826,V,EN,NL,NL_in_EN,No,0,6.92,7.0,7,0,1,Yes,6.5,7.5,8.0,6.0,8.0,8.5,6.0,9.0,8.5,7.0,3.5,,7.5,5,5,6,3,3,3,4,6,6,1,6,6,6,165.0,0.55,0.16,17.2,0.86,68.0,0.49,0.07,16.8,0.82,107.0,0.5,0.21,17.39,0.86
827,V,EN,DU,DU_in_EN,No,0,,,,0,0,Yes,6.0,6.5,7.5,7.0,7.0,8.0,8.5,8.5,7.5,7.0,6.5,6.5,8.0,5,5,6,3,3,3,4,6,6,1,6,6,6,139.0,0.49,0.16,18.28,0.92,94.0,0.56,0.1,18.03,0.9,59.0,0.49,0.09,17.44,0.85
829,V,EN,DU,DU_in_EN,AfterYear1,1,,,,0,0,Yes,7.0,7.5,7.0,8.5,8.5,7.5,8.0,7.5,4.0,7.0,6.0,8.0,7.5,5,5,6,3,3,3,4,6,6,1,6,6,6,98.0,0.45,0.18,18.37,0.91,79.0,0.47,0.12,16.42,0.83,74.0,0.53,0.14,18.42,0.9
830,V,EN,DU,DU_in_EN,No,0,,,,0,0,Yes,6.0,8.5,7.5,6.0,8.0,8.0,6.5,7.5,8.0,7.0,8.0,8.0,8.0,5,5,6,3,3,3,4,6,6,1,6,6,6,112.0,0.52,0.13,17.38,0.89,64.0,0.42,0.1,17.19,0.85,60.0,0.47,0.07,18.18,0.92
833,V,EN,DU,DU_in_EN,No,0,,,,0,0,Yes,9.0,9.5,9.0,9.0,8.0,7.5,9.0,9.5,8.5,7.0,8.0,9.0,9.0,5,5,6,3,3,3,4,6,6,1,6,6,6,185.0,0.46,0.17,17.92,0.91,146.0,0.5,0.15,17.98,0.91,81.0,0.4,0.1,17.13,0.86
835,V,EN,DU,DU_in_EN,AfterYear1,1,,,,0,0,No,5.0,6.0,4.0,4.5,6.0,6.5,6.0,5.0,4.0,,4.0,5.0,6.0,5,5,6,3,3,3,4,6,6,1,6,6,6,93.0,0.43,0.15,16.43,0.83,92.0,0.46,0.04,16.71,0.81,75.0,0.56,0.11,18.04,0.83
837,V,EN,DU,DU_in_EN,No,0,,,,0,0,Yes,7.0,8.0,7.5,7.5,9.5,8.0,8.5,8.5,8.0,7.0,6.5,7.5,9.0,5,5,6,3,3,3,4,6,6,1,6,6,6,99.0,0.56,0.16,17.76,0.89,98.0,0.53,0.13,15.68,0.85,75.0,0.51,0.15,18.11,0.93
838,M,EN,DU,DU_in_EN,No,0,,,,0,0,Yes,7.0,6.5,7.0,7.0,6.0,6.5,6.0,8.0,4.0,7.0,7.0,6.5,7.5,5,5,6,3,3,3,4,6,6,1,6,6,6,76.0,0.46,0.13,17.18,0.85,72.0,0.5,0.1,15.6,0.8,20.0,0.55,0.11,19.0,0.95
841,M,EN,DU,DU_in_EN,No,0,,,,0,0,Yes,9.5,8.0,8.5,7.5,7.0,7.5,9.0,10.0,9.0,7.0,9.0,8.0,9.5,5,5,6,3,3,3,4,6,6,1,6,6,6,164.0,0.43,0.19,18.35,0.91,69.0,0.54,0.15,16.21,0.85,31.0,0.55,0.14,15.66,0.85
846,M,EN,DU,DU_in_EN,No,0,,,,0,0,Yes,6.0,8.0,8.0,6.5,10.0,7.5,7.0,8.0,8.0,7.0,7.0,7.0,8.0,5,5,6,3,3,3,4,6,6,1,6,6,6,134.0,0.49,0.2,17.73,0.88,82.0,0.49,0.1,17.02,0.85,72.0,0.54,0.07,17.76,0.9
847,V,EN,DU,DU_in_EN,No,0,,,,0,0,Yes,6.0,8.0,8.0,7.5,10.0,8.0,7.5,8.0,7.0,7.0,6.0,6.0,8.0,5,5,6,3,3,3,4,6,6,1,6,6,6,251.0,0.44,0.11,17.88,0.89,96.0,0.47,0.1,17.17,0.86,59.0,0.47,0.09,16.96,0.85
850,V,EN,DU,DU_in_EN,No,0,,,,0,0,Yes,6.5,7.5,8.0,7.5,9.5,7.5,6.5,7.5,7.0,7.0,6.0,6.0,8.0,5,5,6,3,3,3,4,6,6,1,6,6,6,177.0,0.47,0.12,17.52,0.86,116.0,0.47,0.04,16.76,0.85,56.0,0.57,0.11,19.27,0.95
853,M,EN,DU,DU_in_EN,No,0,,,,0,0,Yes,7.5,6.5,7.0,4.5,8.5,7.0,4.5,6.5,4.0,7.0,6.5,7.0,8.0,5,5,6,3,3,3,4,6,6,1,6,6,6,60.0,0.55,0.18,16.94,0.88,86.0,0.47,0.12,16.4,0.82,28.0,0.61,0.11,19.77,1.0
854,V,EN,DU,DU_in_EN,No,0,,,,0,0,No,7.0,6.0,4.0,3.0,6.0,7.0,6.0,7.0,4.0,7.0,2.5,2.5,7.0,5,5,6,3,3,3,4,6,6,1,6,6,6,97.0,0.53,0.2,17.16,0.81,90.0,0.48,0.06,16.88,0.85,57.0,0.46,0.12,17.82,0.93
856,V,EN,DU,DU_in_EN,No,0,,,,0,0,Yes,7.5,7.5,7.5,6.5,8.0,7.5,6.5,8.0,7.0,7.0,6.0,6.5,7.0,5,5,6,3,3,3,4,6,6,1,6,6,6,164.0,0.46,0.15,17.7,0.86,111.0,0.45,0.13,15.96,0.79,69.0,0.52,0.18,18.79,0.95
858,M,EN,DU,DU_in_EN,No,0,,,,0,0,Yes,6.5,8.5,7.0,6.0,7.0,7.5,7.0,8.5,7.0,7.0,6.0,6.0,8.0,5,5,6,3,3,3,4,6,6,1,6,6,6,178.0,0.51,0.16,18.35,0.91,86.0,0.53,0.16,17.51,0.94,72.0,0.54,0.16,16.88,0.85
860,V,EN,NL,NL_in_EN,No,0,7.85,7.0,8,0,0,Yes,6.5,9.0,7.5,8.0,9.5,8.5,9.0,9.0,7.5,7.0,8.0,6.5,7.5,5,5,6,3,3,3,4,6,6,1,6,6,6,81.0,0.46,0.09,14.96,0.74,32.0,0.44,0.05,15.92,0.8,67.0,0.57,0.13,16.42,0.82
862,M,EN,DU,DU_in_EN,No,0,,,,0,0,Yes,8.0,8.5,7.5,7.0,9.5,8.5,7.5,8.0,7.5,7.0,7.0,6.5,8.5,5,5,6,3,3,3,4,6,6,1,6,6,6,225.0,0.51,0.14,18.52,0.94,106.0,0.49,0.11,16.89,0.85,31.0,0.55,0.18,18.75,0.95
863,V,EN,DU,DU_in_EN,No,0,,,,0,0,Yes,7.0,7.5,6.5,4.0,8.0,6.0,4.0,7.0,7.0,7.0,7.0,6.5,7.5,5,5,6,3,3,3,4,6,6,1,6,6,6,161.0,0.53,0.14,18.2,0.92,35.0,0.49,0.09,15.75,0.8,65.0,0.55,0.11,17.59,0.87
867,V,EN,DU,DU_in_EN,No,0,,,,0,0,Yes,6.0,7.0,4.0,6.5,7.0,7.0,7.5,7.5,6.5,7.0,4.5,6.5,7.5,5,5,6,3,3,3,4,6,6,1,6,6,6,225.0,0.44,0.12,17.47,0.86,136.0,0.43,0.14,17.15,0.84,72.0,0.53,0.14,18.45,0.9
868,M,EN,DU,DU_in_EN,No,0,,,,0,0,Yes,6.0,8.5,7.0,6.5,6.0,6.0,6.0,7.0,6.5,7.0,7.0,8.0,7.5,5,5,6,3,3,3,4,6,6,1,6,6,6,115.0,0.51,0.11,18.67,0.92,70.0,0.5,0.05,17.82,0.9,56.0,0.52,0.17,18.43,0.93
870,V,EN,DU,DU_in_EN,No,0,,,,0,0,Yes,7.0,9.0,8.0,8.0,8.0,7.0,8.5,8.5,8.0,7.0,6.5,8.5,8.5,5,5,6,3,3,3,4,6,6,1,6,6,6,120.0,0.5,0.16,17.66,0.88,107.0,0.42,0.09,16.93,0.84,103.0,0.47,0.12,18.5,0.9
872,V,EN,DU,DU_in_EN,No,0,,,,0,0,No,7.0,6.0,7.0,6.5,8.0,7.0,5.0,4.5,4.0,7.0,5.0,6.0,7.0,5,5,6,3,3,3,4,6,6,1,6,6,6,91.0,0.63,0.06,17.55,0.89,92.0,0.42,0.11,17.82,0.9,53.0,0.51,0.11,16.92,0.82
875,M,EN,DU,DU_in_EN,AfterYear1,1,,,,0,0,Yes,8.0,7.5,8.5,7.0,9.0,8.0,7.5,8.5,8.0,7.0,7.5,8.0,8.5,5,5,6,3,3,3,4,6,6,1,6,6,6,184.0,0.45,0.14,18.3,0.93,111.0,0.43,0.1,16.64,0.84,87.0,0.46,0.08,17.56,0.89
878,V,EN,DU,DU_in_EN,No,0,,,,0,0,Yes,7.5,8.5,8.5,7.0,10.0,7.5,8.5,9.5,7.0,7.0,8.5,8.5,8.5,5,5,6,3,3,3,4,6,6,1,6,6,6,198.0,0.49,0.16,17.66,0.91,197.0,0.52,0.18,17.34,0.88,78.0,0.54,0.11,16.31,0.82
881,M,EN,DU,DU_in_EN,AfterYear1,1,,,,0,0,Yes,7.5,9.5,6.0,8.0,9.5,7.5,9.0,9.0,7.5,7.0,8.0,8.5,8.5,5,5,6,3,3,3,4,6,6,1,6,6,6,377.0,0.5,0.23,17.51,0.87,98.0,0.5,0.04,17.33,0.89,36.0,0.56,0.17,18.35,0.95
884,M,EN,DU,DU_in_EN,No,0,,,,0,0,Yes,8.5,9.5,9.0,8.5,9.5,8.5,9.5,9.5,7.5,7.0,8.0,8.5,9.0,5,5,6,3,3,3,4,6,6,1,6,6,6,243.0,0.49,0.28,17.63,0.87,89.0,0.48,0.13,17.15,0.88,81.0,0.44,0.13,17.88,0.89
889,V,EN,DU,DU_in_EN,No,0,,,,0,0,Yes,7.5,8.0,6.5,6.0,8.5,7.5,7.5,7.0,6.0,7.0,4.5,6.0,7.5,5,5,6,3,3,3,4,6,6,1,6,6,6,68.0,0.56,0.19,17.98,0.88,119.0,0.52,0.05,17.13,0.86,70.0,0.47,0.07,17.86,0.88
890,V,EN,DU,DU_in_EN,AfterYear1,1,,,,0,0,Yes,6.5,9.0,7.5,8.0,8.5,7.5,8.5,8.5,6.5,7.0,7.0,8.5,8.5,5,5,6,3,3,3,4,6,6,1,6,6,6,192.0,0.51,0.15,17.66,0.89,94.0,0.49,0.11,17.24,0.88,75.0,0.49,0.13,18.06,0.87
893,V,EN,DU,DU_in_EN,No,0,,,,0,0,Yes,7.5,8.5,6.5,7.0,8.0,8.5,6.0,8.0,7.0,7.0,6.5,7.5,8.0,5,5,6,3,3,3,4,6,6,1,6,6,6,199.0,0.5,0.15,17.91,0.91,91.0,0.49,0.12,16.9,0.88,58.0,0.47,0.06,16.86,0.82
898,M,EN,DU,DU_in_EN,No,0,,,,0,0,No,7.0,6.5,7.0,7.0,7.0,7.0,6.0,3.5,4.0,,3.5,3.0,6.0,5,5,6,3,3,3,4,6,6,1,6,6,6,115.0,0.46,0.1,16.83,0.89,73.0,0.44,0.05,16.86,0.88,51.0,0.49,0.08,17.55,0.88
899,M,EN,NL,NL_in_EN,No,0,6.64,6.0,6,0,0,Yes,7.5,6.5,7.0,7.0,6.0,6.0,7.0,7.0,4.0,,6.0,6.0,7.5,5,5,6,3,3,3,4,6,6,1,6,6,6,122.0,0.44,0.15,18.65,0.93,102.0,0.48,0.04,16.7,0.81,43.0,0.44,0.16,16.49,0.85
905,V,EN,DU,DU_in_EN,AfterYear1,1,,,,0,0,Yes,7.0,6.0,8.0,4.5,7.0,8.5,6.0,8.0,7.0,7.0,5.0,7.0,7.0,5,5,6,3,3,3,4,6,6,1,6,6,6,132.0,0.44,0.08,17.34,0.87,136.0,0.4,0.11,17.49,0.88,77.0,0.4,0.08,17.39,0.9
906,V,EN,DU,DU_in_EN,No,0,,,,0,0,Yes,6.0,7.0,6.5,6.0,6.5,8.0,7.0,7.5,7.0,7.0,6.0,6.0,7.0,5,5,6,3,3,3,4,6,6,1,6,6,6,161.0,0.42,0.12,17.36,0.87,98.0,0.36,0.07,15.67,0.8,71.0,0.49,0.12,17.68,0.9
907,V,EN,DU,DU_in_EN,No,0,,,,0,0,Yes,6.0,8.0,7.5,4.5,9.5,7.0,7.0,7.0,7.0,7.0,6.0,6.0,7.5,5,5,6,3,3,3,4,6,6,1,6,6,6,188.0,0.53,0.25,17.96,0.9,105.0,0.5,0.08,19.3,0.96,90.0,0.49,0.12,18.33,0.88
908,V,EN,DU,DU_in_EN,No,0,,,,0,0,Yes,6.0,8.5,7.5,8.5,9.5,8.0,7.0,7.5,7.5,7.0,7.0,8.0,8.0,5,5,6,3,3,3,4,6,6,1,6,6,6,143.0,0.47,0.14,17.17,0.86,67.0,0.48,0.03,16.25,0.83,87.0,0.45,0.15,16.36,0.8
910,V,EN,DU,DU_in_EN,No,0,,,,0,0,Yes,7.0,8.5,7.5,7.0,7.0,7.0,7.5,8.5,8.0,7.0,7.0,7.0,8.5,5,5,6,3,3,3,4,6,6,1,6,6,6,141.0,0.51,0.16,17.4,0.88,103.0,0.49,0.1,15.97,0.8,72.0,0.46,0.12,17.75,0.88
911,V,EN,DU,DU_in_EN,No,0,,,,0,0,Yes,8.5,9.0,8.0,8.0,7.5,7.0,8.0,9.5,8.0,7.0,7.0,8.0,9.5,5,5,6,3,3,3,4,6,6,1,6,6,6,86.0,0.55,0.17,16.91,0.88,106.0,0.51,0.1,16.18,0.79,55.0,0.62,0.24,17.06,0.9
913,V,EN,DU,DU_in_EN,No,0,,,,0,0,Yes,6.5,7.0,7.0,6.0,7.0,8.0,8.0,7.0,7.5,7.0,6.0,7.5,7.0,5,5,6,3,3,3,4,6,6,1,6,6,6,73.0,0.49,0.13,17.53,0.87,98.0,0.46,0.14,17.67,0.88,62.0,0.5,0.12,19.5,0.98
914,V,EN,DU,DU_in_EN,No,0,,,,0,0,Yes,8.5,8.0,5.0,9.0,9.5,7.0,7.0,8.5,6.5,7.0,6.0,8.5,8.0,5,5,6,3,3,3,4,6,6,1,6,6,6,176.0,0.47,0.21,18.21,0.89,59.0,0.53,0.12,16.96,0.85,59.0,0.49,0.23,19.04,0.9
916,V,EN,DU,DU_in_EN,No,0,,,,0,0,Yes,8.0,9.5,9.0,6.5,8.0,7.5,8.5,8.5,7.5,7.0,7.0,8.0,9.0,5,5,6,3,3,3,4,6,6,1,6,6,6,121.0,0.57,0.12,18.32,0.94,68.0,0.54,0.16,16.99,0.87,57.0,0.56,0.11,16.51,0.85
917,M,EN,DU,DU_in_EN,No,0,,,,0,0,Yes,5.0,6.0,5.0,4.5,6.5,7.5,6.0,7.5,6.5,,6.0,6.5,6.0,5,5,6,3,3,3,4,6,6,1,6,6,6,140.0,0.42,0.11,17.0,0.87,152.0,0.45,0.05,16.49,0.81,56.0,0.45,0.1,17.2,0.93
919,V,EN,DU,DU_in_EN,No,0,,,,0,0,Yes,6.5,7.0,7.0,6.5,7.5,7.0,6.0,5.0,6.5,7.0,6.0,3.0,6.0,5,5,6,3,3,3,4,6,6,1,6,6,6,74.0,0.5,0.12,16.82,0.8,153.0,0.49,0.09,17.33,0.88,51.0,0.53,0.05,16.71,0.82
921,V,EN,DU,DU_in_EN,No,0,,,,0,0,Yes,8.5,7.0,7.0,5.0,6.0,7.5,7.0,8.0,6.5,7.0,6.5,6.0,6.5,5,5,6,3,3,3,4,6,6,1,6,6,6,63.0,0.59,0.08,18.22,0.85,108.0,0.5,0.1,17.2,0.86,73.0,0.53,0.15,18.54,0.92
922,M,EN,DU,DU_in_EN,No,0,,,,0,0,No,7.0,6.5,7.0,5.0,6.0,7.0,6.0,7.0,4.0,7.0,3.5,4.5,7.0,5,5,6,3,3,3,4,6,6,1,6,6,6,161.0,0.45,0.19,17.07,0.86,73.0,0.53,0.11,17.25,0.87,62.0,0.48,0.13,17.71,0.87
