filename,sentences,wordtypes,swordtypes,lextypes,slextypes,wordtokens,swordtokens,lextokens,slextokens,ld,ls1,ls2,vs1,vs2,cvs1,ndw,ndwz,ndwerz,ndwesz,ttr,msttr,cttr,rttr,logttr,uber,lv,vv1,svv1,cvv1,vv2,nv,adjv,advv,modv
..\data\indiv_files_fixed_length\STAT_A_EN_uncorrected\741.txt,1,32,2,20,2,50,3,26,3,0.52,0.12,0.06,0.00,0.00,0.00,32,32,32.00,32.00,0.64,0.64,3.20,4.53,0.89,14.89,0.77,0.80,3.20,1.26,0.15,0.69,0.23,0.04,0.27
..\data\indiv_files_fixed_length\STAT_A_EN_uncorrected\646.txt,1,32,5,18,5,50,6,26,6,0.52,0.23,0.16,0.00,0.00,0.00,32,32,32.00,32.00,0.64,0.64,3.20,4.53,0.89,14.89,0.69,0.86,5.14,1.60,0.23,0.56,0.08,0.04,0.12
..\data\indiv_files_fixed_length\STAT_A_EN_uncorrected\580.txt,1,33,5,23,4,50,6,29,5,0.58,0.17,0.15,0.00,0.00,0.00,33,33,33.00,33.00,0.66,0.66,3.30,4.67,0.89,16.00,0.79,0.80,3.20,1.26,0.14,0.80,0.14,0.10,0.24
..\data\indiv_files_fixed_length\STAT_A_EN_uncorrected\504.txt,1,36,6,19,5,50,7,27,6,0.54,0.22,0.17,0.00,0.00,0.00,36,36,36.00,36.00,0.72,0.72,3.60,5.09,0.92,20.23,0.70,0.83,4.17,1.44,0.19,0.59,0.15,0.00,0.15
..\data\indiv_files_fixed_length\STAT_A_EN_uncorrected\634.txt,1,31,1,20,1,50,1,26,1,0.52,0.04,0.03,0.00,0.00,0.00,31,31,31.00,31.00,0.62,0.62,3.10,4.38,0.88,13.90,0.77,0.80,3.20,1.26,0.15,0.67,0.23,0.00,0.23
..\data\indiv_files_fixed_length\STAT_A_EN_uncorrected\630.txt,1,32,5,16,5,50,10,22,9,0.44,0.41,0.16,0.00,0.00,0.00,32,32,32.00,32.00,0.64,0.64,3.20,4.53,0.89,14.89,0.73,1.00,6.00,1.73,0.27,0.64,0.05,0.00,0.05
..\data\indiv_files_fixed_length\STAT_A_EN_uncorrected\648.txt,1,26,2,16,2,50,3,25,3,0.50,0.12,0.08,0.00,0.00,0.00,26,26,26.00,26.00,0.52,0.52,2.60,3.68,0.83,10.16,0.64,1.00,3.00,1.22,0.12,0.53,0.16,0.04,0.20
..\data\indiv_files_fixed_length\STAT_A_EN_uncorrected\921.txt,1,32,4,20,4,50,5,26,5,0.52,0.19,0.12,0.00,0.00,0.00,32,32,32.00,32.00,0.64,0.64,3.20,4.53,0.89,14.89,0.77,0.88,6.12,1.75,0.27,0.62,0.12,0.08,0.19
..\data\indiv_files_fixed_length\STAT_A_EN_uncorrected\589.txt,1,24,1,12,1,50,2,23,2,0.46,0.09,0.04,0.00,0.00,0.00,24,24,24.00,24.00,0.48,0.48,2.40,3.39,0.81,9.06,0.52,0.75,2.25,1.06,0.13,0.38,0.09,0.09,0.17
..\data\indiv_files_fixed_length\STAT_A_EN_uncorrected\705.txt,1,34,2,19,2,50,3,24,3,0.48,0.12,0.06,0.00,0.00,0.00,34,34,34.00,34.00,0.68,0.68,3.40,4.81,0.90,17.23,0.79,1.00,4.00,1.41,0.17,0.71,0.21,0.00,0.21
..\data\indiv_files_fixed_length\STAT_A_EN_uncorrected\564.txt,1,32,7,22,7,50,7,31,7,0.62,0.23,0.22,0.14,0.14,0.27,32,32,32.00,32.00,0.64,0.64,3.20,4.53,0.89,14.89,0.71,0.86,5.14,1.60,0.19,0.63,0.10,0.06,0.16
..\data\indiv_files_fixed_length\STAT_A_EN_uncorrected\664.txt,1,30,2,16,2,50,2,23,2,0.46,0.09,0.07,0.00,0.00,0.00,30,30,30.00,30.00,0.60,0.60,3.00,4.24,0.87,13.01,0.70,0.80,3.20,1.26,0.17,0.71,0.09,0.04,0.13
..\data\indiv_files_fixed_length\STAT_A_EN_uncorrected\750.txt,1,28,1,17,1,50,1,24,1,0.48,0.04,0.04,0.00,0.00,0.00,28,28,28.00,28.00,0.56,0.56,2.80,3.96,0.85,11.46,0.71,0.86,5.14,1.60,0.25,0.64,0.12,0.12,0.25
..\data\indiv_files_fixed_length\STAT_A_EN_uncorrected\839.txt,1,32,2,17,2,50,2,23,2,0.46,0.09,0.06,0.00,0.00,0.00,32,32,32.00,32.00,0.64,0.64,3.20,4.53,0.89,14.89,0.74,0.80,3.20,1.26,0.17,0.78,0.22,0.04,0.26
..\data\indiv_files_fixed_length\STAT_A_EN_uncorrected\883.txt,1,31,4,20,4,50,5,28,5,0.56,0.18,0.13,0.00,0.00,0.00,31,31,31.00,31.00,0.62,0.62,3.10,4.38,0.88,13.90,0.71,1.00,5.00,1.58,0.18,0.56,0.14,0.11,0.25
..\data\indiv_files_fixed_length\STAT_A_EN_uncorrected\640.txt,1,44,8,27,8,50,8,28,8,0.56,0.29,0.18,0.25,0.50,0.50,44,44,44.00,44.00,0.88,0.88,4.40,6.22,0.97,51.99,0.96,1.00,8.00,2.00,0.29,1.00,0.14,0.04,0.18
..\data\indiv_files_fixed_length\STAT_A_EN_uncorrected\853.txt,1,32,6,18,6,50,6,23,6,0.46,0.26,0.19,0.00,0.00,0.00,32,32,32.00,32.00,0.64,0.64,3.20,4.53,0.89,14.89,0.78,1.00,5.00,1.58,0.22,0.69,0.09,0.00,0.09
..\data\indiv_files_fixed_length\STAT_A_EN_uncorrected\526.txt,1,29,5,18,5,50,7,28,7,0.56,0.25,0.17,0.11,0.11,0.24,29,29,29.00,29.00,0.58,0.58,2.90,4.10,0.86,12.20,0.64,0.78,5.44,1.65,0.25,0.50,0.11,0.04,0.14
..\data\indiv_files_fixed_length\STAT_A_EN_uncorrected\699.txt,1,36,4,22,4,50,4,28,4,0.56,0.14,0.11,0.14,0.14,0.27,36,36,36.00,36.00,0.72,0.72,3.60,5.09,0.92,20.23,0.79,1.00,7.00,1.87,0.25,0.65,0.07,0.07,0.14
..\data\indiv_files_fixed_length\STAT_A_EN_uncorrected\636.txt,1,34,1,21,1,50,2,27,2,0.54,0.07,0.03,0.00,0.00,0.00,34,34,34.00,34.00,0.68,0.68,3.40,4.81,0.90,17.23,0.78,1.00,7.00,1.87,0.26,0.60,0.11,0.07,0.19
..\data\indiv_files_fixed_length\STAT_A_EN_uncorrected\738.txt,1,32,2,20,1,50,3,29,2,0.58,0.07,0.06,0.00,0.00,0.00,32,32,32.00,32.00,0.64,0.64,3.20,4.53,0.89,14.89,0.69,1.00,6.00,1.73,0.21,0.53,0.17,0.00,0.17
..\data\indiv_files_fixed_length\STAT_A_EN_uncorrected\919.txt,1,37,1,21,1,50,1,25,1,0.50,0.04,0.03,0.17,0.17,0.29,37,37,37.00,37.00,0.74,0.74,3.70,5.23,0.92,22.07,0.84,0.83,4.17,1.44,0.20,0.73,0.28,0.04,0.32
..\data\indiv_files_fixed_length\STAT_A_EN_uncorrected\587.txt,1,30,1,15,1,50,1,22,1,0.44,0.05,0.03,0.00,0.00,0.00,30,30,30.00,30.00,0.60,0.60,3.00,4.24,0.87,13.01,0.68,0.67,1.33,0.82,0.09,0.60,0.18,0.00,0.18
..\data\indiv_files_fixed_length\STAT_A_EN_uncorrected\888.txt,1,32,3,15,3,50,4,23,4,0.46,0.17,0.09,0.20,0.20,0.32,32,32,32.00,32.00,0.64,0.64,3.20,4.53,0.89,14.89,0.65,0.80,3.20,1.26,0.17,0.53,0.13,0.00,0.13
..\data\indiv_files_fixed_length\STAT_A_EN_uncorrected\645.txt,1,25,1,12,1,50,1,21,1,0.42,0.05,0.04,0.00,0.00,0.00,25,25,25.00,25.00,0.50,0.50,2.50,3.54,0.82,9.59,0.57,0.60,1.80,0.95,0.14,0.54,0.14,0.00,0.14
..\data\indiv_files_fixed_length\STAT_A_EN_uncorrected\703.txt,1,36,2,19,2,50,2,25,2,0.50,0.08,0.06,0.14,0.14,0.27,36,36,36.00,36.00,0.72,0.72,3.60,5.09,0.92,20.23,0.76,1.00,7.00,1.87,0.28,0.62,0.08,0.08,0.16
..\data\indiv_files_fixed_length\STAT_A_EN_uncorrected\517.txt,1,36,3,21,3,50,4,26,4,0.52,0.15,0.08,0.00,0.00,0.00,36,36,36.00,36.00,0.72,0.72,3.60,5.09,0.92,20.23,0.81,0.86,5.14,1.60,0.23,0.71,0.15,0.04,0.19
..\data\indiv_files_fixed_length\STAT_A_EN_uncorrected\592.txt,1,32,1,17,1,50,1,21,1,0.42,0.05,0.03,0.20,0.20,0.32,32,32,32.00,32.00,0.64,0.64,3.20,4.53,0.89,14.89,0.81,0.80,3.20,1.26,0.19,0.70,0.24,0.05,0.29
..\data\indiv_files_fixed_length\STAT_A_EN_uncorrected\651.txt,1,41,6,27,6,50,8,30,8,0.60,0.27,0.15,0.12,0.12,0.25,41,41,41.00,41.00,0.82,0.82,4.10,5.80,0.95,33.49,0.90,1.00,8.00,2.00,0.27,0.77,0.20,0.10,0.30
..\data\indiv_files_fixed_length\STAT_A_EN_uncorrected\545.txt,1,28,1,16,1,50,1,22,1,0.44,0.05,0.04,0.00,0.00,0.00,28,28,28.00,28.00,0.56,0.56,2.80,3.96,0.85,11.46,0.73,1.00,3.00,1.22,0.14,0.62,0.18,0.05,0.23
..\data\indiv_files_fixed_length\STAT_A_EN_uncorrected\610.txt,1,31,2,15,2,50,2,22,2,0.44,0.09,0.06,0.17,0.17,0.29,31,31,31.00,31.00,0.62,0.62,3.10,4.38,0.88,13.90,0.68,0.83,4.17,1.44,0.23,0.55,0.18,0.05,0.23
..\data\indiv_files_fixed_length\STAT_A_EN_uncorrected\794.txt,1,32,4,19,4,50,5,27,5,0.54,0.19,0.12,0.17,0.17,0.29,32,32,32.00,32.00,0.64,0.64,3.20,4.53,0.89,14.89,0.70,0.83,4.17,1.44,0.19,0.62,0.15,0.00,0.15
..\data\indiv_files_fixed_length\STAT_A_EN_uncorrected\844.txt,1,31,3,16,3,50,5,22,5,0.44,0.23,0.10,0.20,0.20,0.32,31,31,31.00,31.00,0.62,0.62,3.10,4.38,0.88,13.90,0.73,0.80,3.20,1.26,0.18,0.75,0.09,0.05,0.14
..\data\indiv_files_fixed_length\STAT_A_EN_uncorrected\602.txt,1,31,4,20,4,50,5,28,5,0.56,0.18,0.13,0.33,0.33,0.41,31,31,31.00,31.00,0.62,0.62,3.10,4.38,0.88,13.90,0.71,1.00,3.00,1.22,0.11,0.71,0.18,0.04,0.21
..\data\indiv_files_fixed_length\STAT_A_EN_uncorrected\647.txt,1,30,6,16,6,50,8,22,8,0.44,0.36,0.20,0.14,0.14,0.27,30,30,30.00,30.00,0.60,0.60,3.00,4.24,0.87,13.01,0.73,0.71,3.57,1.34,0.23,0.73,0.00,0.00,0.00
..\data\indiv_files_fixed_length\STAT_A_EN_uncorrected\531.txt,1,35,3,19,3,50,4,22,4,0.44,0.18,0.09,0.00,0.00,0.00,35,35,35.00,35.00,0.70,0.70,3.50,4.95,0.91,18.63,0.86,0.83,4.17,1.44,0.23,0.85,0.14,0.00,0.14
..\data\indiv_files_fixed_length\STAT_A_EN_uncorrected\521.txt,1,24,5,14,5,50,12,26,12,0.52,0.46,0.21,0.25,0.25,0.35,24,24,24.00,24.00,0.48,0.48,2.40,3.39,0.81,9.06,0.54,0.75,2.25,1.06,0.12,0.44,0.08,0.04,0.12
..\data\indiv_files_fixed_length\STAT_A_EN_uncorrected\749.txt,1,37,5,23,5,50,6,25,6,0.50,0.24,0.14,0.14,0.14,0.27,37,37,37.00,37.00,0.74,0.74,3.70,5.23,0.92,22.07,0.92,1.00,7.00,1.87,0.28,0.82,0.12,0.16,0.28
..\data\indiv_files_fixed_length\STAT_A_EN_uncorrected\913.txt,1,32,3,17,3,50,5,22,5,0.44,0.23,0.09,0.00,0.00,0.00,32,32,32.00,32.00,0.64,0.64,3.20,4.53,0.89,14.89,0.77,1.00,3.00,1.22,0.14,0.67,0.14,0.05,0.18
..\data\indiv_files_fixed_length\STAT_A_EN_uncorrected\773.txt,1,25,0,13,0,50,0,19,0,0.38,0.00,0.00,0.00,0.00,0.00,25,25,25.00,25.00,0.50,0.50,2.50,3.54,0.82,9.59,0.68,0.60,1.80,0.95,0.16,0.80,0.26,0.05,0.32
..\data\indiv_files_fixed_length\STAT_A_EN_uncorrected\849.txt,1,31,2,17,2,50,2,21,2,0.42,0.10,0.06,0.00,0.00,0.00,31,31,31.00,31.00,0.62,0.62,3.10,4.38,0.88,13.90,0.81,1.00,3.00,1.22,0.14,0.78,0.33,0.10,0.43
..\data\indiv_files_fixed_length\STAT_A_EN_uncorrected\885.txt,1,31,2,15,1,50,2,22,1,0.44,0.05,0.06,0.00,0.00,0.00,31,31,31.00,31.00,0.62,0.62,3.10,4.38,0.88,13.90,0.68,1.00,3.00,1.22,0.14,0.57,0.23,0.00,0.23
..\data\indiv_files_fixed_length\STAT_A_EN_uncorrected\785.txt,1,35,5,20,5,50,5,25,5,0.50,0.20,0.14,0.20,0.20,0.32,35,35,35.00,35.00,0.70,0.70,3.50,4.95,0.91,18.63,0.80,1.00,5.00,1.58,0.20,0.82,0.24,0.00,0.24
..\data\indiv_files_fixed_length\STAT_A_EN_uncorrected\525.txt,1,32,3,20,3,50,3,25,3,0.50,0.12,0.09,0.00,0.00,0.00,32,32,32.00,32.00,0.64,0.64,3.20,4.53,0.89,14.89,0.80,1.00,4.00,1.41,0.16,0.75,0.16,0.12,0.28
..\data\indiv_files_fixed_length\STAT_A_EN_uncorrected\520.txt,1,35,8,21,8,50,9,26,9,0.52,0.35,0.23,0.00,0.00,0.00,35,35,35.00,35.00,0.70,0.70,3.50,4.95,0.91,18.63,0.81,1.00,3.00,1.22,0.12,0.67,0.19,0.12,0.31
..\data\indiv_files_fixed_length\STAT_A_EN_uncorrected\846.txt,1,34,4,20,4,50,6,26,6,0.52,0.23,0.12,0.00,0.00,0.00,34,34,34.00,34.00,0.68,0.68,3.40,4.81,0.90,17.23,0.77,0.67,2.67,1.15,0.15,0.79,0.15,0.04,0.19
..\data\indiv_files_fixed_length\STAT_A_EN_uncorrected\697.txt,1,33,5,16,4,50,7,29,6,0.58,0.21,0.15,0.00,0.00,0.00,33,33,33.00,33.00,0.66,0.66,3.30,4.67,0.89,16.00,0.55,1.00,5.00,1.58,0.17,0.38,0.07,0.03,0.10
..\data\indiv_files_fixed_length\STAT_A_EN_uncorrected\656.txt,1,32,6,19,6,50,6,23,6,0.46,0.26,0.19,0.20,0.20,0.32,32,32,32.00,32.00,0.64,0.64,3.20,4.53,0.89,14.89,0.83,1.00,5.00,1.58,0.22,0.88,0.13,0.17,0.30
..\data\indiv_files_fixed_length\STAT_A_EN_uncorrected\519.txt,1,27,3,15,3,50,5,22,5,0.44,0.23,0.11,0.40,0.80,0.63,27,27,27.00,27.00,0.54,0.54,2.70,3.82,0.84,10.79,0.68,0.80,3.20,1.26,0.18,0.62,0.05,0.00,0.05
..\data\indiv_files_fixed_length\STAT_A_EN_uncorrected\701.txt,1,31,8,17,7,50,10,25,9,0.50,0.36,0.26,0.00,0.00,0.00,31,31,31.00,31.00,0.62,0.62,3.10,4.38,0.88,13.90,0.68,1.00,3.00,1.22,0.12,0.59,0.08,0.08,0.16
..\data\indiv_files_fixed_length\STAT_A_EN_uncorrected\801.txt,1,29,2,14,2,50,2,20,2,0.40,0.10,0.07,0.00,0.00,0.00,29,29,29.00,29.00,0.58,0.58,2.90,4.10,0.86,12.20,0.70,0.75,2.25,1.06,0.15,0.86,0.20,0.10,0.30
..\data\indiv_files_fixed_length\STAT_A_EN_uncorrected\868.txt,1,34,0,23,0,50,0,27,0,0.54,0.00,0.00,0.00,0.00,0.00,34,34,34.00,34.00,0.68,0.68,3.40,4.81,0.90,17.23,0.85,0.80,3.20,1.26,0.15,0.82,0.19,0.19,0.37
..\data\indiv_files_fixed_length\STAT_A_EN_uncorrected\669.txt,1,34,3,21,3,50,3,25,3,0.50,0.12,0.09,0.00,0.00,0.00,34,34,34.00,34.00,0.68,0.68,3.40,4.81,0.90,17.23,0.84,1.00,4.00,1.41,0.16,0.75,0.16,0.04,0.20
..\data\indiv_files_fixed_length\STAT_A_EN_uncorrected\819.txt,1,33,5,20,4,50,5,25,4,0.50,0.16,0.15,0.14,0.14,0.27,33,33,33.00,33.00,0.66,0.66,3.30,4.67,0.89,16.00,0.80,0.86,5.14,1.60,0.24,0.83,0.12,0.04,0.16
..\data\indiv_files_fixed_length\STAT_A_EN_uncorrected\563.txt,1,37,4,23,4,50,4,27,4,0.54,0.15,0.11,0.00,0.00,0.00,37,37,37.00,37.00,0.74,0.74,3.70,5.23,0.92,22.07,0.85,0.88,6.12,1.75,0.26,0.80,0.07,0.07,0.15
..\data\indiv_files_fixed_length\STAT_A_EN_uncorrected\516.txt,1,35,2,20,2,50,2,25,2,0.50,0.08,0.06,0.00,0.00,0.00,35,35,35.00,35.00,0.70,0.70,3.50,4.95,0.91,18.63,0.80,1.00,6.00,1.73,0.24,0.67,0.24,0.00,0.24
..\data\indiv_files_fixed_length\STAT_A_EN_uncorrected\643.txt,1,30,3,17,3,50,3,23,3,0.46,0.13,0.10,0.20,0.20,0.32,30,30,30.00,30.00,0.60,0.60,3.00,4.24,0.87,13.01,0.74,0.80,3.20,1.26,0.17,0.62,0.22,0.00,0.22
..\data\indiv_files_fixed_length\STAT_A_EN_uncorrected\889.txt,1,36,2,20,2,50,4,27,4,0.54,0.15,0.06,0.00,0.00,0.00,36,36,36.00,36.00,0.72,0.72,3.60,5.09,0.92,20.23,0.74,0.83,4.17,1.44,0.19,0.68,0.07,0.00,0.07
..\data\indiv_files_fixed_length\STAT_A_EN_uncorrected\612.txt,1,37,4,22,4,50,4,26,4,0.52,0.15,0.11,0.14,0.14,0.27,37,37,37.00,37.00,0.74,0.74,3.70,5.23,0.92,22.07,0.85,0.86,5.14,1.60,0.23,0.79,0.12,0.08,0.19
..\data\indiv_files_fixed_length\STAT_A_EN_uncorrected\622.txt,1,39,3,25,3,50,3,26,3,0.52,0.12,0.08,0.17,0.17,0.29,39,39,39.00,39.00,0.78,0.78,3.90,5.52,0.94,26.75,0.96,1.00,6.00,1.73,0.23,0.93,0.15,0.04,0.19
..\data\indiv_files_fixed_length\STAT_A_EN_uncorrected\566.txt,1,35,5,21,5,50,6,27,6,0.54,0.22,0.14,0.25,0.25,0.35,35,35,35.00,35.00,0.70,0.70,3.50,4.95,0.91,18.63,0.78,1.00,4.00,1.41,0.15,0.65,0.22,0.00,0.22
..\data\indiv_files_fixed_length\STAT_A_EN_uncorrected\570.txt,1,33,1,18,1,50,2,29,2,0.58,0.07,0.03,0.00,0.00,0.00,33,33,33.00,33.00,0.66,0.66,3.30,4.67,0.89,16.00,0.62,1.00,7.00,1.87,0.24,0.42,0.07,0.03,0.10
..\data\indiv_files_fixed_length\STAT_A_EN_uncorrected\791.txt,1,32,4,16,4,50,4,22,4,0.44,0.18,0.12,0.40,0.80,0.63,32,32,32.00,32.00,0.64,0.64,3.20,4.53,0.89,14.89,0.73,1.00,5.00,1.58,0.23,0.62,0.05,0.00,0.05
..\data\indiv_files_fixed_length\STAT_A_EN_uncorrected\807.txt,1,30,4,17,3,50,5,24,3,0.48,0.12,0.13,0.10,0.10,0.22,30,30,30.00,30.00,0.60,0.60,3.00,4.24,0.87,13.01,0.71,0.80,6.40,1.79,0.33,0.60,0.08,0.04,0.12
..\data\indiv_files_fixed_length\STAT_A_EN_uncorrected\677.txt,1,37,5,20,4,50,5,27,4,0.54,0.15,0.14,0.12,0.12,0.25,37,37,37.00,37.00,0.74,0.74,3.70,5.23,0.92,22.07,0.74,0.75,4.50,1.50,0.22,0.69,0.07,0.04,0.11
..\data\indiv_files_fixed_length\STAT_A_EN_uncorrected\742.txt,1,36,4,23,4,50,5,27,5,0.54,0.19,0.11,0.00,0.00,0.00,36,36,36.00,36.00,0.72,0.72,3.60,5.09,0.92,20.23,0.85,1.00,5.00,1.58,0.19,0.76,0.15,0.04,0.19
..\data\indiv_files_fixed_length\STAT_A_EN_uncorrected\896.txt,1,38,8,23,7,50,8,28,7,0.56,0.25,0.21,0.12,0.12,0.25,38,38,38.00,38.00,0.76,0.76,3.80,5.37,0.93,24.22,0.82,1.00,8.00,2.00,0.29,0.64,0.14,0.07,0.21
..\data\indiv_files_fixed_length\STAT_A_EN_uncorrected\591.txt,1,29,3,18,3,50,4,26,4,0.52,0.15,0.10,0.00,0.00,0.00,29,29,29.00,29.00,0.58,0.58,2.90,4.10,0.86,12.20,0.69,0.60,1.80,0.95,0.12,0.64,0.23,0.04,0.27
..\data\indiv_files_fixed_length\STAT_A_EN_uncorrected\848.txt,1,31,4,18,4,50,5,22,5,0.44,0.23,0.13,0.20,0.20,0.32,31,31,31.00,31.00,0.62,0.62,3.10,4.38,0.88,13.90,0.82,0.80,3.20,1.26,0.18,0.75,0.14,0.09,0.23
..\data\indiv_files_fixed_length\STAT_A_EN_uncorrected\745.txt,1,29,3,17,3,50,4,25,4,0.50,0.16,0.10,0.00,0.00,0.00,29,29,29.00,29.00,0.58,0.58,2.90,4.10,0.86,12.20,0.68,0.83,4.17,1.44,0.20,0.62,0.16,0.04,0.20
..\data\indiv_files_fixed_length\STAT_A_EN_uncorrected\914.txt,1,36,6,22,6,50,6,27,6,0.54,0.22,0.17,0.14,0.14,0.27,36,36,36.00,36.00,0.72,0.72,3.60,5.09,0.92,20.23,0.81,1.00,7.00,1.87,0.26,0.73,0.11,0.04,0.15
..\data\indiv_files_fixed_length\STAT_A_EN_uncorrected\845.txt,1,34,3,22,3,50,3,32,3,0.64,0.09,0.09,0.00,0.00,0.00,34,34,34.00,34.00,0.68,0.68,3.40,4.81,0.90,17.23,0.69,0.57,2.29,1.07,0.12,0.69,0.25,0.00,0.25
..\data\indiv_files_fixed_length\STAT_A_EN_uncorrected\736.txt,1,31,7,18,7,50,8,25,8,0.50,0.32,0.23,0.67,1.33,0.82,31,31,31.00,31.00,0.62,0.62,3.10,4.38,0.88,13.90,0.72,1.00,3.00,1.22,0.12,0.76,0.16,0.04,0.20
..\data\indiv_files_fixed_length\STAT_A_EN_uncorrected\710.txt,1,30,2,16,2,50,4,25,4,0.50,0.16,0.07,0.00,0.00,0.00,30,30,30.00,30.00,0.60,0.60,3.00,4.24,0.87,13.01,0.64,0.86,5.14,1.60,0.24,0.50,0.04,0.04,0.08
..\data\indiv_files_fixed_length\STAT_A_EN_uncorrected\712.txt,1,36,4,20,4,50,5,25,5,0.50,0.20,0.11,0.12,0.12,0.25,36,36,36.00,36.00,0.72,0.72,3.60,5.09,0.92,20.23,0.80,0.62,3.12,1.25,0.20,0.82,0.12,0.12,0.24
..\data\indiv_files_fixed_length\STAT_A_EN_uncorrected\657.txt,1,31,3,17,3,50,4,22,4,0.44,0.18,0.10,0.20,0.20,0.32,31,31,31.00,31.00,0.62,0.62,3.10,4.38,0.88,13.90,0.77,0.80,3.20,1.26,0.18,0.75,0.14,0.05,0.18
..\data\indiv_files_fixed_length\STAT_A_EN_uncorrected\565.txt,1,37,8,20,8,50,8,23,8,0.46,0.35,0.22,0.00,0.00,0.00,37,37,37.00,37.00,0.74,0.74,3.70,5.23,0.92,22.07,0.87,0.80,3.20,1.26,0.17,0.86,0.17,0.00,0.17
..\data\indiv_files_fixed_length\STAT_A_EN_uncorrected\625.txt,1,32,4,21,4,50,4,25,4,0.50,0.16,0.12,0.25,0.25,0.35,32,32,32.00,32.00,0.64,0.64,3.20,4.53,0.89,14.89,0.84,0.75,2.25,1.06,0.12,0.83,0.24,0.08,0.32
..\data\indiv_files_fixed_length\STAT_A_EN_uncorrected\901.txt,1,30,0,17,0,50,0,24,0,0.48,0.00,0.00,0.00,0.00,0.00,30,30,30.00,30.00,0.60,0.60,3.00,4.24,0.87,13.01,0.71,0.80,3.20,1.26,0.17,0.67,0.21,0.08,0.29
..\data\indiv_files_fixed_length\STAT_A_EN_uncorrected\733.txt,1,31,4,17,4,50,5,24,5,0.48,0.21,0.13,0.00,0.00,0.00,31,31,31.00,31.00,0.62,0.62,3.10,4.38,0.88,13.90,0.71,0.67,2.67,1.15,0.17,0.67,0.12,0.00,0.12
..\data\indiv_files_fixed_length\STAT_A_EN_uncorrected\588.txt,1,33,5,18,5,50,10,27,10,0.54,0.37,0.15,0.00,0.00,0.00,33,33,33.00,33.00,0.66,0.66,3.30,4.67,0.89,16.00,0.67,1.00,5.00,1.58,0.19,0.56,0.11,0.07,0.19
..\data\indiv_files_fixed_length\STAT_A_EN_uncorrected\707.txt,1,33,5,19,4,50,9,24,7,0.48,0.29,0.15,0.17,0.17,0.29,33,33,33.00,33.00,0.66,0.66,3.30,4.67,0.89,16.00,0.79,0.83,4.17,1.44,0.21,0.73,0.08,0.17,0.25
..\data\indiv_files_fixed_length\STAT_A_EN_uncorrected\590.txt,1,33,1,18,1,50,1,26,1,0.52,0.04,0.03,0.10,0.10,0.22,33,33,33.00,33.00,0.66,0.66,3.30,4.67,0.89,16.00,0.69,0.80,6.40,1.79,0.31,0.54,0.08,0.04,0.12
..\data\indiv_files_fixed_length\STAT_A_EN_uncorrected\779.txt,1,33,10,24,10,50,12,32,12,0.64,0.38,0.30,0.00,0.00,0.00,33,33,33.00,33.00,0.66,0.66,3.30,4.67,0.89,16.00,0.75,1.00,3.00,1.22,0.09,0.74,0.22,0.00,0.22
..\data\indiv_files_fixed_length\STAT_A_EN_uncorrected\782.txt,1,31,6,17,4,50,8,20,6,0.40,0.30,0.19,0.33,0.33,0.41,31,31,31.00,31.00,0.62,0.62,3.10,4.38,0.88,13.90,0.85,0.67,1.33,0.82,0.10,0.82,0.25,0.05,0.30
..\data\indiv_files_fixed_length\STAT_A_EN_uncorrected\632.txt,1,33,0,16,0,50,0,20,0,0.40,0.00,0.00,0.00,0.00,0.00,33,33,33.00,33.00,0.66,0.66,3.30,4.67,0.89,16.00,0.80,0.75,2.25,1.06,0.15,0.70,0.30,0.00,0.30
..\data\indiv_files_fixed_length\STAT_A_EN_uncorrected\653.txt,1,29,5,13,4,50,7,22,6,0.44,0.27,0.17,0.50,1.00,0.71,29,29,29.00,29.00,0.58,0.58,2.90,4.10,0.86,12.20,0.59,1.00,4.00,1.41,0.18,0.47,0.14,0.00,0.14
..\data\indiv_files_fixed_length\STAT_A_EN_uncorrected\678.txt,1,28,1,15,1,50,1,21,1,0.42,0.05,0.04,0.00,0.00,0.00,28,28,28.00,28.00,0.56,0.56,2.80,3.96,0.85,11.46,0.71,0.83,4.17,1.44,0.24,0.60,0.24,0.00,0.24
..\data\indiv_files_fixed_length\STAT_A_EN_uncorrected\790.txt,1,33,3,20,3,50,4,25,4,0.50,0.16,0.09,0.20,0.20,0.32,33,33,33.00,33.00,0.66,0.66,3.30,4.67,0.89,16.00,0.80,0.80,3.20,1.26,0.16,0.75,0.20,0.08,0.28
..\data\indiv_files_fixed_length\STAT_A_EN_uncorrected\754.txt,1,36,4,19,4,50,4,24,4,0.48,0.17,0.11,0.22,0.44,0.47,36,36,36.00,36.00,0.72,0.72,3.60,5.09,0.92,20.23,0.79,0.89,7.11,1.89,0.33,0.67,0.08,0.04,0.12
..\data\indiv_files_fixed_length\STAT_A_EN_uncorrected\870.txt,1,33,3,18,3,50,5,23,5,0.46,0.22,0.09,0.00,0.00,0.00,33,33,33.00,33.00,0.66,0.66,3.30,4.67,0.89,16.00,0.78,1.00,4.00,1.41,0.17,0.62,0.26,0.00,0.26
..\data\indiv_files_fixed_length\STAT_A_EN_uncorrected\759.txt,1,37,4,22,4,50,5,29,5,0.58,0.17,0.11,0.29,0.57,0.53,37,37,37.00,37.00,0.74,0.74,3.70,5.23,0.92,22.07,0.76,0.86,5.14,1.60,0.21,0.54,0.24,0.07,0.31
..\data\indiv_files_fixed_length\STAT_A_EN_uncorrected\753.txt,1,34,2,17,2,50,2,22,2,0.44,0.09,0.06,0.00,0.00,0.00,34,34,34.00,34.00,0.68,0.68,3.40,4.81,0.90,17.23,0.77,0.86,5.14,1.60,0.27,0.75,0.09,0.00,0.09
..\data\indiv_files_fixed_length\STAT_A_EN_uncorrected\910.txt,1,33,2,20,2,50,2,24,2,0.48,0.08,0.06,0.00,0.00,0.00,33,33,33.00,33.00,0.66,0.66,3.30,4.67,0.89,16.00,0.83,1.00,5.00,1.58,0.21,0.91,0.17,0.04,0.21
..\data\indiv_files_fixed_length\STAT_A_EN_uncorrected\581.txt,1,34,2,21,2,50,2,27,2,0.54,0.07,0.06,0.00,0.00,0.00,34,34,34.00,34.00,0.68,0.68,3.40,4.81,0.90,17.23,0.78,1.00,9.00,2.12,0.33,0.60,0.11,0.00,0.11
..\data\indiv_files_fixed_length\STAT_A_EN_uncorrected\720.txt,1,31,5,17,5,50,8,26,8,0.52,0.31,0.16,0.20,0.20,0.32,31,31,31.00,31.00,0.62,0.62,3.10,4.38,0.88,13.90,0.65,0.80,3.20,1.26,0.15,0.57,0.08,0.15,0.23
..\data\indiv_files_fixed_length\STAT_A_EN_uncorrected\574.txt,1,38,5,23,5,50,5,25,5,0.50,0.20,0.13,0.11,0.11,0.24,38,38,38.00,38.00,0.76,0.76,3.80,5.37,0.93,24.22,0.92,1.00,9.00,2.12,0.36,0.83,0.08,0.08,0.16
..\data\indiv_files_fixed_length\STAT_A_EN_uncorrected\532.txt,1,34,3,20,3,50,3,27,3,0.54,0.11,0.09,0.00,0.00,0.00,34,34,34.00,34.00,0.68,0.68,3.40,4.81,0.90,17.23,0.74,0.86,5.14,1.60,0.22,0.65,0.11,0.00,0.11
..\data\indiv_files_fixed_length\STAT_A_EN_uncorrected\818.txt,1,33,7,24,7,50,9,30,9,0.60,0.30,0.21,0.22,0.44,0.47,33,33,33.00,33.00,0.66,0.66,3.30,4.67,0.89,16.00,0.80,0.89,7.11,1.89,0.27,0.67,0.10,0.10,0.20
..\data\indiv_files_fixed_length\STAT_A_EN_uncorrected\817.txt,1,41,9,25,9,50,11,28,11,0.56,0.39,0.22,0.14,0.14,0.27,41,41,41.00,41.00,0.82,0.82,4.10,5.80,0.95,33.49,0.89,1.00,7.00,1.87,0.25,0.79,0.07,0.18,0.25
..\data\indiv_files_fixed_length\STAT_A_EN_uncorrected\635.txt,1,27,4,17,4,50,5,26,5,0.52,0.19,0.15,0.17,0.17,0.29,27,27,27.00,27.00,0.54,0.54,2.70,3.82,0.84,10.79,0.65,0.67,2.67,1.15,0.15,0.61,0.08,0.00,0.08
..\data\indiv_files_fixed_length\STAT_A_EN_uncorrected\786.txt,1,35,4,21,4,50,4,25,4,0.50,0.16,0.11,0.67,1.33,0.82,35,35,35.00,35.00,0.70,0.70,3.50,4.95,0.91,18.63,0.84,1.00,3.00,1.22,0.12,0.75,0.28,0.08,0.36
..\data\indiv_files_fixed_length\STAT_A_EN_uncorrected\740.txt,1,39,4,21,4,50,4,23,4,0.46,0.17,0.10,0.29,0.57,0.53,39,39,39.00,39.00,0.78,0.78,3.90,5.52,0.94,26.75,0.91,0.86,5.14,1.60,0.26,0.90,0.22,0.04,0.26
..\data\indiv_files_fixed_length\STAT_A_EN_uncorrected\571.txt,1,34,7,19,7,50,10,25,10,0.50,0.40,0.21,0.20,0.20,0.32,34,34,34.00,34.00,0.68,0.68,3.40,4.81,0.90,17.23,0.76,1.00,5.00,1.58,0.20,0.67,0.12,0.04,0.16
..\data\indiv_files_fixed_length\STAT_A_EN_uncorrected\665.txt,1,35,4,20,4,50,4,25,4,0.50,0.16,0.11,0.11,0.11,0.24,35,35,35.00,35.00,0.70,0.70,3.50,4.95,0.91,18.63,0.80,0.89,7.11,1.89,0.32,0.64,0.08,0.12,0.20
..\data\indiv_files_fixed_length\STAT_A_EN_uncorrected\906.txt,1,32,4,20,4,50,4,24,4,0.48,0.17,0.12,0.33,0.33,0.41,32,32,32.00,32.00,0.64,0.64,3.20,4.53,0.89,14.89,0.83,1.00,3.00,1.22,0.12,0.90,0.21,0.17,0.38
..\data\indiv_files_fixed_length\STAT_A_EN_uncorrected\847.txt,1,31,2,16,1,50,3,23,2,0.46,0.09,0.06,0.00,0.00,0.00,31,31,31.00,31.00,0.62,0.62,3.10,4.38,0.88,13.90,0.70,1.00,3.00,1.22,0.13,0.53,0.17,0.04,0.22
..\data\indiv_files_fixed_length\STAT_A_EN_uncorrected\890.txt,1,30,4,17,4,50,4,21,4,0.42,0.19,0.13,0.00,0.00,0.00,30,30,30.00,30.00,0.60,0.60,3.00,4.24,0.87,13.01,0.81,1.00,4.00,1.41,0.19,0.71,0.14,0.00,0.14
..\data\indiv_files_fixed_length\STAT_A_EN_uncorrected\854.txt,1,29,2,11,2,50,4,20,4,0.40,0.20,0.07,0.00,0.00,0.00,29,29,29.00,29.00,0.58,0.58,2.90,4.10,0.86,12.20,0.55,0.50,1.00,0.71,0.10,0.53,0.05,0.00,0.05
..\data\indiv_files_fixed_length\STAT_A_EN_uncorrected\881.txt,1,36,1,19,1,50,1,26,1,0.52,0.04,0.03,0.00,0.00,0.00,36,36,36.00,36.00,0.72,0.72,3.60,5.09,0.92,20.23,0.73,1.00,5.00,1.58,0.19,0.64,0.15,0.12,0.27
..\data\indiv_files_fixed_length\STAT_A_EN_uncorrected\732.txt,1,29,3,16,3,50,4,23,4,0.46,0.17,0.10,0.17,0.17,0.29,29,29,29.00,29.00,0.58,0.58,2.90,4.10,0.86,12.20,0.70,0.67,2.67,1.15,0.17,0.67,0.13,0.04,0.17
..\data\indiv_files_fixed_length\STAT_A_EN_uncorrected\902.txt,1,29,2,16,2,50,3,22,3,0.44,0.14,0.07,0.00,0.00,0.00,29,29,29.00,29.00,0.58,0.58,2.90,4.10,0.86,12.20,0.73,0.75,2.25,1.06,0.14,0.67,0.18,0.14,0.32
..\data\indiv_files_fixed_length\STAT_A_EN_uncorrected\907.txt,1,39,4,24,4,50,4,29,4,0.58,0.14,0.10,0.00,0.00,0.00,39,39,39.00,39.00,0.78,0.78,3.90,5.52,0.94,26.75,0.83,0.86,5.14,1.60,0.21,0.92,0.17,0.10,0.28
..\data\indiv_files_fixed_length\STAT_A_EN_uncorrected\862.txt,1,32,5,19,5,50,7,27,7,0.54,0.26,0.16,0.17,0.17,0.29,32,32,32.00,32.00,0.64,0.64,3.20,4.53,0.89,14.89,0.70,0.83,4.17,1.44,0.19,0.62,0.15,0.00,0.15
..\data\indiv_files_fixed_length\STAT_A_EN_uncorrected\762.txt,1,39,6,27,6,50,6,29,6,0.58,0.21,0.15,0.00,0.00,0.00,39,39,39.00,39.00,0.78,0.78,3.90,5.52,0.94,26.75,0.93,0.88,6.12,1.75,0.24,0.93,0.14,0.07,0.21
..\data\indiv_files_fixed_length\STAT_A_EN_uncorrected\715.txt,1,36,8,23,8,50,11,27,11,0.54,0.41,0.22,0.00,0.00,0.00,36,36,36.00,36.00,0.72,0.72,3.60,5.09,0.92,20.23,0.85,0.86,5.14,1.60,0.22,0.80,0.19,0.00,0.19
..\data\indiv_files_fixed_length\STAT_A_EN_uncorrected\884.txt,1,34,2,20,2,50,3,24,3,0.48,0.12,0.06,0.00,0.00,0.00,34,34,34.00,34.00,0.68,0.68,3.40,4.81,0.90,17.23,0.83,1.00,4.00,1.41,0.17,0.73,0.25,0.08,0.33
..\data\indiv_files_fixed_length\STAT_A_EN_uncorrected\800.txt,1,36,2,20,2,50,3,22,3,0.44,0.14,0.06,0.00,0.00,0.00,36,36,36.00,36.00,0.72,0.72,3.60,5.09,0.92,20.23,0.91,1.00,7.00,1.87,0.32,0.82,0.09,0.09,0.18
..\data\indiv_files_fixed_length\STAT_A_EN_uncorrected\628.txt,1,42,8,22,6,50,9,24,6,0.48,0.25,0.19,0.12,0.12,0.25,42,42,42.00,42.00,0.84,0.84,4.20,5.94,0.96,38.12,0.92,0.88,6.12,1.75,0.29,0.90,0.08,0.17,0.25
..\data\indiv_files_fixed_length\STAT_A_EN_uncorrected\871.txt,1,35,1,24,1,50,1,26,1,0.52,0.04,0.03,0.00,0.00,0.00,35,35,35.00,35.00,0.70,0.70,3.50,4.95,0.91,18.63,0.92,1.00,4.00,1.41,0.15,0.85,0.23,0.12,0.35
..\data\indiv_files_fixed_length\STAT_A_EN_uncorrected\700.txt,1,35,4,19,3,50,5,26,4,0.52,0.15,0.11,0.00,0.00,0.00,35,35,35.00,35.00,0.70,0.70,3.50,4.95,0.91,18.63,0.73,0.83,4.17,1.44,0.19,0.67,0.15,0.04,0.19
..\data\indiv_files_fixed_length\STAT_A_EN_uncorrected\594.txt,1,35,2,19,2,50,3,23,3,0.46,0.13,0.06,0.00,0.00,0.00,35,35,35.00,35.00,0.70,0.70,3.50,4.95,0.91,18.63,0.83,1.00,5.00,1.58,0.22,0.69,0.09,0.13,0.22
..\data\indiv_files_fixed_length\STAT_A_EN_uncorrected\510.txt,1,35,6,20,6,50,10,28,10,0.56,0.36,0.17,0.29,0.57,0.53,35,35,35.00,35.00,0.70,0.70,3.50,4.95,0.91,18.63,0.71,0.86,5.14,1.60,0.21,0.67,0.04,0.07,0.11
..\data\indiv_files_fixed_length\STAT_A_EN_uncorrected\611.txt,1,32,3,18,3,50,3,25,3,0.50,0.12,0.09,0.00,0.00,0.00,32,32,32.00,32.00,0.64,0.64,3.20,4.53,0.89,14.89,0.72,1.00,3.00,1.22,0.12,0.68,0.12,0.00,0.12
..\data\indiv_files_fixed_length\STAT_A_EN_uncorrected\687.txt,1,34,7,25,7,50,8,33,8,0.66,0.24,0.21,0.00,0.00,0.00,34,34,34.00,34.00,0.68,0.68,3.40,4.81,0.90,17.23,0.76,0.60,1.80,0.95,0.09,0.75,0.24,0.09,0.33
..\data\indiv_files_fixed_length\STAT_A_EN_uncorrected\876.txt,1,33,4,20,4,50,4,27,4,0.54,0.15,0.12,0.25,0.50,0.50,33,33,33.00,33.00,0.66,0.66,3.30,4.67,0.89,16.00,0.74,0.75,4.50,1.50,0.22,0.78,0.19,0.15,0.33
..\data\indiv_files_fixed_length\STAT_A_EN_uncorrected\660.txt,1,33,2,18,2,50,5,25,5,0.50,0.20,0.06,0.00,0.00,0.00,33,33,33.00,33.00,0.66,0.66,3.30,4.67,0.89,16.00,0.72,1.00,4.00,1.41,0.16,0.59,0.16,0.00,0.16
..\data\indiv_files_fixed_length\STAT_A_EN_uncorrected\560.txt,1,30,3,18,3,50,3,24,3,0.48,0.12,0.10,0.10,0.10,0.22,30,30,30.00,30.00,0.60,0.60,3.00,4.24,0.87,13.01,0.75,0.80,6.40,1.79,0.33,0.75,0.04,0.00,0.04
..\data\indiv_files_fixed_length\STAT_A_EN_uncorrected\576.txt,1,36,3,21,3,50,3,26,3,0.52,0.12,0.08,0.00,0.00,0.00,36,36,36.00,36.00,0.72,0.72,3.60,5.09,0.92,20.23,0.81,0.83,4.17,1.44,0.19,0.71,0.19,0.04,0.23
..\data\indiv_files_fixed_length\STAT_A_EN_uncorrected\775.txt,1,34,7,20,6,50,8,25,7,0.50,0.28,0.21,0.00,0.00,0.00,34,34,34.00,34.00,0.68,0.68,3.40,4.81,0.90,17.23,0.80,0.71,3.57,1.34,0.20,0.79,0.16,0.00,0.16
..\data\indiv_files_fixed_length\STAT_A_EN_uncorrected\838.txt,1,32,3,17,3,50,7,24,7,0.48,0.29,0.09,0.00,0.00,0.00,32,32,32.00,32.00,0.64,0.64,3.20,4.53,0.89,14.89,0.71,1.00,3.00,1.22,0.12,0.67,0.21,0.08,0.29
..\data\indiv_files_fixed_length\STAT_A_EN_uncorrected\675.txt,1,35,2,20,2,50,2,23,2,0.46,0.09,0.06,0.00,0.00,0.00,35,35,35.00,35.00,0.70,0.70,3.50,4.95,0.91,18.63,0.87,1.00,4.00,1.41,0.17,0.86,0.09,0.09,0.17
..\data\indiv_files_fixed_length\STAT_A_EN_uncorrected\551.txt,1,31,2,16,2,50,3,23,3,0.46,0.13,0.06,0.00,0.00,0.00,31,31,31.00,31.00,0.62,0.62,3.10,4.38,0.88,13.90,0.70,1.00,6.00,1.73,0.26,0.53,0.09,0.00,0.09
..\data\indiv_files_fixed_length\STAT_A_EN_uncorrected\820.txt,1,33,2,19,2,50,2,25,2,0.50,0.08,0.06,0.00,0.00,0.00,33,33,33.00,33.00,0.66,0.66,3.30,4.67,0.89,16.00,0.76,0.83,4.17,1.44,0.20,0.62,0.16,0.08,0.24
..\data\indiv_files_fixed_length\STAT_A_EN_uncorrected\797.txt,1,31,4,19,4,50,5,27,5,0.54,0.19,0.13,0.00,0.00,0.00,31,31,31.00,31.00,0.62,0.62,3.10,4.38,0.88,13.90,0.70,1.00,3.00,1.22,0.11,0.62,0.26,0.04,0.30
..\data\indiv_files_fixed_length\STAT_A_EN_uncorrected\758.txt,1,29,4,15,4,50,7,24,7,0.48,0.29,0.14,0.17,0.17,0.29,29,29,29.00,29.00,0.58,0.58,2.90,4.10,0.86,12.20,0.62,0.67,2.67,1.15,0.17,0.53,0.12,0.00,0.12
..\data\indiv_files_fixed_length\STAT_A_EN_uncorrected\596.txt,1,32,3,18,3,50,4,23,4,0.46,0.17,0.09,0.17,0.17,0.29,32,32,32.00,32.00,0.64,0.64,3.20,4.53,0.89,14.89,0.78,1.00,6.00,1.73,0.26,0.64,0.13,0.00,0.13
..\data\indiv_files_fixed_length\STAT_A_EN_uncorrected\878.txt,1,36,7,23,7,50,7,27,7,0.54,0.26,0.19,0.40,0.80,0.63,36,36,36.00,36.00,0.72,0.72,3.60,5.09,0.92,20.23,0.85,1.00,5.00,1.58,0.19,0.76,0.15,0.04,0.19
..\data\indiv_files_fixed_length\STAT_A_EN_uncorrected\706.txt,1,27,2,15,2,50,3,27,3,0.54,0.11,0.07,0.20,0.20,0.32,27,27,27.00,27.00,0.54,0.54,2.70,3.82,0.84,10.79,0.56,0.80,3.20,1.26,0.15,0.33,0.11,0.15,0.26
..\data\indiv_files_fixed_length\STAT_A_EN_uncorrected\809.txt,1,35,4,22,4,50,4,28,4,0.56,0.14,0.11,0.17,0.17,0.29,35,35,35.00,35.00,0.70,0.70,3.50,4.95,0.91,18.63,0.79,1.00,6.00,1.73,0.21,0.64,0.21,0.07,0.29
..\data\indiv_files_fixed_length\STAT_A_EN_uncorrected\724.txt,1,30,2,15,2,50,3,23,3,0.46,0.13,0.07,0.20,0.20,0.32,30,30,30.00,30.00,0.60,0.60,3.00,4.24,0.87,13.01,0.65,0.80,3.20,1.26,0.17,0.53,0.09,0.04,0.13
..\data\indiv_files_fixed_length\STAT_A_EN_uncorrected\874.txt,1,25,3,12,2,50,3,22,2,0.44,0.09,0.12,0.00,0.00,0.00,25,25,25.00,25.00,0.50,0.50,2.50,3.54,0.82,9.59,0.55,0.50,0.50,0.50,0.05,0.53,0.09,0.05,0.14
..\data\indiv_files_fixed_length\STAT_A_EN_uncorrected\735.txt,1,35,1,18,1,50,1,23,1,0.46,0.04,0.03,0.00,0.00,0.00,35,35,35.00,35.00,0.70,0.70,3.50,4.95,0.91,18.63,0.78,1.00,2.00,1.00,0.09,0.83,0.26,0.04,0.30
..\data\indiv_files_fixed_length\STAT_A_EN_uncorrected\796.txt,1,34,6,20,6,50,6,27,6,0.54,0.22,0.18,0.20,0.20,0.32,34,34,34.00,34.00,0.68,0.68,3.40,4.81,0.90,17.23,0.74,0.80,3.20,1.26,0.15,0.69,0.15,0.04,0.19
..\data\indiv_files_fixed_length\STAT_A_EN_uncorrected\605.txt,1,31,2,17,2,50,3,26,3,0.52,0.12,0.06,0.00,0.00,0.00,31,31,31.00,31.00,0.62,0.62,3.10,4.38,0.88,13.90,0.65,0.40,0.80,0.63,0.08,0.54,0.23,0.08,0.31
..\data\indiv_files_fixed_length\STAT_A_EN_uncorrected\760.txt,1,31,2,16,2,50,4,24,4,0.48,0.17,0.06,0.00,0.00,0.00,31,31,31.00,31.00,0.62,0.62,3.10,4.38,0.88,13.90,0.67,1.00,3.00,1.22,0.12,0.50,0.17,0.04,0.21
..\data\indiv_files_fixed_length\STAT_A_EN_uncorrected\816.txt,1,33,2,21,2,50,2,24,2,0.48,0.08,0.06,0.25,0.25,0.35,33,33,33.00,33.00,0.66,0.66,3.30,4.67,0.89,16.00,0.88,1.00,4.00,1.41,0.17,0.83,0.21,0.08,0.29
..\data\indiv_files_fixed_length\STAT_A_EN_uncorrected\824.txt,1,34,3,16,3,50,3,22,3,0.44,0.14,0.09,0.20,0.20,0.32,34,34,34.00,34.00,0.68,0.68,3.40,4.81,0.90,17.23,0.73,0.80,3.20,1.26,0.18,0.64,0.14,0.00,0.14
..\data\indiv_files_fixed_length\STAT_A_EN_uncorrected\578.txt,1,33,7,19,7,50,8,23,8,0.46,0.35,0.21,0.17,0.17,0.29,33,33,33.00,33.00,0.66,0.66,3.30,4.67,0.89,16.00,0.83,1.00,6.00,1.73,0.26,0.80,0.09,0.00,0.09
..\data\indiv_files_fixed_length\STAT_A_EN_uncorrected\633.txt,1,30,3,17,3,50,3,26,3,0.52,0.12,0.10,0.00,0.00,0.00,30,30,30.00,30.00,0.60,0.60,3.00,4.24,0.87,13.01,0.65,0.50,1.00,0.71,0.08,0.58,0.23,0.08,0.31
..\data\indiv_files_fixed_length\STAT_A_EN_uncorrected\757.txt,1,28,3,15,3,50,4,20,3,0.40,0.15,0.11,0.00,0.00,0.00,28,28,28.00,28.00,0.56,0.56,2.80,3.96,0.85,11.46,0.75,0.83,4.17,1.44,0.25,0.75,0.10,0.00,0.10
..\data\indiv_files_fixed_length\STAT_A_EN_uncorrected\752.txt,1,32,4,20,4,50,4,25,4,0.50,0.16,0.12,0.14,0.14,0.27,32,32,32.00,32.00,0.64,0.64,3.20,4.53,0.89,14.89,0.80,0.86,5.14,1.60,0.24,0.77,0.16,0.00,0.16
..\data\indiv_files_fixed_length\STAT_A_EN_uncorrected\899.txt,1,31,1,17,1,50,1,26,1,0.52,0.04,0.03,0.12,0.12,0.25,31,31,31.00,31.00,0.62,0.62,3.10,4.38,0.88,13.90,0.65,0.75,4.50,1.50,0.23,0.54,0.12,0.04,0.15
..\data\indiv_files_fixed_length\STAT_A_EN_uncorrected\513.txt,1,30,3,14,2,50,5,20,4,0.40,0.20,0.10,0.00,0.00,0.00,30,30,30.00,30.00,0.60,0.60,3.00,4.24,0.87,13.01,0.70,1.00,1.00,0.71,0.05,0.62,0.10,0.15,0.25
..\data\indiv_files_fixed_length\STAT_A_EN_uncorrected\639.txt,1,32,4,18,4,50,6,21,6,0.42,0.29,0.12,0.25,0.25,0.35,32,32,32.00,32.00,0.64,0.64,3.20,4.53,0.89,14.89,0.86,1.00,4.00,1.41,0.19,0.78,0.33,0.05,0.38
..\data\indiv_files_fixed_length\STAT_A_EN_uncorrected\826.txt,1,33,3,20,3,50,3,23,3,0.46,0.13,0.09,0.00,0.00,0.00,33,33,33.00,33.00,0.66,0.66,3.30,4.67,0.89,16.00,0.87,1.00,3.00,1.22,0.13,0.80,0.22,0.00,0.22
..\data\indiv_files_fixed_length\STAT_A_EN_uncorrected\922.txt,1,35,5,22,5,50,7,28,7,0.56,0.25,0.14,0.00,0.00,0.00,35,35,35.00,35.00,0.70,0.70,3.50,4.95,0.91,18.63,0.79,1.00,4.00,1.41,0.14,0.72,0.14,0.04,0.18
..\data\indiv_files_fixed_length\STAT_A_EN_uncorrected\595.txt,1,32,2,17,2,50,2,23,2,0.46,0.09,0.06,0.00,0.00,0.00,32,32,32.00,32.00,0.64,0.64,3.20,4.53,0.89,14.89,0.74,0.86,5.14,1.60,0.26,0.67,0.09,0.04,0.13
..\data\indiv_files_fixed_length\STAT_A_EN_uncorrected\795.txt,1,33,2,18,2,50,2,22,2,0.44,0.09,0.06,0.20,0.20,0.32,33,33,33.00,33.00,0.66,0.66,3.30,4.67,0.89,16.00,0.82,1.00,5.00,1.58,0.23,0.69,0.14,0.05,0.18
..\data\indiv_files_fixed_length\STAT_A_EN_uncorrected\599.txt,1,33,3,20,3,50,3,27,3,0.54,0.11,0.09,0.00,0.00,0.00,33,33,33.00,33.00,0.66,0.66,3.30,4.67,0.89,16.00,0.74,1.00,5.00,1.58,0.19,0.62,0.15,0.04,0.19
..\data\indiv_files_fixed_length\STAT_A_EN_uncorrected\905.txt,1,31,6,14,5,50,12,22,11,0.44,0.50,0.19,0.20,0.20,0.32,31,31,31.00,31.00,0.62,0.62,3.10,4.38,0.88,13.90,0.64,0.60,1.80,0.95,0.14,0.67,0.09,0.14,0.23
..\data\indiv_files_fixed_length\STAT_A_EN_uncorrected\763.txt,1,36,3,21,3,50,3,24,3,0.48,0.12,0.08,0.20,0.20,0.32,36,36,36.00,36.00,0.72,0.72,3.60,5.09,0.92,20.23,0.88,1.00,5.00,1.58,0.21,0.75,0.17,0.12,0.29
..\data\indiv_files_fixed_length\STAT_A_EN_uncorrected\505.txt,1,32,1,19,1,50,1,23,1,0.46,0.04,0.03,0.00,0.00,0.00,32,32,32.00,32.00,0.64,0.64,3.20,4.53,0.89,14.89,0.83,1.00,5.00,1.58,0.22,0.80,0.22,0.04,0.26
..\data\indiv_files_fixed_length\STAT_A_EN_uncorrected\784.txt,1,29,4,16,4,50,6,24,6,0.48,0.25,0.14,0.20,0.20,0.32,29,29,29.00,29.00,0.58,0.58,2.90,4.10,0.86,12.20,0.67,0.80,3.20,1.26,0.17,0.58,0.17,0.04,0.21
..\data\indiv_files_fixed_length\STAT_A_EN_uncorrected\558.txt,1,30,4,17,4,50,4,22,4,0.44,0.18,0.13,0.00,0.00,0.00,30,30,30.00,30.00,0.60,0.60,3.00,4.24,0.87,13.01,0.77,0.80,3.20,1.26,0.18,0.71,0.09,0.05,0.14
..\data\indiv_files_fixed_length\STAT_A_EN_uncorrected\533.txt,1,28,2,12,2,50,3,24,3,0.48,0.12,0.07,0.00,0.00,0.00,28,28,28.00,28.00,0.56,0.56,2.80,3.96,0.85,11.46,0.50,0.67,1.33,0.82,0.08,0.36,0.21,0.04,0.25
..\data\indiv_files_fixed_length\STAT_A_EN_uncorrected\583.txt,1,42,9,25,9,50,10,27,10,0.54,0.37,0.21,0.20,0.20,0.32,42,42,42.00,42.00,0.84,0.84,4.20,5.94,0.96,38.12,0.93,1.00,5.00,1.58,0.19,0.87,0.22,0.04,0.26
..\data\indiv_files_fixed_length\STAT_A_EN_uncorrected\692.txt,1,36,5,22,5,50,6,28,6,0.56,0.21,0.14,0.17,0.17,0.29,36,36,36.00,36.00,0.72,0.72,3.60,5.09,0.92,20.23,0.79,1.00,6.00,1.73,0.21,0.62,0.18,0.04,0.21
..\data\indiv_files_fixed_length\STAT_A_EN_uncorrected\917.txt,1,29,2,17,1,50,3,23,2,0.46,0.09,0.07,0.00,0.00,0.00,29,29,29.00,29.00,0.58,0.58,2.90,4.10,0.86,12.20,0.74,1.00,5.00,1.58,0.22,0.64,0.17,0.09,0.26
..\data\indiv_files_fixed_length\STAT_A_EN_uncorrected\582.txt,1,29,3,17,3,50,4,27,4,0.54,0.15,0.10,0.00,0.00,0.00,29,29,29.00,29.00,0.58,0.58,2.90,4.10,0.86,12.20,0.63,0.75,4.50,1.50,0.22,0.67,0.11,0.04,0.15
..\data\indiv_files_fixed_length\STAT_A_EN_uncorrected\855.txt,1,37,3,23,3,50,3,27,3,0.54,0.11,0.08,0.00,0.00,0.00,37,37,37.00,37.00,0.74,0.74,3.70,5.23,0.92,22.07,0.85,1.00,7.00,1.87,0.26,0.71,0.19,0.04,0.22
..\data\indiv_files_fixed_length\STAT_A_EN_uncorrected\555.txt,1,34,3,18,3,50,3,22,3,0.44,0.14,0.09,0.00,0.00,0.00,34,34,34.00,34.00,0.68,0.68,3.40,4.81,0.90,17.23,0.82,1.00,6.00,1.73,0.27,0.70,0.18,0.05,0.23
..\data\indiv_files_fixed_length\STAT_A_EN_uncorrected\652.txt,1,38,4,20,4,50,7,28,7,0.56,0.25,0.11,0.12,0.12,0.25,38,38,38.00,38.00,0.76,0.76,3.80,5.37,0.93,24.22,0.71,0.88,6.12,1.75,0.25,0.62,0.18,0.04,0.21
..\data\indiv_files_fixed_length\STAT_A_EN_uncorrected\695.txt,1,37,7,23,7,50,7,28,7,0.56,0.25,0.19,0.25,0.25,0.35,37,37,37.00,37.00,0.74,0.74,3.70,5.23,0.92,22.07,0.82,1.00,4.00,1.41,0.14,0.72,0.14,0.07,0.21
..\data\indiv_files_fixed_length\STAT_A_EN_uncorrected\748.txt,1,33,1,17,1,50,2,20,2,0.40,0.10,0.03,0.00,0.00,0.00,33,33,33.00,33.00,0.66,0.66,3.30,4.67,0.89,16.00,0.85,1.00,4.00,1.41,0.20,0.70,0.25,0.05,0.30
..\data\indiv_files_fixed_length\STAT_A_EN_uncorrected\552.txt,1,34,3,19,3,50,4,24,4,0.48,0.17,0.09,0.00,0.00,0.00,34,34,34.00,34.00,0.68,0.68,3.40,4.81,0.90,17.23,0.79,1.00,4.00,1.41,0.17,0.69,0.25,0.04,0.29
..\data\indiv_files_fixed_length\STAT_A_EN_uncorrected\668.txt,1,32,2,18,2,50,5,22,5,0.44,0.23,0.06,0.00,0.00,0.00,32,32,32.00,32.00,0.64,0.64,3.20,4.53,0.89,14.89,0.82,0.80,3.20,1.26,0.18,0.73,0.23,0.05,0.27
..\data\indiv_files_fixed_length\STAT_A_EN_uncorrected\511.txt,1,27,6,17,6,50,16,30,16,0.60,0.53,0.22,0.25,0.25,0.35,27,27,27.00,27.00,0.54,0.54,2.70,3.82,0.84,10.79,0.57,1.00,4.00,1.41,0.13,0.42,0.10,0.10,0.20
..\data\indiv_files_fixed_length\STAT_A_EN_uncorrected\509.txt,1,32,1,18,1,50,2,27,2,0.54,0.07,0.03,0.00,0.00,0.00,32,32,32.00,32.00,0.64,0.64,3.20,4.53,0.89,14.89,0.67,0.80,3.20,1.26,0.15,0.59,0.11,0.04,0.15
..\data\indiv_files_fixed_length\STAT_A_EN_uncorrected\619.txt,1,32,4,18,4,50,5,25,5,0.50,0.20,0.12,0.29,0.57,0.53,32,32,32.00,32.00,0.64,0.64,3.20,4.53,0.89,14.89,0.72,1.00,7.00,1.87,0.28,0.54,0.08,0.08,0.16
..\data\indiv_files_fixed_length\STAT_A_EN_uncorrected\698.txt,1,34,5,20,5,50,5,27,5,0.54,0.19,0.15,0.00,0.00,0.00,34,34,34.00,34.00,0.68,0.68,3.40,4.81,0.90,17.23,0.74,1.00,6.00,1.73,0.22,0.59,0.00,0.15,0.15
..\data\indiv_files_fixed_length\STAT_A_EN_uncorrected\659.txt,1,38,7,23,7,50,8,26,8,0.52,0.31,0.18,0.12,0.12,0.25,38,38,38.00,38.00,0.76,0.76,3.80,5.37,0.93,24.22,0.88,1.00,8.00,2.00,0.31,0.87,0.08,0.04,0.12
..\data\indiv_files_fixed_length\STAT_A_EN_uncorrected\891.txt,1,36,6,23,6,50,7,27,7,0.54,0.26,0.17,0.25,0.25,0.35,36,36,36.00,36.00,0.72,0.72,3.60,5.09,0.92,20.23,0.85,1.00,4.00,1.41,0.15,0.73,0.26,0.04,0.30
..\data\indiv_files_fixed_length\STAT_A_EN_uncorrected\721.txt,1,37,5,23,5,50,6,26,6,0.52,0.23,0.14,0.14,0.14,0.27,37,37,37.00,37.00,0.74,0.74,3.70,5.23,0.92,22.07,0.88,1.00,7.00,1.87,0.27,0.83,0.15,0.08,0.23
..\data\indiv_files_fixed_length\STAT_A_EN_uncorrected\691.txt,1,34,6,23,6,50,7,28,7,0.56,0.25,0.18,0.29,0.57,0.53,34,34,34.00,34.00,0.68,0.68,3.40,4.81,0.90,17.23,0.82,1.00,7.00,1.87,0.25,0.69,0.14,0.04,0.18
..\data\indiv_files_fixed_length\STAT_A_EN_uncorrected\644.txt,1,31,3,16,3,50,4,26,4,0.52,0.15,0.10,0.00,0.00,0.00,31,31,31.00,31.00,0.62,0.62,3.10,4.38,0.88,13.90,0.62,0.67,2.67,1.15,0.15,0.43,0.19,0.04,0.23
..\data\indiv_files_fixed_length\STAT_A_EN_uncorrected\682.txt,1,32,8,18,7,50,9,26,8,0.52,0.31,0.25,0.33,1.00,0.71,32,32,32.00,32.00,0.64,0.64,3.20,4.53,0.89,14.89,0.69,0.78,5.44,1.65,0.27,0.55,0.12,0.08,0.19
..\data\indiv_files_fixed_length\STAT_A_EN_uncorrected\616.txt,1,25,3,15,3,50,6,27,6,0.54,0.22,0.12,0.00,0.00,0.00,25,25,25.00,25.00,0.50,0.50,2.50,3.54,0.82,9.59,0.56,0.67,1.33,0.82,0.07,0.55,0.22,0.04,0.26
..\data\indiv_files_fixed_length\STAT_A_EN_uncorrected\529.txt,1,31,3,19,3,50,5,24,4,0.48,0.17,0.10,0.00,0.00,0.00,31,31,31.00,31.00,0.62,0.62,3.10,4.38,0.88,13.90,0.79,1.00,3.00,1.22,0.12,0.80,0.21,0.04,0.25
..\data\indiv_files_fixed_length\STAT_A_EN_uncorrected\850.txt,1,33,0,19,0,50,0,26,0,0.52,0.00,0.00,0.00,0.00,0.00,33,33,33.00,33.00,0.66,0.66,3.30,4.67,0.89,16.00,0.73,1.00,4.00,1.41,0.15,0.57,0.19,0.08,0.27
..\data\indiv_files_fixed_length\STAT_A_EN_uncorrected\908.txt,1,28,0,17,0,50,0,26,0,0.52,0.00,0.00,0.00,0.00,0.00,28,28,28.00,28.00,0.56,0.56,2.80,3.96,0.85,11.46,0.65,1.00,4.00,1.41,0.15,0.45,0.23,0.08,0.31
..\data\indiv_files_fixed_length\STAT_A_EN_uncorrected\799.txt,1,34,5,23,5,50,5,27,5,0.54,0.19,0.15,0.14,0.14,0.27,34,34,34.00,34.00,0.68,0.68,3.40,4.81,0.90,17.23,0.85,1.00,7.00,1.87,0.26,1.00,0.19,0.04,0.22
..\data\indiv_files_fixed_length\STAT_A_EN_uncorrected\918.txt,1,32,2,18,2,50,2,24,2,0.48,0.08,0.06,0.00,0.00,0.00,32,32,32.00,32.00,0.64,0.64,3.20,4.53,0.89,14.89,0.75,0.80,3.20,1.26,0.17,0.73,0.21,0.04,0.25
..\data\indiv_files_fixed_length\STAT_A_EN_uncorrected\609.txt,1,36,5,22,5,50,7,25,6,0.50,0.24,0.14,0.00,0.00,0.00,36,36,36.00,36.00,0.72,0.72,3.60,5.09,0.92,20.23,0.88,0.88,6.12,1.75,0.28,0.85,0.08,0.08,0.16
..\data\indiv_files_fixed_length\STAT_A_EN_uncorrected\813.txt,1,34,1,20,1,50,1,27,1,0.54,0.04,0.03,0.00,0.00,0.00,34,34,34.00,34.00,0.68,0.68,3.40,4.81,0.90,17.23,0.74,1.00,5.00,1.58,0.19,0.53,0.22,0.04,0.26
..\data\indiv_files_fixed_length\STAT_A_EN_uncorrected\772.txt,1,40,4,22,4,50,4,24,4,0.48,0.17,0.10,0.00,0.00,0.00,40,40,40.00,40.00,0.80,0.80,4.00,5.66,0.94,29.79,0.92,1.00,4.00,1.41,0.17,0.86,0.21,0.04,0.25
..\data\indiv_files_fixed_length\STAT_A_EN_uncorrected\776.txt,1,31,3,18,3,50,4,24,4,0.48,0.17,0.10,0.00,0.00,0.00,31,31,31.00,31.00,0.62,0.62,3.10,4.38,0.88,13.90,0.75,1.00,4.00,1.41,0.17,0.69,0.17,0.04,0.21
..\data\indiv_files_fixed_length\STAT_A_EN_uncorrected\623.txt,1,31,1,17,1,50,1,25,1,0.50,0.04,0.03,0.00,0.00,0.00,31,31,31.00,31.00,0.62,0.62,3.10,4.38,0.88,13.90,0.68,0.90,8.10,2.01,0.36,0.54,0.04,0.00,0.04
..\data\indiv_files_fixed_length\STAT_A_EN_uncorrected\897.txt,1,28,3,14,3,50,4,24,4,0.48,0.17,0.11,0.12,0.12,0.25,28,28,28.00,28.00,0.56,0.56,2.80,3.96,0.85,11.46,0.58,0.88,6.12,1.75,0.29,0.36,0.08,0.00,0.08
..\data\indiv_files_fixed_length\STAT_A_EN_uncorrected\802.txt,1,31,3,20,3,50,5,26,5,0.52,0.19,0.10,0.11,0.11,0.24,31,31,31.00,31.00,0.62,0.62,3.10,4.38,0.88,13.90,0.77,0.89,7.11,1.89,0.31,0.64,0.08,0.15,0.23
..\data\indiv_files_fixed_length\STAT_A_EN_uncorrected\861.txt,1,35,4,21,4,50,5,28,5,0.56,0.18,0.11,0.33,0.33,0.41,35,35,35.00,35.00,0.70,0.70,3.50,4.95,0.91,18.63,0.75,1.00,3.00,1.22,0.11,0.69,0.25,0.07,0.32
..\data\indiv_files_fixed_length\STAT_A_EN_uncorrected\843.txt,1,35,6,21,6,50,7,27,7,0.54,0.26,0.17,0.00,0.00,0.00,35,35,35.00,35.00,0.70,0.70,3.50,4.95,0.91,18.63,0.78,1.00,3.00,1.22,0.11,0.75,0.15,0.07,0.22
..\data\indiv_files_fixed_length\STAT_A_EN_uncorrected\667.txt,1,32,3,18,3,50,4,23,4,0.46,0.17,0.09,0.00,0.00,0.00,32,32,32.00,32.00,0.64,0.64,3.20,4.53,0.89,14.89,0.78,1.00,3.00,1.22,0.13,0.69,0.17,0.00,0.17
..\data\indiv_files_fixed_length\STAT_A_EN_uncorrected\726.txt,1,35,4,20,4,50,4,27,4,0.54,0.15,0.11,0.20,0.20,0.32,35,35,35.00,35.00,0.70,0.70,3.50,4.95,0.91,18.63,0.74,1.00,5.00,1.58,0.19,0.62,0.19,0.11,0.30
..\data\indiv_files_fixed_length\STAT_A_EN_uncorrected\766.txt,1,33,7,19,7,50,9,24,9,0.48,0.38,0.21,0.33,0.33,0.41,33,33,33.00,33.00,0.66,0.66,3.30,4.67,0.89,16.00,0.79,1.00,3.00,1.22,0.12,0.67,0.21,0.04,0.25
..\data\indiv_files_fixed_length\STAT_A_EN_uncorrected\544.txt,1,35,2,20,2,50,2,25,2,0.50,0.08,0.06,0.00,0.00,0.00,35,35,35.00,35.00,0.70,0.70,3.50,4.95,0.91,18.63,0.80,1.00,7.00,1.87,0.28,0.62,0.20,0.00,0.20
..\data\indiv_files_fixed_length\STAT_A_EN_uncorrected\608.txt,1,27,1,14,1,50,2,23,2,0.46,0.09,0.04,0.00,0.00,0.00,27,27,27.00,27.00,0.54,0.54,2.70,3.82,0.84,10.79,0.61,1.00,2.00,1.00,0.09,0.50,0.26,0.00,0.26
..\data\indiv_files_fixed_length\STAT_A_EN_uncorrected\856.txt,1,29,4,16,4,50,4,23,4,0.46,0.17,0.14,0.00,0.00,0.00,29,29,29.00,29.00,0.58,0.58,2.90,4.10,0.86,12.20,0.70,0.75,2.25,1.06,0.13,0.62,0.22,0.00,0.22
..\data\indiv_files_fixed_length\STAT_A_EN_uncorrected\536.txt,1,29,3,16,3,50,3,23,3,0.46,0.13,0.10,0.25,0.25,0.35,29,29,29.00,29.00,0.58,0.58,2.90,4.10,0.86,12.20,0.70,1.00,4.00,1.41,0.17,0.59,0.09,0.00,0.09
..\data\indiv_files_fixed_length\STAT_A_EN_uncorrected\787.txt,1,32,2,18,2,50,3,25,3,0.50,0.12,0.06,0.00,0.00,0.00,32,32,32.00,32.00,0.64,0.64,3.20,4.53,0.89,14.89,0.72,1.00,4.00,1.41,0.16,0.54,0.24,0.08,0.32
..\data\indiv_files_fixed_length\STAT_A_EN_uncorrected\523.txt,1,33,3,21,3,50,3,28,3,0.56,0.11,0.09,0.11,0.11,0.24,33,33,33.00,33.00,0.66,0.66,3.30,4.67,0.89,16.00,0.75,0.89,7.11,1.89,0.29,0.69,0.11,0.04,0.14
..\data\indiv_files_fixed_length\STAT_A_EN_uncorrected\723.txt,1,36,4,20,4,50,4,24,4,0.48,0.17,0.11,0.17,0.17,0.29,36,36,36.00,36.00,0.72,0.72,3.60,5.09,0.92,20.23,0.83,1.00,6.00,1.73,0.25,0.67,0.12,0.12,0.25
..\data\indiv_files_fixed_length\STAT_A_EN_uncorrected\892.txt,1,34,3,20,3,50,4,24,4,0.48,0.17,0.09,0.00,0.00,0.00,34,34,34.00,34.00,0.68,0.68,3.40,4.81,0.90,17.23,0.83,1.00,6.00,1.73,0.25,0.77,0.12,0.08,0.21
..\data\indiv_files_fixed_length\STAT_A_EN_uncorrected\556.txt,1,31,5,18,4,50,7,23,6,0.46,0.26,0.16,0.20,0.20,0.32,31,31,31.00,31.00,0.62,0.62,3.10,4.38,0.88,13.90,0.78,1.00,5.00,1.58,0.22,0.64,0.17,0.00,0.17
..\data\indiv_files_fixed_length\STAT_A_EN_uncorrected\834.txt,1,32,5,17,4,50,8,25,7,0.50,0.28,0.16,0.14,0.14,0.27,32,32,32.00,32.00,0.64,0.64,3.20,4.53,0.89,14.89,0.68,0.86,5.14,1.60,0.24,0.53,0.08,0.04,0.12
..\data\indiv_files_fixed_length\STAT_A_EN_uncorrected\617.txt,1,33,6,19,6,50,8,28,8,0.56,0.29,0.18,0.38,1.12,0.75,33,33,33.00,33.00,0.66,0.66,3.30,4.67,0.89,16.00,0.68,0.88,6.12,1.75,0.25,0.47,0.14,0.04,0.18
..\data\indiv_files_fixed_length\STAT_A_EN_uncorrected\585.txt,1,37,6,24,6,50,6,26,6,0.52,0.23,0.16,0.00,0.00,0.00,37,37,37.00,37.00,0.74,0.74,3.70,5.23,0.92,22.07,0.92,1.00,6.00,1.73,0.23,0.87,0.15,0.04,0.19
..\data\indiv_files_fixed_length\STAT_A_EN_uncorrected\685.txt,1,36,4,21,4,50,5,24,5,0.48,0.21,0.11,0.00,0.00,0.00,36,36,36.00,36.00,0.72,0.72,3.60,5.09,0.92,20.23,0.88,1.00,5.00,1.58,0.21,0.83,0.25,0.04,0.29
..\data\indiv_files_fixed_length\STAT_A_EN_uncorrected\833.txt,1,34,6,22,5,50,6,29,5,0.58,0.17,0.18,0.14,0.14,0.27,34,34,34.00,34.00,0.68,0.68,3.40,4.81,0.90,17.23,0.76,1.00,7.00,1.87,0.24,0.60,0.17,0.07,0.24
..\data\indiv_files_fixed_length\STAT_A_EN_uncorrected\836.txt,1,34,6,20,6,50,7,25,7,0.50,0.28,0.18,0.17,0.17,0.29,34,34,34.00,34.00,0.68,0.68,3.40,4.81,0.90,17.23,0.80,1.00,6.00,1.73,0.24,0.67,0.16,0.00,0.16
..\data\indiv_files_fixed_length\STAT_A_EN_uncorrected\830.txt,1,33,4,16,4,50,5,21,5,0.42,0.24,0.12,0.33,0.33,0.41,33,33,33.00,33.00,0.66,0.66,3.30,4.67,0.89,16.00,0.76,1.00,3.00,1.22,0.14,0.69,0.05,0.05,0.10
..\data\indiv_files_fixed_length\STAT_A_EN_uncorrected\737.txt,1,32,2,22,2,50,3,28,3,0.56,0.11,0.06,0.00,0.00,0.00,32,32,32.00,32.00,0.64,0.64,3.20,4.53,0.89,14.89,0.79,1.00,5.00,1.58,0.18,0.62,0.18,0.07,0.25
..\data\indiv_files_fixed_length\STAT_A_EN_uncorrected\858.txt,1,36,7,21,7,50,9,30,9,0.60,0.30,0.19,0.00,0.00,0.00,36,36,36.00,36.00,0.72,0.72,3.60,5.09,0.92,20.23,0.70,1.00,5.00,1.58,0.17,0.62,0.20,0.03,0.23
..\data\indiv_files_fixed_length\STAT_A_EN_uncorrected\670.txt,1,34,5,20,5,50,7,24,7,0.48,0.29,0.15,0.50,0.50,0.50,34,34,34.00,34.00,0.68,0.68,3.40,4.81,0.90,17.23,0.83,1.00,2.00,1.00,0.08,0.87,0.25,0.04,0.29
..\data\indiv_files_fixed_length\STAT_A_EN_uncorrected\916.txt,1,36,4,21,4,50,4,26,4,0.52,0.15,0.11,0.00,0.00,0.00,36,36,36.00,36.00,0.72,0.72,3.60,5.09,0.92,20.23,0.81,1.00,5.00,1.58,0.19,0.64,0.19,0.08,0.27
..\data\indiv_files_fixed_length\STAT_A_EN_uncorrected\702.txt,1,34,5,21,5,50,6,26,6,0.52,0.23,0.15,0.25,0.25,0.35,34,34,34.00,34.00,0.68,0.68,3.40,4.81,0.90,17.23,0.81,1.00,4.00,1.41,0.15,0.71,0.19,0.08,0.27
..\data\indiv_files_fixed_length\STAT_A_EN_uncorrected\577.txt,1,30,3,16,3,50,3,23,3,0.46,0.13,0.10,0.00,0.00,0.00,30,30,30.00,30.00,0.60,0.60,3.00,4.24,0.87,13.01,0.70,0.75,2.25,1.06,0.13,0.62,0.13,0.09,0.22
..\data\indiv_files_fixed_length\STAT_A_EN_uncorrected\810.txt,1,38,8,23,7,50,9,26,8,0.52,0.31,0.21,0.00,0.00,0.00,38,38,38.00,38.00,0.76,0.76,3.80,5.37,0.93,24.22,0.88,0.83,4.17,1.44,0.19,0.85,0.15,0.12,0.27
..\data\indiv_files_fixed_length\STAT_A_EN_uncorrected\851.txt,1,27,4,14,4,50,10,27,10,0.54,0.37,0.15,0.14,0.14,0.27,27,27,27.00,27.00,0.54,0.54,2.70,3.82,0.84,10.79,0.52,0.71,3.57,1.34,0.19,0.44,0.07,0.04,0.11
..\data\indiv_files_fixed_length\STAT_A_EN_uncorrected\880.txt,1,33,3,18,3,50,4,29,4,0.58,0.14,0.09,0.00,0.00,0.00,33,33,33.00,33.00,0.66,0.66,3.30,4.67,0.89,16.00,0.62,0.71,3.57,1.34,0.17,0.59,0.07,0.03,0.10
..\data\indiv_files_fixed_length\STAT_A_EN_uncorrected\778.txt,1,35,2,18,2,50,2,22,2,0.44,0.09,0.06,0.00,0.00,0.00,35,35,35.00,35.00,0.70,0.70,3.50,4.95,0.91,18.63,0.82,0.83,4.17,1.44,0.23,0.73,0.14,0.09,0.23
..\data\indiv_files_fixed_length\STAT_A_EN_uncorrected\798.txt,1,32,5,16,4,50,6,24,5,0.48,0.21,0.16,0.14,0.14,0.27,32,32,32.00,32.00,0.64,0.64,3.20,4.53,0.89,14.89,0.67,0.71,3.57,1.34,0.21,0.60,0.04,0.04,0.08
..\data\indiv_files_fixed_length\STAT_A_EN_uncorrected\747.txt,1,28,6,17,6,50,11,24,11,0.48,0.46,0.21,0.50,1.00,0.71,28,28,28.00,28.00,0.56,0.56,2.80,3.96,0.85,11.46,0.71,1.00,4.00,1.41,0.17,0.75,0.04,0.08,0.12
..\data\indiv_files_fixed_length\STAT_A_EN_uncorrected\593.txt,1,30,2,17,2,50,3,25,3,0.50,0.12,0.07,0.00,0.00,0.00,30,30,30.00,30.00,0.60,0.60,3.00,4.24,0.87,13.01,0.68,0.50,0.50,0.50,0.04,0.67,0.28,0.04,0.32
..\data\indiv_files_fixed_length\STAT_A_EN_uncorrected\920.txt,1,31,5,21,4,50,5,27,4,0.54,0.15,0.16,0.00,0.00,0.00,31,31,31.00,31.00,0.62,0.62,3.10,4.38,0.88,13.90,0.78,0.83,4.17,1.44,0.19,0.73,0.26,0.04,0.30
..\data\indiv_files_fixed_length\STAT_A_EN_uncorrected\534.txt,1,38,7,25,7,50,7,27,7,0.54,0.26,0.18,0.20,0.20,0.32,38,38,38.00,38.00,0.76,0.76,3.80,5.37,0.93,24.22,0.93,1.00,5.00,1.58,0.19,0.88,0.15,0.07,0.22
..\data\indiv_files_fixed_length\STAT_A_EN_uncorrected\898.txt,1,32,1,16,1,50,1,21,1,0.42,0.05,0.03,0.17,0.17,0.29,32,32,32.00,32.00,0.64,0.64,3.20,4.53,0.89,14.89,0.76,1.00,6.00,1.73,0.29,0.62,0.00,0.10,0.10
..\data\indiv_files_fixed_length\STAT_A_EN_uncorrected\637.txt,1,27,1,14,1,50,1,23,1,0.46,0.04,0.04,0.00,0.00,0.00,27,27,27.00,27.00,0.54,0.54,2.70,3.82,0.84,10.79,0.61,0.75,2.25,1.06,0.13,0.58,0.13,0.04,0.17
..\data\indiv_files_fixed_length\STAT_A_EN_uncorrected\727.txt,1,36,0,20,0,50,0,27,0,0.54,0.00,0.00,0.00,0.00,0.00,36,36,36.00,36.00,0.72,0.72,3.60,5.09,0.92,20.23,0.74,1.00,4.00,1.41,0.15,0.50,0.26,0.15,0.41
..\data\indiv_files_fixed_length\STAT_A_EN_uncorrected\671.txt,1,35,5,23,5,50,5,27,5,0.54,0.19,0.14,0.20,0.20,0.32,35,35,35.00,35.00,0.70,0.70,3.50,4.95,0.91,18.63,0.85,1.00,5.00,1.58,0.19,0.78,0.15,0.00,0.15
..\data\indiv_files_fixed_length\STAT_A_EN_uncorrected\767.txt,1,35,6,22,6,50,6,26,6,0.52,0.23,0.17,0.12,0.12,0.25,35,35,35.00,35.00,0.70,0.70,3.50,4.95,0.91,18.63,0.85,0.88,6.12,1.75,0.27,0.83,0.19,0.04,0.23
..\data\indiv_files_fixed_length\STAT_A_EN_uncorrected\601.txt,1,34,0,18,0,50,0,24,0,0.48,0.00,0.00,0.00,0.00,0.00,34,34,34.00,34.00,0.68,0.68,3.40,4.81,0.90,17.23,0.75,1.00,5.00,1.58,0.21,0.80,0.12,0.12,0.25
..\data\indiv_files_fixed_length\STAT_A_EN_uncorrected\780.txt,1,33,4,19,4,50,4,23,4,0.46,0.17,0.12,0.00,0.00,0.00,33,33,33.00,33.00,0.66,0.66,3.30,4.67,0.89,16.00,0.83,1.00,5.00,1.58,0.22,0.77,0.13,0.04,0.17
..\data\indiv_files_fixed_length\STAT_A_EN_uncorrected\864.txt,1,33,2,18,2,50,2,22,2,0.44,0.09,0.06,0.00,0.00,0.00,33,33,33.00,33.00,0.66,0.66,3.30,4.67,0.89,16.00,0.82,0.80,3.20,1.26,0.18,0.82,0.23,0.00,0.23
..\data\indiv_files_fixed_length\STAT_A_EN_uncorrected\638.txt,1,38,5,23,4,50,6,25,5,0.50,0.20,0.13,0.00,0.00,0.00,38,38,38.00,38.00,0.76,0.76,3.80,5.37,0.93,24.22,0.92,1.00,4.00,1.41,0.16,0.85,0.28,0.04,0.32
..\data\indiv_files_fixed_length\STAT_A_EN_uncorrected\693.txt,1,34,2,18,2,50,2,22,2,0.44,0.09,0.06,0.00,0.00,0.00,34,34,34.00,34.00,0.68,0.68,3.40,4.81,0.90,17.23,0.82,1.00,5.00,1.58,0.23,0.67,0.18,0.05,0.23
..\data\indiv_files_fixed_length\STAT_A_EN_uncorrected\744.txt,1,38,7,21,7,50,11,26,11,0.52,0.42,0.18,0.20,0.20,0.32,38,38,38.00,38.00,0.76,0.76,3.80,5.37,0.93,24.22,0.81,1.00,5.00,1.58,0.19,0.67,0.19,0.04,0.23
..\data\indiv_files_fixed_length\STAT_A_EN_uncorrected\508.txt,1,30,2,18,2,50,2,28,2,0.56,0.07,0.07,0.00,0.00,0.00,30,30,30.00,30.00,0.60,0.60,3.00,4.24,0.87,13.01,0.64,0.80,3.20,1.26,0.14,0.54,0.25,0.04,0.29
..\data\indiv_files_fixed_length\STAT_A_EN_uncorrected\815.txt,1,31,2,15,2,50,2,22,2,0.44,0.09,0.06,0.00,0.00,0.00,31,31,31.00,31.00,0.62,0.62,3.10,4.38,0.88,13.90,0.68,0.80,3.20,1.26,0.18,0.57,0.05,0.09,0.14
..\data\indiv_files_fixed_length\STAT_A_EN_uncorrected\764.txt,1,36,8,21,8,50,8,28,8,0.56,0.29,0.22,0.29,0.57,0.53,36,36,36.00,36.00,0.72,0.72,3.60,5.09,0.92,20.23,0.75,1.00,7.00,1.87,0.25,0.63,0.04,0.04,0.07
..\data\indiv_files_fixed_length\STAT_A_EN_uncorrected\867.txt,1,35,4,23,4,50,4,25,4,0.50,0.16,0.11,0.00,0.00,0.00,35,35,35.00,35.00,0.70,0.70,3.50,4.95,0.91,18.63,0.92,1.00,7.00,1.87,0.28,0.85,0.12,0.08,0.20
..\data\indiv_files_fixed_length\STAT_A_EN_uncorrected\893.txt,1,32,4,19,4,50,4,26,4,0.52,0.15,0.12,0.00,0.00,0.00,32,32,32.00,32.00,0.64,0.64,3.20,4.53,0.89,14.89,0.73,0.83,4.17,1.44,0.19,0.62,0.08,0.08,0.15
..\data\indiv_files_fixed_length\STAT_A_EN_uncorrected\535.txt,1,33,3,21,3,50,6,32,6,0.64,0.19,0.09,0.00,0.00,0.00,33,33,33.00,33.00,0.66,0.66,3.30,4.67,0.89,16.00,0.66,1.00,6.00,1.73,0.19,0.53,0.12,0.03,0.16
..\data\indiv_files_fixed_length\STAT_A_EN_uncorrected\573.txt,1,35,5,20,5,50,6,24,5,0.48,0.21,0.14,0.00,0.00,0.00,35,35,35.00,35.00,0.70,0.70,3.50,4.95,0.91,18.63,0.83,0.83,4.17,1.44,0.21,0.83,0.12,0.08,0.21
..\data\indiv_files_fixed_length\STAT_A_EN_uncorrected\539.txt,1,33,2,18,2,50,2,24,2,0.48,0.08,0.06,0.00,0.00,0.00,33,33,33.00,33.00,0.66,0.66,3.30,4.67,0.89,16.00,0.75,0.67,2.67,1.15,0.17,0.77,0.12,0.08,0.21
..\data\indiv_files_fixed_length\STAT_A_EN_uncorrected\912.txt,1,31,3,16,3,50,4,23,4,0.46,0.17,0.10,0.14,0.14,0.27,31,31,31.00,31.00,0.62,0.62,3.10,4.38,0.88,13.90,0.70,0.86,5.14,1.60,0.26,0.62,0.13,0.00,0.13
..\data\indiv_files_fixed_length\STAT_A_EN_uncorrected\728.txt,1,25,2,14,2,50,3,24,3,0.48,0.12,0.08,0.00,0.00,0.00,25,25,25.00,25.00,0.50,0.50,2.50,3.54,0.82,9.59,0.58,0.60,1.80,0.95,0.12,0.58,0.17,0.00,0.17
..\data\indiv_files_fixed_length\STAT_A_EN_uncorrected\553.txt,1,35,4,22,4,50,4,27,4,0.54,0.15,0.11,0.00,0.00,0.00,35,35,35.00,35.00,0.70,0.70,3.50,4.95,0.91,18.63,0.81,0.80,3.20,1.26,0.15,0.76,0.15,0.04,0.19
..\data\indiv_files_fixed_length\STAT_A_EN_uncorrected\771.txt,1,32,4,20,4,50,4,25,4,0.50,0.16,0.12,0.00,0.00,0.00,32,32,32.00,32.00,0.64,0.64,3.20,4.53,0.89,14.89,0.80,0.80,3.20,1.26,0.16,0.80,0.12,0.04,0.16
..\data\indiv_files_fixed_length\STAT_A_EN_uncorrected\857.txt,1,36,2,21,2,50,2,25,2,0.50,0.08,0.06,0.14,0.14,0.27,36,36,36.00,36.00,0.72,0.72,3.60,5.09,0.92,20.23,0.84,1.00,7.00,1.87,0.28,0.82,0.16,0.08,0.24
..\data\indiv_files_fixed_length\STAT_A_EN_uncorrected\600.txt,1,18,5,11,4,50,15,28,13,0.56,0.46,0.28,0.00,0.00,0.00,18,18,18.00,18.00,0.36,0.36,1.80,2.55,0.74,6.51,0.39,0.67,1.33,0.82,0.07,0.38,0.04,0.00,0.04
..\data\indiv_files_fixed_length\STAT_A_EN_uncorrected\743.txt,1,35,6,20,6,50,6,25,6,0.50,0.24,0.17,0.22,0.44,0.47,35,35,35.00,35.00,0.70,0.70,3.50,4.95,0.91,18.63,0.80,0.89,7.11,1.89,0.32,0.69,0.12,0.00,0.12
..\data\indiv_files_fixed_length\STAT_A_EN_uncorrected\841.txt,1,31,4,19,4,50,4,28,4,0.56,0.14,0.13,0.22,0.44,0.47,31,31,31.00,31.00,0.62,0.62,3.10,4.38,0.88,13.90,0.68,0.89,7.11,1.89,0.29,0.50,0.11,0.07,0.18
..\data\indiv_files_fixed_length\STAT_A_EN_uncorrected\792.txt,1,35,3,16,3,50,4,18,4,0.36,0.22,0.09,0.20,0.20,0.32,35,35,35.00,35.00,0.70,0.70,3.50,4.95,0.91,18.63,0.89,1.00,5.00,1.58,0.28,0.80,0.17,0.00,0.17
..\data\indiv_files_fixed_length\STAT_A_EN_uncorrected\729.txt,1,28,2,14,2,50,4,24,4,0.48,0.17,0.07,0.25,0.25,0.35,28,28,28.00,28.00,0.56,0.56,2.80,3.96,0.85,11.46,0.58,1.00,4.00,1.41,0.17,0.41,0.12,0.00,0.12
..\data\indiv_files_fixed_length\STAT_A_EN_uncorrected\900.txt,1,33,0,17,0,50,0,23,0,0.46,0.00,0.00,0.00,0.00,0.00,33,33,33.00,33.00,0.66,0.66,3.30,4.67,0.89,16.00,0.74,1.00,4.00,1.41,0.17,0.44,0.30,0.09,0.39
..\data\indiv_files_fixed_length\STAT_A_EN_uncorrected\515.txt,1,24,4,13,4,50,10,27,10,0.54,0.37,0.17,0.14,0.14,0.27,24,24,24.00,24.00,0.48,0.48,2.40,3.39,0.81,9.06,0.48,0.57,2.29,1.07,0.15,0.47,0.07,0.04,0.11
..\data\indiv_files_fixed_length\STAT_A_EN_uncorrected\618.txt,1,34,5,21,5,50,5,25,5,0.50,0.20,0.15,0.33,0.33,0.41,34,34,34.00,34.00,0.68,0.68,3.40,4.81,0.90,17.23,0.84,1.00,3.00,1.22,0.12,0.79,0.20,0.12,0.32
..\data\indiv_files_fixed_length\STAT_A_EN_uncorrected\607.txt,1,31,2,18,2,50,4,27,4,0.54,0.15,0.06,0.12,0.12,0.25,31,31,31.00,31.00,0.62,0.62,3.10,4.38,0.88,13.90,0.67,0.88,6.12,1.75,0.26,0.53,0.07,0.00,0.07
..\data\indiv_files_fixed_length\STAT_A_EN_uncorrected\686.txt,1,39,8,26,7,50,10,29,9,0.58,0.31,0.21,0.17,0.17,0.29,39,39,39.00,39.00,0.78,0.78,3.90,5.52,0.94,26.75,0.90,1.00,6.00,1.73,0.21,0.77,0.21,0.14,0.34
..\data\indiv_files_fixed_length\STAT_A_EN_uncorrected\774.txt,1,33,5,18,5,50,6,27,6,0.54,0.22,0.15,0.17,0.17,0.29,33,33,33.00,33.00,0.66,0.66,3.30,4.67,0.89,16.00,0.67,1.00,6.00,1.73,0.22,0.56,0.07,0.04,0.11
..\data\indiv_files_fixed_length\STAT_A_EN_uncorrected\586.txt,1,35,3,19,3,50,3,23,3,0.46,0.13,0.09,0.00,0.00,0.00,35,35,35.00,35.00,0.70,0.70,3.50,4.95,0.91,18.63,0.83,1.00,5.00,1.58,0.22,0.79,0.17,0.00,0.17
..\data\indiv_files_fixed_length\STAT_A_EN_uncorrected\554.txt,1,34,4,19,4,50,4,22,4,0.44,0.18,0.12,0.00,0.00,0.00,34,34,34.00,34.00,0.68,0.68,3.40,4.81,0.90,17.23,0.86,0.80,3.20,1.26,0.18,0.85,0.14,0.05,0.18
..\data\indiv_files_fixed_length\STAT_A_EN_uncorrected\713.txt,1,35,5,22,5,50,5,26,5,0.52,0.19,0.14,0.14,0.14,0.27,35,35,35.00,35.00,0.70,0.70,3.50,4.95,0.91,18.63,0.85,1.00,7.00,1.87,0.27,0.76,0.04,0.04,0.08
..\data\indiv_files_fixed_length\STAT_A_EN_uncorrected\613.txt,1,33,5,22,5,50,5,26,5,0.52,0.19,0.15,0.00,0.00,0.00,33,33,33.00,33.00,0.66,0.66,3.30,4.67,0.89,16.00,0.85,1.00,6.00,1.73,0.23,0.76,0.12,0.00,0.12
..\data\indiv_files_fixed_length\STAT_A_EN_uncorrected\717.txt,1,34,6,19,6,50,7,24,7,0.48,0.29,0.18,0.00,0.00,0.00,34,34,34.00,34.00,0.68,0.68,3.40,4.81,0.90,17.23,0.79,1.00,4.00,1.41,0.17,0.69,0.12,0.04,0.17
..\data\indiv_files_fixed_length\STAT_A_EN_uncorrected\911.txt,1,32,5,21,5,50,6,27,6,0.54,0.22,0.16,0.14,0.14,0.27,32,32,32.00,32.00,0.64,0.64,3.20,4.53,0.89,14.89,0.78,0.86,5.14,1.60,0.22,0.67,0.11,0.07,0.19
..\data\indiv_files_fixed_length\STAT_A_EN_uncorrected\541.txt,1,30,3,20,3,50,5,30,5,0.60,0.17,0.10,0.20,0.20,0.32,30,30,30.00,30.00,0.60,0.60,3.00,4.24,0.87,13.01,0.67,1.00,5.00,1.58,0.17,0.50,0.27,0.03,0.30
..\data\indiv_files_fixed_length\STAT_A_EN_uncorrected\872.txt,1,34,3,19,3,50,3,23,3,0.46,0.13,0.09,0.00,0.00,0.00,34,34,34.00,34.00,0.68,0.68,3.40,4.81,0.90,17.23,0.83,1.00,4.00,1.41,0.17,0.91,0.17,0.13,0.30
..\data\indiv_files_fixed_length\STAT_A_EN_uncorrected\808.txt,1,33,6,17,5,50,6,22,5,0.44,0.23,0.18,0.25,0.50,0.50,33,33,33.00,33.00,0.66,0.66,3.30,4.67,0.89,16.00,0.77,0.88,6.12,1.75,0.32,0.73,0.14,0.00,0.14
..\data\indiv_files_fixed_length\STAT_A_EN_uncorrected\875.txt,1,31,5,20,5,50,6,24,6,0.48,0.25,0.16,0.33,0.67,0.58,31,31,31.00,31.00,0.62,0.62,3.10,4.38,0.88,13.90,0.83,1.00,6.00,1.73,0.25,0.70,0.21,0.12,0.33
..\data\indiv_files_fixed_length\STAT_A_EN_uncorrected\829.txt,1,33,4,18,3,50,4,24,3,0.48,0.12,0.12,0.00,0.00,0.00,33,33,33.00,33.00,0.66,0.66,3.30,4.67,0.89,16.00,0.75,1.00,3.00,1.22,0.12,0.64,0.21,0.08,0.29
..\data\indiv_files_fixed_length\STAT_A_EN_uncorrected\827.txt,1,35,5,24,5,50,6,31,6,0.62,0.19,0.14,0.00,0.00,0.00,35,35,35.00,35.00,0.70,0.70,3.50,4.95,0.91,18.63,0.77,0.83,4.17,1.44,0.16,0.74,0.16,0.03,0.19
..\data\indiv_files_fixed_length\STAT_A_EN_uncorrected\658.txt,1,37,3,24,3,50,3,26,3,0.52,0.12,0.08,0.00,0.00,0.00,37,37,37.00,37.00,0.74,0.74,3.70,5.23,0.92,22.07,0.92,1.00,7.00,1.87,0.27,0.94,0.08,0.04,0.12
..\data\indiv_files_fixed_length\STAT_A_EN_uncorrected\718.txt,1,38,5,22,5,50,5,27,5,0.54,0.19,0.13,0.14,0.14,0.27,38,38,38.00,38.00,0.76,0.76,3.80,5.37,0.93,24.22,0.81,1.00,7.00,1.87,0.26,0.71,0.19,0.04,0.22
..\data\indiv_files_fixed_length\STAT_A_EN_uncorrected\725.txt,1,37,3,23,3,50,3,27,3,0.54,0.11,0.08,0.12,0.12,0.25,37,37,37.00,37.00,0.74,0.74,3.70,5.23,0.92,22.07,0.85,1.00,8.00,2.00,0.30,0.73,0.15,0.11,0.26
..\data\indiv_files_fixed_length\STAT_A_EN_uncorrected\575.txt,1,31,2,17,2,50,2,20,2,0.40,0.10,0.06,0.00,0.00,0.00,31,31,31.00,31.00,0.62,0.62,3.10,4.38,0.88,13.90,0.85,0.80,3.20,1.26,0.20,0.89,0.25,0.05,0.30
..\data\indiv_files_fixed_length\STAT_A_EN_uncorrected\507.txt,1,32,4,20,4,50,5,25,5,0.50,0.20,0.12,0.40,0.80,0.63,32,32,32.00,32.00,0.64,0.64,3.20,4.53,0.89,14.89,0.80,1.00,5.00,1.58,0.20,0.71,0.24,0.00,0.24
..\data\indiv_files_fixed_length\STAT_A_EN_uncorrected\714.txt,1,33,2,20,2,50,2,23,2,0.46,0.09,0.06,0.00,0.00,0.00,33,33,33.00,33.00,0.66,0.66,3.30,4.67,0.89,16.00,0.87,1.00,4.00,1.41,0.17,1.00,0.13,0.09,0.22
..\data\indiv_files_fixed_length\STAT_A_EN_uncorrected\761.txt,1,32,1,17,1,50,1,22,1,0.44,0.05,0.03,0.00,0.00,0.00,32,32,32.00,32.00,0.64,0.64,3.20,4.53,0.89,14.89,0.77,0.80,3.20,1.26,0.18,0.83,0.14,0.00,0.14
..\data\indiv_files_fixed_length\STAT_A_EN_uncorrected\614.txt,1,37,5,21,5,50,5,26,5,0.52,0.19,0.14,0.29,0.57,0.53,37,37,37.00,37.00,0.74,0.74,3.70,5.23,0.92,22.07,0.81,1.00,7.00,1.87,0.27,0.67,0.12,0.04,0.15
..\data\indiv_files_fixed_length\STAT_A_EN_uncorrected\684.txt,1,34,3,25,3,50,3,33,3,0.66,0.09,0.09,0.00,0.00,0.00,34,34,34.00,34.00,0.68,0.68,3.40,4.81,0.90,17.23,0.76,0.75,2.25,1.06,0.09,0.65,0.21,0.15,0.36
..\data\indiv_files_fixed_length\STAT_A_EN_uncorrected\606.txt,1,31,4,16,3,50,9,24,8,0.48,0.33,0.13,0.00,0.00,0.00,31,31,31.00,31.00,0.62,0.62,3.10,4.38,0.88,13.90,0.67,0.78,5.44,1.65,0.29,0.62,0.04,0.04,0.08
..\data\indiv_files_fixed_length\STAT_A_EN_uncorrected\869.txt,1,35,2,22,2,50,2,27,2,0.54,0.07,0.06,0.00,0.00,0.00,35,35,35.00,35.00,0.70,0.70,3.50,4.95,0.91,18.63,0.81,1.00,7.00,1.87,0.26,0.67,0.22,0.07,0.30
..\data\indiv_files_fixed_length\STAT_A_EN_uncorrected\769.txt,1,33,3,16,3,50,5,23,5,0.46,0.22,0.09,0.00,0.00,0.00,33,33,33.00,33.00,0.66,0.66,3.30,4.67,0.89,16.00,0.70,1.00,3.00,1.22,0.13,0.55,0.22,0.13,0.35
..\data\indiv_files_fixed_length\STAT_A_EN_uncorrected\680.txt,1,34,5,20,5,50,6,25,6,0.50,0.24,0.15,0.29,0.57,0.53,34,34,34.00,34.00,0.68,0.68,3.40,4.81,0.90,17.23,0.80,1.00,7.00,1.87,0.28,0.62,0.16,0.04,0.20
..\data\indiv_files_fixed_length\STAT_A_EN_uncorrected\512.txt,1,37,7,20,6,50,7,23,6,0.46,0.26,0.19,0.00,0.00,0.00,37,37,37.00,37.00,0.74,0.74,3.70,5.23,0.92,22.07,0.87,1.00,4.00,1.41,0.17,0.77,0.22,0.04,0.26
..\data\indiv_files_fixed_length\STAT_A_EN_uncorrected\716.txt,1,38,9,22,8,50,11,28,10,0.56,0.36,0.24,0.20,0.20,0.32,38,38,38.00,38.00,0.76,0.76,3.80,5.37,0.93,24.22,0.79,0.80,3.20,1.26,0.14,0.73,0.21,0.07,0.29
..\data\indiv_files_fixed_length\STAT_A_EN_uncorrected\777.txt,1,33,4,24,4,50,4,32,4,0.64,0.12,0.12,0.11,0.11,0.24,33,33,33.00,33.00,0.66,0.66,3.30,4.67,0.89,16.00,0.75,1.00,9.00,2.12,0.28,0.62,0.03,0.12,0.16
..\data\indiv_files_fixed_length\STAT_A_EN_uncorrected\837.txt,1,32,4,21,4,50,4,28,4,0.56,0.14,0.12,0.00,0.00,0.00,32,32,32.00,32.00,0.64,0.64,3.20,4.53,0.89,14.89,0.75,0.75,4.50,1.50,0.21,0.75,0.14,0.00,0.14
..\data\indiv_files_fixed_length\STAT_A_EN_uncorrected\835.txt,1,30,1,17,1,50,1,24,1,0.48,0.04,0.03,0.00,0.00,0.00,30,30,30.00,30.00,0.60,0.60,3.00,4.24,0.87,13.01,0.71,0.67,1.33,0.82,0.08,0.75,0.21,0.08,0.29
..\data\indiv_files_fixed_length\STAT_A_EN_uncorrected\696.txt,1,33,2,20,2,50,4,25,4,0.50,0.16,0.06,0.00,0.00,0.00,33,33,33.00,33.00,0.66,0.66,3.30,4.67,0.89,16.00,0.80,1.00,5.00,1.58,0.20,0.69,0.12,0.04,0.16
..\data\indiv_files_fixed_length\STAT_A_EN_uncorrected\548.txt,1,29,3,15,3,50,3,21,3,0.42,0.14,0.10,0.00,0.00,0.00,29,29,29.00,29.00,0.58,0.58,2.90,4.10,0.86,12.20,0.71,0.67,2.67,1.15,0.19,0.69,0.05,0.05,0.10
..\data\indiv_files_fixed_length\STAT_A_EN_uncorrected\624.txt,1,40,4,22,4,50,4,29,4,0.58,0.14,0.10,0.00,0.00,0.00,40,40,40.00,40.00,0.80,0.80,4.00,5.66,0.94,29.79,0.76,0.75,2.25,1.06,0.10,0.81,0.17,0.10,0.28
..\data\indiv_files_fixed_length\STAT_A_EN_uncorrected\915.txt,1,36,3,21,3,50,3,21,3,0.42,0.14,0.08,0.00,0.00,0.00,36,36,36.00,36.00,0.72,0.72,3.60,5.09,0.92,20.23,1.00,1.00,5.00,1.58,0.24,1.00,0.19,0.00,0.19
..\data\indiv_files_fixed_length\STAT_A_EN_uncorrected\768.txt,1,31,2,17,2,50,2,24,2,0.48,0.08,0.06,0.12,0.12,0.25,31,31,31.00,31.00,0.62,0.62,3.10,4.38,0.88,13.90,0.71,0.75,4.50,1.50,0.25,0.64,0.12,0.04,0.17
..\data\indiv_files_fixed_length\STAT_A_EN_uncorrected\649.txt,1,28,1,14,1,50,1,20,1,0.40,0.05,0.04,0.00,0.00,0.00,28,28,28.00,28.00,0.56,0.56,2.80,3.96,0.85,11.46,0.70,0.83,4.17,1.44,0.25,0.55,0.10,0.05,0.15
..\data\indiv_files_fixed_length\STAT_A_EN_uncorrected\559.txt,1,39,3,25,3,50,3,31,3,0.62,0.10,0.08,0.00,0.00,0.00,39,39,39.00,39.00,0.78,0.78,3.90,5.52,0.94,26.75,0.81,1.00,6.00,1.73,0.19,0.65,0.19,0.06,0.26
..\data\indiv_files_fixed_length\STAT_A_EN_uncorrected\663.txt,1,28,4,17,4,50,5,25,5,0.50,0.20,0.14,0.00,0.00,0.00,28,28,28.00,28.00,0.56,0.56,2.80,3.96,0.85,11.46,0.68,0.67,2.67,1.15,0.16,0.57,0.16,0.04,0.20
..\data\indiv_files_fixed_length\STAT_A_EN_uncorrected\812.txt,1,33,2,19,2,50,3,25,3,0.50,0.12,0.06,0.00,0.00,0.00,33,33,33.00,33.00,0.66,0.66,3.30,4.67,0.89,16.00,0.76,1.00,6.00,1.73,0.24,0.57,0.20,0.00,0.20
..\data\indiv_files_fixed_length\STAT_A_EN_uncorrected\506.txt,1,35,2,23,2,50,2,27,2,0.54,0.07,0.06,0.00,0.00,0.00,35,35,35.00,35.00,0.70,0.70,3.50,4.95,0.91,18.63,0.85,0.89,7.11,1.89,0.30,0.77,0.19,0.00,0.19
..\data\indiv_files_fixed_length\STAT_A_EN_uncorrected\789.txt,1,29,3,16,3,50,4,25,4,0.50,0.16,0.10,0.00,0.00,0.00,29,29,29.00,29.00,0.58,0.58,2.90,4.10,0.86,12.20,0.64,0.71,3.57,1.34,0.20,0.54,0.08,0.08,0.16
..\data\indiv_files_fixed_length\STAT_A_EN_uncorrected\621.txt,1,33,2,19,1,50,2,29,1,0.58,0.03,0.06,0.00,0.00,0.00,33,33,33.00,33.00,0.66,0.66,3.30,4.67,0.89,16.00,0.66,0.60,1.80,0.95,0.10,0.57,0.21,0.07,0.28
..\data\indiv_files_fixed_length\STAT_A_EN_uncorrected\572.txt,1,35,2,20,2,50,2,25,2,0.50,0.08,0.06,0.00,0.00,0.00,35,35,35.00,35.00,0.70,0.70,3.50,4.95,0.91,18.63,0.80,0.60,1.80,0.95,0.12,0.73,0.24,0.12,0.36