filename,sentences,wordtypes,swordtypes,lextypes,slextypes,wordtokens,swordtokens,lextokens,slextokens,ld,ls1,ls2,vs1,vs2,cvs1,ndw,ndwz,ndwerz,ndwesz,ttr,msttr,cttr,rttr,logttr,uber,lv,vv1,svv1,cvv1,vv2,nv,adjv,advv,modv
100.txt,1,31,6,27,5,50,13,39,7,0.78,0.18,0.19,0.00,0.00,0.00,31,31,31.00,31.00,0.62,0.62,3.10,4.38,0.88,13.90,0.69,0.61,6.72,1.83,0.28,0.67,0.10,0.10,0.21
101.txt,1,34,8,31,8,50,12,45,12,0.90,0.27,0.24,0.05,0.05,0.15,34,34,34.00,34.00,0.68,0.68,3.40,4.81,0.90,17.23,0.69,0.68,10.23,2.26,0.33,0.54,0.13,0.07,0.20
102.txt,1,32,7,30,6,50,11,44,8,0.88,0.18,0.22,0.00,0.00,0.00,32,32,32.00,32.00,0.64,0.64,3.20,4.53,0.89,14.89,0.68,0.62,9.38,2.17,0.34,0.70,0.11,0.07,0.18
103.txt,1,40,12,36,11,50,16,42,12,0.84,0.29,0.30,0.11,0.21,0.32,40,40,40.00,40.00,0.80,0.80,4.00,5.66,0.94,29.79,0.86,0.84,13.47,2.60,0.38,0.86,0.12,0.07,0.19
105.txt,1,36,8,30,6,50,12,41,9,0.82,0.22,0.22,0.05,0.05,0.16,36,36,36.00,36.00,0.72,0.72,3.60,5.09,0.92,20.23,0.73,0.70,9.80,2.21,0.34,0.60,0.10,0.15,0.24
109.txt,1,34,7,30,6,50,17,41,12,0.82,0.29,0.21,0.00,0.00,0.00,34,34,34.00,34.00,0.68,0.68,3.40,4.81,0.90,17.23,0.73,0.89,14.22,2.67,0.39,0.50,0.17,0.02,0.20
110.txt,1,38,6,35,5,50,6,47,5,0.94,0.11,0.16,0.04,0.04,0.14,38,38,38.00,38.00,0.76,0.76,3.80,5.37,0.93,24.22,0.74,0.70,13.37,2.59,0.40,0.75,0.13,0.02,0.15
111.txt,1,31,8,29,6,50,16,45,11,0.90,0.24,0.26,0.04,0.04,0.13,31,31,31.00,31.00,0.62,0.62,3.10,4.38,0.88,13.90,0.64,0.64,11.57,2.41,0.40,0.50,0.09,0.02,0.11
112.txt,1,35,6,31,5,50,8,44,6,0.88,0.14,0.17,0.05,0.05,0.16,35,35,35.00,35.00,0.70,0.70,3.50,4.95,0.91,18.63,0.70,0.68,8.89,2.11,0.30,0.60,0.16,0.05,0.20
114.txt,1,35,6,30,5,50,11,41,7,0.82,0.17,0.17,0.00,0.00,0.00,35,35,35.00,35.00,0.70,0.70,3.50,4.95,0.91,18.63,0.73,0.74,12.57,2.51,0.41,0.60,0.12,0.05,0.17
115.txt,1,30,9,27,7,50,14,43,9,0.86,0.21,0.30,0.04,0.04,0.14,30,30,30.00,30.00,0.60,0.60,3.00,4.24,0.87,13.01,0.63,0.48,6.26,1.77,0.30,0.90,0.07,0.05,0.12
117.txt,1,29,9,25,5,50,11,44,5,0.88,0.11,0.31,0.03,0.03,0.12,29,29,29.00,29.00,0.58,0.58,2.90,4.10,0.86,12.20,0.57,0.50,9.00,2.12,0.41,1.00,0.05,0.02,0.07
120.txt,1,33,5,31,4,50,10,44,5,0.88,0.11,0.15,0.04,0.04,0.14,33,33,33.00,33.00,0.66,0.66,3.30,4.67,0.89,16.00,0.70,0.69,12.46,2.50,0.41,0.64,0.14,0.00,0.14
121.txt,1,35,5,32,4,50,10,40,4,0.80,0.10,0.14,0.00,0.00,0.00,35,35,35.00,35.00,0.70,0.70,3.50,4.95,0.91,18.63,0.80,0.76,14.44,2.69,0.47,0.80,0.10,0.03,0.12
123.txt,1,31,6,27,4,50,9,41,4,0.82,0.10,0.19,0.04,0.04,0.15,31,31,31.00,31.00,0.62,0.62,3.10,4.38,0.88,13.90,0.66,0.65,9.78,2.21,0.37,0.50,0.10,0.07,0.17
124.txt,1,27,7,22,5,50,14,40,10,0.80,0.25,0.26,0.05,0.05,0.15,27,27,27.00,27.00,0.54,0.54,2.70,3.82,0.84,10.79,0.55,0.57,6.86,1.85,0.30,0.31,0.12,0.03,0.15
126.txt,1,33,9,29,8,50,17,43,13,0.86,0.30,0.27,0.04,0.04,0.14,33,33,33.00,33.00,0.66,0.66,3.30,4.67,0.89,16.00,0.67,0.68,11.56,2.40,0.40,0.64,0.09,0.02,0.12
127.txt,1,28,4,24,3,50,7,43,4,0.86,0.09,0.14,0.00,0.00,0.00,28,28,28.00,28.00,0.56,0.56,2.80,3.96,0.85,11.46,0.56,0.50,6.50,1.80,0.30,0.50,0.07,0.07,0.14
128.txt,1,30,6,27,4,50,12,41,5,0.82,0.12,0.20,0.05,0.05,0.15,30,30,30.00,30.00,0.60,0.60,3.00,4.24,0.87,13.01,0.66,0.59,7.68,1.96,0.32,0.67,0.12,0.02,0.15
130.txt,1,34,5,32,4,50,6,45,4,0.90,0.09,0.15,0.00,0.00,0.00,34,34,34.00,34.00,0.68,0.68,3.40,4.81,0.90,17.23,0.71,0.71,14.29,2.67,0.44,0.67,0.02,0.07,0.09
132.txt,1,33,6,32,5,50,8,49,7,0.98,0.14,0.18,0.07,0.14,0.26,33,33,33.00,33.00,0.66,0.66,3.30,4.67,0.89,16.00,0.65,0.62,11.17,2.36,0.37,0.62,0.10,0.08,0.18
134.txt,1,39,8,35,7,50,14,41,9,0.82,0.22,0.21,0.05,0.05,0.16,39,39,39.00,39.00,0.78,0.78,3.90,5.52,0.94,26.75,0.85,0.89,15.21,2.76,0.41,0.73,0.17,0.07,0.24
137.txt,1,33,9,30,8,50,17,41,11,0.82,0.27,0.27,0.05,0.05,0.16,33,33,33.00,33.00,0.66,0.66,3.30,4.67,0.89,16.00,0.73,0.70,9.80,2.21,0.34,0.69,0.12,0.05,0.17
141.txt,1,34,6,31,5,50,12,42,7,0.84,0.17,0.18,0.00,0.00,0.00,34,34,34.00,34.00,0.68,0.68,3.40,4.81,0.90,17.23,0.74,0.75,13.50,2.60,0.43,0.67,0.10,0.02,0.12
147.txt,1,37,9,31,7,50,13,41,9,0.82,0.22,0.24,0.00,0.00,0.00,37,37,37.00,37.00,0.74,0.74,3.70,5.23,0.92,22.07,0.76,0.65,8.45,2.06,0.32,0.89,0.17,0.07,0.24
148.txt,1,35,7,29,5,50,10,43,7,0.86,0.16,0.20,0.04,0.04,0.14,35,35,35.00,35.00,0.70,0.70,3.50,4.95,0.91,18.63,0.67,0.75,13.50,2.60,0.42,0.55,0.07,0.05,0.12
149.txt,1,38,7,34,6,50,10,43,8,0.86,0.19,0.18,0.00,0.00,0.00,38,38,38.00,38.00,0.76,0.76,3.80,5.37,0.93,24.22,0.79,0.75,11.25,2.37,0.35,0.70,0.16,0.12,0.28
150.txt,1,31,7,29,6,50,13,45,10,0.90,0.22,0.23,0.05,0.05,0.15,31,31,31.00,31.00,0.62,0.62,3.10,4.38,0.88,13.90,0.64,0.68,10.23,2.26,0.33,0.38,0.11,0.09,0.20
154.txt,1,39,6,37,5,50,8,46,6,0.92,0.13,0.15,0.00,0.00,0.00,39,39,39.00,39.00,0.78,0.78,3.90,5.52,0.94,26.75,0.80,0.81,17.93,2.99,0.48,0.70,0.09,0.09,0.17
156.txt,1,34,8,30,7,50,14,42,10,0.84,0.24,0.24,0.05,0.05,0.15,34,34,34.00,34.00,0.68,0.68,3.40,4.81,0.90,17.23,0.71,0.73,11.64,2.41,0.38,0.58,0.12,0.05,0.17
157.txt,1,43,8,38,6,50,8,43,6,0.86,0.14,0.19,0.04,0.04,0.14,43,43,43.00,43.00,0.86,0.86,4.30,6.08,0.96,44.07,0.88,0.89,21.33,3.27,0.56,1.00,0.09,0.12,0.21
158.txt,1,32,8,29,7,50,17,41,11,0.82,0.27,0.25,0.00,0.00,0.00,32,32,32.00,32.00,0.64,0.64,3.20,4.53,0.89,14.89,0.71,0.72,9.39,2.17,0.32,0.67,0.15,0.00,0.15
159.txt,1,34,9,29,7,50,13,41,10,0.82,0.24,0.26,0.05,0.05,0.15,34,34,34.00,34.00,0.68,0.68,3.40,4.81,0.90,17.23,0.71,0.62,8.05,2.01,0.32,0.71,0.17,0.10,0.27
160.txt,1,33,9,31,8,50,13,45,9,0.90,0.20,0.27,0.04,0.04,0.15,33,33,33.00,33.00,0.66,0.66,3.30,4.67,0.89,16.00,0.69,0.65,9.78,2.21,0.33,0.64,0.11,0.09,0.20
161.txt,1,33,7,31,6,50,13,45,9,0.90,0.20,0.21,0.07,0.15,0.27,33,33,33.00,33.00,0.66,0.66,3.30,4.67,0.89,16.00,0.69,0.70,13.37,2.59,0.42,0.55,0.09,0.04,0.13
162.txt,1,33,5,29,4,50,9,40,6,0.80,0.15,0.15,0.04,0.04,0.14,33,33,33.00,33.00,0.66,0.66,3.30,4.67,0.89,16.00,0.72,0.75,13.50,2.60,0.45,0.56,0.10,0.05,0.15
163.txt,1,31,7,26,5,50,14,40,7,0.80,0.17,0.23,0.00,0.00,0.00,31,31,31.00,31.00,0.62,0.62,3.10,4.38,0.88,13.90,0.65,0.61,10.32,2.27,0.42,0.57,0.12,0.00,0.12
164.txt,1,27,6,25,5,50,14,43,8,0.86,0.19,0.22,0.07,0.15,0.27,27,27,27.00,27.00,0.54,0.54,2.70,3.82,0.84,10.79,0.58,0.63,10.70,2.31,0.40,0.40,0.09,0.02,0.12
165.txt,1,36,7,31,6,50,11,40,7,0.80,0.17,0.19,0.00,0.00,0.00,36,36,36.00,36.00,0.72,0.72,3.60,5.09,0.92,20.23,0.78,0.70,11.13,2.36,0.40,0.89,0.15,0.03,0.17
166.txt,1,32,7,29,6,50,11,43,7,0.86,0.16,0.22,0.04,0.04,0.15,32,32,32.00,32.00,0.64,0.64,3.20,4.53,0.89,14.89,0.67,0.57,7.35,1.92,0.30,0.70,0.19,0.05,0.23
167.txt,1,36,8,32,7,50,14,42,9,0.84,0.21,0.22,0.04,0.04,0.15,36,36,36.00,36.00,0.72,0.72,3.60,5.09,0.92,20.23,0.76,0.74,12.57,2.51,0.40,0.67,0.12,0.05,0.17
170.txt,1,30,4,28,3,50,9,44,4,0.88,0.09,0.13,0.00,0.00,0.00,30,30,30.00,30.00,0.60,0.60,3.00,4.24,0.87,13.01,0.64,0.61,8.52,2.06,0.32,0.45,0.09,0.11,0.20
173.txt,1,34,6,32,5,50,8,43,5,0.86,0.12,0.18,0.00,0.00,0.00,34,34,34.00,34.00,0.68,0.68,3.40,4.81,0.90,17.23,0.74,0.70,13.37,2.59,0.44,0.78,0.09,0.05,0.14
174.txt,1,31,5,30,4,50,11,44,6,0.88,0.14,0.16,0.04,0.04,0.14,31,31,31.00,31.00,0.62,0.62,3.10,4.38,0.88,13.90,0.68,0.70,13.37,2.59,0.43,0.50,0.07,0.05,0.11
175.txt,1,29,6,25,5,50,12,41,7,0.82,0.17,0.21,0.00,0.00,0.00,29,29,29.00,29.00,0.58,0.58,2.90,4.10,0.86,12.20,0.61,0.52,6.26,1.77,0.29,0.64,0.07,0.02,0.10
176.txt,1,28,7,24,4,50,16,39,7,0.78,0.18,0.25,0.04,0.04,0.15,28,28,28.00,28.00,0.56,0.56,2.80,3.96,0.85,11.46,0.62,0.57,7.35,1.92,0.33,0.58,0.05,0.05,0.10
177.txt,1,39,7,35,6,50,13,42,9,0.84,0.21,0.18,0.00,0.00,0.00,39,39,39.00,39.00,0.78,0.78,3.90,5.52,0.94,26.75,0.83,0.85,14.45,2.69,0.40,0.69,0.12,0.10,0.21
178.txt,1,37,9,32,8,50,13,40,10,0.80,0.25,0.24,0.00,0.00,0.00,37,37,37.00,37.00,0.74,0.74,3.70,5.23,0.92,22.07,0.80,0.79,11.84,2.43,0.38,0.69,0.12,0.07,0.20
179.txt,1,40,10,35,9,50,12,41,11,0.82,0.27,0.25,0.12,0.38,0.43,40,40,40.00,40.00,0.80,0.80,4.00,5.66,0.94,29.79,0.85,0.79,15.04,2.74,0.46,0.91,0.10,0.05,0.15
182.txt,1,35,11,28,5,50,12,37,5,0.74,0.14,0.31,0.00,0.00,0.00,35,35,35.00,35.00,0.70,0.70,3.50,4.95,0.91,18.63,0.76,0.67,9.33,2.16,0.38,0.86,0.05,0.16,0.22
187.txt,1,32,6,31,5,50,13,44,7,0.88,0.16,0.19,0.00,0.00,0.00,32,32,32.00,32.00,0.64,0.64,3.20,4.53,0.89,14.89,0.70,0.69,12.46,2.50,0.41,0.64,0.07,0.02,0.09
188.txt,1,37,12,28,6,50,13,39,6,0.78,0.15,0.32,0.12,0.36,0.42,37,37,37.00,37.00,0.74,0.74,3.70,5.23,0.92,22.07,0.72,0.68,11.56,2.40,0.44,0.71,0.10,0.05,0.15
191.txt,1,28,6,22,4,50,14,39,7,0.78,0.18,0.21,0.00,0.00,0.00,28,28,28.00,28.00,0.56,0.56,2.80,3.96,0.85,11.46,0.56,0.59,7.68,1.96,0.33,0.45,0.08,0.03,0.10
194.txt,1,37,7,33,6,50,9,45,7,0.90,0.16,0.19,0.00,0.00,0.00,37,37,37.00,37.00,0.74,0.74,3.70,5.23,0.92,22.07,0.73,0.63,10.70,2.31,0.38,0.71,0.20,0.04,0.24
196.txt,1,38,7,34,5,50,11,41,6,0.82,0.15,0.18,0.00,0.00,0.00,38,38,38.00,38.00,0.76,0.76,3.80,5.37,0.93,24.22,0.83,0.86,15.43,2.78,0.44,0.82,0.07,0.10,0.17
197.txt,1,35,10,31,9,50,17,38,10,0.76,0.26,0.29,0.05,0.05,0.16,35,35,35.00,35.00,0.70,0.70,3.50,4.95,0.91,18.63,0.82,0.85,14.45,2.69,0.45,0.69,0.08,0.05,0.13
198.txt,1,37,11,33,9,50,13,44,10,0.88,0.23,0.30,0.08,0.16,0.28,37,37,37.00,37.00,0.74,0.74,3.70,5.23,0.92,22.07,0.75,0.68,11.56,2.40,0.39,0.62,0.16,0.09,0.25
199.txt,1,42,9,39,8,50,12,45,9,0.90,0.20,0.21,0.04,0.04,0.14,42,42,42.00,42.00,0.84,0.84,4.20,5.94,0.96,38.12,0.87,0.92,21.16,3.25,0.51,0.78,0.13,0.07,0.20
200.txt,1,34,4,29,3,50,5,43,3,0.86,0.07,0.12,0.00,0.00,0.00,34,34,34.00,34.00,0.68,0.68,3.40,4.81,0.90,17.23,0.67,0.70,13.37,2.59,0.44,0.62,0.07,0.07,0.14
203.txt,1,43,11,40,10,50,11,45,10,0.90,0.22,0.26,0.24,1.44,0.85,43,43,43.00,43.00,0.86,0.86,4.30,6.08,0.96,44.07,0.89,0.88,19.36,3.11,0.49,1.00,0.09,0.07,0.16
204.txt,1,36,7,32,5,50,11,44,8,0.88,0.18,0.19,0.00,0.00,0.00,36,36,36.00,36.00,0.72,0.72,3.60,5.09,0.92,20.23,0.73,0.67,8.00,2.00,0.27,0.70,0.18,0.11,0.30
205.txt,1,33,5,30,4,50,13,41,7,0.82,0.17,0.15,0.00,0.00,0.00,33,33,33.00,33.00,0.66,0.66,3.30,4.67,0.89,16.00,0.73,0.87,17.39,2.95,0.49,0.62,0.10,0.02,0.12
206.txt,1,33,8,30,7,50,12,43,8,0.86,0.19,0.24,0.00,0.00,0.00,33,33,33.00,33.00,0.66,0.66,3.30,4.67,0.89,16.00,0.70,0.67,10.67,2.31,0.37,0.55,0.14,0.05,0.19
208.txt,1,31,5,26,4,50,9,37,5,0.74,0.14,0.16,0.00,0.00,0.00,31,31,31.00,31.00,0.62,0.62,3.10,4.38,0.88,13.90,0.70,0.72,9.39,2.17,0.35,0.62,0.08,0.00,0.08
209.txt,1,36,10,32,9,50,12,45,10,0.90,0.22,0.28,0.07,0.15,0.27,36,36,36.00,36.00,0.72,0.72,3.60,5.09,0.92,20.23,0.71,0.63,10.70,2.31,0.38,0.80,0.11,0.04,0.16
211.txt,1,34,7,30,6,50,10,40,7,0.80,0.17,0.21,0.00,0.00,0.00,34,34,34.00,34.00,0.68,0.68,3.40,4.81,0.90,17.23,0.75,0.75,11.25,2.37,0.38,0.60,0.17,0.05,0.23
213.txt,1,29,5,26,4,50,9,45,6,0.90,0.13,0.17,0.00,0.00,0.00,29,29,29.00,29.00,0.58,0.58,2.90,4.10,0.86,12.20,0.58,0.50,7.00,1.87,0.31,0.57,0.09,0.09,0.18
215.txt,1,31,10,29,9,50,13,45,10,0.90,0.22,0.32,0.08,0.17,0.29,31,31,31.00,31.00,0.62,0.62,3.10,4.38,0.88,13.90,0.64,0.58,8.17,2.02,0.31,0.67,0.13,0.07,0.20
216.txt,1,37,5,33,4,50,8,42,5,0.84,0.12,0.14,0.00,0.00,0.00,37,37,37.00,37.00,0.74,0.74,3.70,5.23,0.92,22.07,0.79,0.81,17.93,2.99,0.52,0.67,0.10,0.02,0.12
218.txt,1,22,6,19,5,50,21,35,10,0.70,0.29,0.27,0.07,0.07,0.19,22,22,22.00,22.00,0.44,0.44,2.20,3.11,0.79,8.10,0.54,0.57,4.57,1.51,0.23,0.41,0.09,0.03,0.11
220.txt,1,34,5,31,4,50,9,45,7,0.90,0.16,0.15,0.04,0.04,0.13,34,34,34.00,34.00,0.68,0.68,3.40,4.81,0.90,17.23,0.69,0.71,14.29,2.67,0.44,0.56,0.09,0.04,0.13
221.txt,1,40,6,36,5,50,8,42,5,0.84,0.12,0.15,0.08,0.15,0.28,40,40,40.00,40.00,0.80,0.80,4.00,5.66,0.94,29.79,0.86,0.85,18.62,3.05,0.52,0.89,0.10,0.05,0.14
222.txt,1,45,10,42,8,50,11,46,9,0.92,0.20,0.22,0.10,0.29,0.38,45,45,45.00,45.00,0.90,0.90,4.50,6.36,0.97,63.08,0.91,0.87,23.52,3.43,0.59,1.00,0.13,0.04,0.17
224.txt,1,36,4,32,3,50,6,44,5,0.88,0.11,0.11,0.05,0.05,0.16,36,36,36.00,36.00,0.72,0.72,3.60,5.09,0.92,20.23,0.73,0.84,13.47,2.60,0.36,0.50,0.09,0.14,0.23
225.txt,1,30,5,28,4,50,10,45,6,0.90,0.13,0.17,0.00,0.00,0.00,30,30,30.00,30.00,0.60,0.60,3.00,4.24,0.87,13.01,0.62,0.58,8.65,2.08,0.33,0.62,0.09,0.09,0.18
229.txt,1,33,4,29,3,50,7,42,4,0.84,0.10,0.12,0.00,0.00,0.00,33,33,33.00,33.00,0.66,0.66,3.30,4.67,0.89,16.00,0.69,0.68,12.89,2.54,0.45,0.62,0.07,0.05,0.12
230.txt,1,37,7,34,6,50,9,46,7,0.92,0.15,0.19,0.04,0.04,0.14,37,37,37.00,37.00,0.74,0.74,3.70,5.23,0.92,22.07,0.74,0.79,15.04,2.74,0.41,0.58,0.09,0.09,0.17
234.txt,1,34,6,32,5,50,11,43,6,0.86,0.14,0.18,0.07,0.15,0.27,34,34,34.00,34.00,0.68,0.68,3.40,4.81,0.90,17.23,0.74,0.78,16.33,2.86,0.49,0.44,0.09,0.07,0.16
237.txt,1,32,7,28,6,50,14,41,10,0.82,0.24,0.22,0.00,0.00,0.00,32,32,32.00,32.00,0.64,0.64,3.20,4.53,0.89,14.89,0.68,0.71,10.71,2.31,0.37,0.55,0.15,0.02,0.17
241.txt,1,39,3,35,2,50,4,45,3,0.90,0.07,0.08,0.03,0.03,0.12,39,39,39.00,39.00,0.78,0.78,3.90,5.52,0.94,26.75,0.78,0.72,16.53,2.88,0.51,0.88,0.09,0.02,0.11
244.txt,1,32,12,28,10,50,17,38,10,0.76,0.26,0.38,0.11,0.22,0.33,32,32,32.00,32.00,0.64,0.64,3.20,4.53,0.89,14.89,0.74,0.67,8.00,2.00,0.32,0.75,0.16,0.05,0.21
246.txt,1,33,6,29,5,50,11,40,7,0.80,0.17,0.18,0.00,0.00,0.00,33,33,33.00,33.00,0.66,0.66,3.30,4.67,0.89,16.00,0.72,0.67,8.00,2.00,0.30,0.73,0.10,0.12,0.23
247.txt,1,43,3,38,2,50,3,42,2,0.84,0.05,0.07,0.00,0.00,0.00,43,43,43.00,43.00,0.86,0.86,4.30,6.08,0.96,44.07,0.90,0.92,20.17,3.18,0.52,0.78,0.14,0.07,0.21
248.txt,1,33,6,30,5,50,8,45,5,0.90,0.11,0.18,0.07,0.14,0.27,33,33,33.00,33.00,0.66,0.66,3.30,4.67,0.89,16.00,0.67,0.57,9.14,2.14,0.36,0.80,0.13,0.09,0.22
249.txt,1,34,5,28,4,50,9,42,6,0.84,0.14,0.15,0.04,0.04,0.14,34,34,34.00,34.00,0.68,0.68,3.40,4.81,0.90,17.23,0.67,0.65,11.12,2.36,0.40,0.44,0.07,0.10,0.17
251.txt,1,38,6,35,4,50,8,47,6,0.94,0.13,0.16,0.08,0.15,0.28,38,38,38.00,38.00,0.76,0.76,3.80,5.37,0.93,24.22,0.74,0.69,12.46,2.50,0.38,0.56,0.19,0.06,0.26
252.txt,1,39,5,35,4,50,5,42,4,0.84,0.10,0.13,0.04,0.04,0.14,39,39,39.00,39.00,0.78,0.78,3.90,5.52,0.94,26.75,0.83,0.81,17.93,2.99,0.52,0.75,0.07,0.10,0.17
253.txt,1,39,11,36,10,50,15,46,14,0.92,0.30,0.28,0.14,0.57,0.53,39,39,39.00,39.00,0.78,0.78,3.90,5.52,0.94,26.75,0.78,0.75,15.75,2.81,0.46,0.70,0.11,0.07,0.17
254.txt,1,37,7,33,6,50,11,40,7,0.80,0.17,0.19,0.00,0.00,0.00,37,37,37.00,37.00,0.74,0.74,3.70,5.23,0.92,22.07,0.82,0.86,10.29,2.27,0.30,0.70,0.23,0.12,0.35
255.txt,1,36,15,31,14,50,20,39,17,0.78,0.44,0.42,0.26,1.32,0.81,36,36,36.00,36.00,0.72,0.72,3.60,5.09,0.92,20.23,0.79,0.74,10.32,2.27,0.36,0.82,0.05,0.03,0.08
256.txt,1,34,7,30,5,50,9,43,5,0.86,0.12,0.21,0.00,0.00,0.00,34,34,34.00,34.00,0.68,0.68,3.40,4.81,0.90,17.23,0.70,0.68,11.56,2.40,0.40,0.62,0.14,0.07,0.21
259.txt,1,36,10,30,7,50,11,41,7,0.82,0.17,0.28,0.04,0.04,0.14,36,36,36.00,36.00,0.72,0.72,3.60,5.09,0.92,20.23,0.73,0.68,11.56,2.40,0.41,0.70,0.12,0.02,0.15
260.txt,1,36,9,34,8,50,15,44,11,0.88,0.25,0.25,0.05,0.05,0.15,36,36,36.00,36.00,0.72,0.72,3.60,5.09,0.92,20.23,0.77,0.82,14.73,2.71,0.41,0.70,0.14,0.07,0.20
261.txt,1,29,5,25,4,50,12,42,8,0.84,0.19,0.17,0.00,0.00,0.00,29,29,29.00,29.00,0.58,0.58,2.90,4.10,0.86,12.20,0.60,0.56,7.84,1.98,0.33,0.60,0.07,0.05,0.12
262.txt,1,35,5,30,4,50,10,41,5,0.82,0.12,0.14,0.05,0.05,0.15,35,35,35.00,35.00,0.70,0.70,3.50,4.95,0.91,18.63,0.73,0.73,11.64,2.41,0.39,0.78,0.12,0.05,0.17
263.txt,1,33,6,29,5,50,10,40,7,0.80,0.17,0.18,0.00,0.00,0.00,33,33,33.00,33.00,0.66,0.66,3.30,4.67,0.89,16.00,0.72,0.68,8.89,2.11,0.33,0.67,0.12,0.12,0.25
265.txt,1,39,11,34,9,50,15,43,12,0.86,0.28,0.28,0.05,0.05,0.15,39,39,39.00,39.00,0.78,0.78,3.90,5.52,0.94,26.75,0.79,0.77,13.14,2.56,0.40,0.78,0.12,0.12,0.23
267.txt,1,27,8,24,7,50,13,38,9,0.76,0.24,0.30,0.16,0.47,0.49,27,27,27.00,27.00,0.54,0.54,2.70,3.82,0.84,10.79,0.63,0.63,7.58,1.95,0.32,0.55,0.16,0.00,0.16
268.txt,1,28,8,26,7,50,17,45,13,0.90,0.29,0.29,0.10,0.19,0.31,28,28,28.00,28.00,0.56,0.56,2.80,3.96,0.85,11.46,0.58,0.52,5.76,1.70,0.24,0.57,0.09,0.07,0.16
269.txt,1,34,7,31,6,50,10,40,7,0.80,0.17,0.21,0.04,0.04,0.14,34,34,34.00,34.00,0.68,0.68,3.40,4.81,0.90,17.23,0.78,0.75,13.50,2.60,0.45,0.75,0.07,0.03,0.10
270.txt,1,40,12,35,8,50,13,42,9,0.84,0.21,0.30,0.04,0.04,0.14,40,40,40.00,40.00,0.80,0.80,4.00,5.66,0.94,29.79,0.83,0.81,16.96,2.91,0.50,0.83,0.17,0.05,0.21
272.txt,1,36,5,32,4,50,8,41,5,0.82,0.12,0.14,0.00,0.00,0.00,36,36,36.00,36.00,0.72,0.72,3.60,5.09,0.92,20.23,0.78,0.76,14.44,2.69,0.46,0.75,0.10,0.07,0.17
273.txt,1,39,7,35,6,50,9,42,6,0.84,0.14,0.18,0.00,0.00,0.00,39,39,39.00,39.00,0.78,0.78,3.90,5.52,0.94,26.75,0.83,0.79,15.04,2.74,0.45,0.83,0.07,0.07,0.14
274.txt,1,32,9,28,8,50,14,39,9,0.78,0.23,0.28,0.05,0.05,0.16,32,32,32.00,32.00,0.64,0.64,3.20,4.53,0.89,14.89,0.72,0.74,10.32,2.27,0.36,0.69,0.10,0.03,0.13
275.txt,1,34,8,32,7,50,13,44,9,0.88,0.20,0.24,0.04,0.04,0.14,34,34,34.00,34.00,0.68,0.68,3.40,4.81,0.90,17.23,0.73,0.73,13.88,2.63,0.43,0.67,0.07,0.05,0.11
276.txt,1,39,10,31,6,50,11,40,6,0.80,0.15,0.26,0.00,0.00,0.00,39,39,39.00,39.00,0.78,0.78,3.90,5.52,0.94,26.75,0.78,0.75,13.50,2.60,0.45,0.73,0.07,0.05,0.12
277.txt,1,31,6,27,6,50,7,44,7,0.88,0.16,0.19,0.04,0.04,0.14,31,31,31.00,31.00,0.62,0.62,3.10,4.38,0.88,13.90,0.61,0.58,8.65,2.08,0.34,0.60,0.14,0.02,0.16
278.txt,1,37,8,35,7,50,12,45,9,0.90,0.20,0.22,0.08,0.15,0.28,37,37,37.00,37.00,0.74,0.74,3.70,5.23,0.92,22.07,0.78,0.73,13.88,2.63,0.42,0.57,0.20,0.07,0.27
281.txt,1,32,7,29,6,50,10,44,7,0.88,0.16,0.22,0.00,0.00,0.00,32,32,32.00,32.00,0.64,0.64,3.20,4.53,0.89,14.89,0.66,0.58,8.65,2.08,0.34,0.75,0.07,0.07,0.14
282.txt,1,42,6,38,5,50,8,45,6,0.90,0.13,0.14,0.05,0.05,0.15,42,42,42.00,42.00,0.84,0.84,4.20,5.94,0.96,38.12,0.84,0.81,13.76,2.62,0.38,0.85,0.16,0.07,0.22
284.txt,1,31,8,24,6,50,13,36,8,0.72,0.22,0.26,0.06,0.06,0.17,31,31,31.00,31.00,0.62,0.62,3.10,4.38,0.88,13.90,0.67,0.65,7.12,1.89,0.31,0.67,0.11,0.03,0.14
285.txt,1,30,6,28,5,50,15,42,8,0.84,0.19,0.20,0.04,0.04,0.14,30,30,30.00,30.00,0.60,0.60,3.00,4.24,0.87,13.01,0.67,0.69,12.46,2.50,0.43,0.40,0.10,0.05,0.14
290.txt,1,29,6,26,5,50,9,46,7,0.92,0.15,0.21,0.06,0.12,0.25,29,29,29.00,29.00,0.58,0.58,2.90,4.10,0.86,12.20,0.57,0.50,8.00,2.00,0.35,0.80,0.13,0.02,0.15
291.txt,1,32,5,29,4,50,12,42,6,0.84,0.14,0.16,0.03,0.03,0.13,32,32,32.00,32.00,0.64,0.64,3.20,4.53,0.89,14.89,0.69,0.66,12.45,2.49,0.45,0.62,0.07,0.05,0.12
292.txt,1,32,7,29,6,50,11,39,7,0.78,0.18,0.22,0.04,0.04,0.15,32,32,32.00,32.00,0.64,0.64,3.20,4.53,0.89,14.89,0.74,0.74,12.57,2.51,0.44,0.80,0.13,0.00,0.13
293.txt,1,32,10,28,9,50,17,41,12,0.82,0.29,0.31,0.00,0.00,0.00,32,32,32.00,32.00,0.64,0.64,3.20,4.53,0.89,14.89,0.68,0.58,6.37,1.78,0.27,0.75,0.12,0.07,0.20
295.txt,1,28,5,26,4,50,18,40,9,0.80,0.23,0.18,0.00,0.00,0.00,28,28,28.00,28.00,0.56,0.56,2.80,3.96,0.85,11.46,0.65,0.70,9.80,2.21,0.35,0.55,0.12,0.03,0.15
297.txt,1,32,7,29,6,50,11,45,8,0.90,0.18,0.22,0.04,0.04,0.14,32,32,32.00,32.00,0.64,0.64,3.20,4.53,0.89,14.89,0.64,0.56,7.84,1.98,0.31,0.58,0.13,0.04,0.18
298.txt,1,37,11,33,9,50,12,42,10,0.84,0.24,0.30,0.14,0.41,0.45,37,37,37.00,37.00,0.74,0.74,3.70,5.23,0.92,22.07,0.79,0.82,14.73,2.71,0.43,0.67,0.12,0.10,0.21
299.txt,1,34,6,30,5,50,14,40,7,0.80,0.17,0.18,0.00,0.00,0.00,34,34,34.00,34.00,0.68,0.68,3.40,4.81,0.90,17.23,0.75,0.77,13.14,2.56,0.42,0.67,0.10,0.03,0.12
300.txt,1,29,5,25,4,50,10,45,8,0.90,0.18,0.17,0.00,0.00,0.00,29,29,29.00,29.00,0.58,0.58,2.90,4.10,0.86,12.20,0.56,0.56,7.84,1.98,0.31,0.43,0.04,0.07,0.11
301.txt,1,36,12,31,10,50,18,42,14,0.84,0.33,0.33,0.09,0.17,0.29,36,36,36.00,36.00,0.72,0.72,3.60,5.09,0.92,20.23,0.74,0.65,9.78,2.21,0.36,0.80,0.10,0.10,0.19
306.txt,1,37,7,33,5,50,8,44,6,0.88,0.14,0.19,0.00,0.00,0.00,37,37,37.00,37.00,0.74,0.74,3.70,5.23,0.92,22.07,0.75,0.70,14.70,2.71,0.48,0.78,0.09,0.02,0.11
308.txt,1,33,6,29,4,50,9,41,5,0.82,0.12,0.18,0.00,0.00,0.00,33,33,33.00,33.00,0.66,0.66,3.30,4.67,0.89,16.00,0.71,0.62,8.05,2.01,0.32,0.69,0.15,0.02,0.17
312.txt,1,28,7,24,6,50,16,41,11,0.82,0.27,0.25,0.10,0.19,0.31,28,28,28.00,28.00,0.56,0.56,2.80,3.96,0.85,11.46,0.59,0.57,6.86,1.85,0.29,0.60,0.10,0.05,0.15
315.txt,1,38,7,33,4,50,10,40,6,0.80,0.15,0.18,0.00,0.00,0.00,38,38,38.00,38.00,0.76,0.76,3.80,5.37,0.93,24.22,0.82,0.90,16.20,2.85,0.45,0.75,0.07,0.15,0.23
317.txt,1,36,7,31,6,50,8,43,7,0.86,0.16,0.19,0.08,0.15,0.28,36,36,36.00,36.00,0.72,0.72,3.60,5.09,0.92,20.23,0.72,0.65,11.12,2.36,0.40,0.80,0.07,0.07,0.14
326.txt,1,31,6,28,5,50,10,43,6,0.86,0.14,0.19,0.08,0.17,0.29,31,31,31.00,31.00,0.62,0.62,3.10,4.38,0.88,13.90,0.65,0.67,10.67,2.31,0.37,0.50,0.12,0.00,0.12
327.txt,1,34,5,30,3,50,9,43,5,0.86,0.12,0.15,0.00,0.00,0.00,34,34,34.00,34.00,0.68,0.68,3.40,4.81,0.90,17.23,0.70,0.70,14.70,2.71,0.49,0.56,0.05,0.05,0.09
328.txt,1,36,5,35,5,50,6,48,6,0.96,0.12,0.14,0.04,0.04,0.14,36,36,36.00,36.00,0.72,0.72,3.60,5.09,0.92,20.23,0.73,0.70,13.37,2.59,0.40,0.73,0.08,0.08,0.17
332.txt,1,36,7,31,6,50,9,42,8,0.84,0.19,0.19,0.00,0.00,0.00,36,36,36.00,36.00,0.72,0.72,3.60,5.09,0.92,20.23,0.74,0.65,8.45,2.06,0.31,0.70,0.21,0.05,0.26
333.txt,1,37,5,35,4,50,7,47,5,0.94,0.11,0.14,0.03,0.03,0.12,37,37,37.00,37.00,0.74,0.74,3.70,5.23,0.92,22.07,0.74,0.69,15.12,2.75,0.47,1.00,0.06,0.06,0.13
334.txt,1,40,7,35,5,50,12,43,8,0.86,0.19,0.17,0.00,0.00,0.00,40,40,40.00,40.00,0.80,0.80,4.00,5.66,0.94,29.79,0.81,0.83,15.70,2.80,0.44,0.75,0.09,0.07,0.16
336.txt,1,29,9,27,8,50,21,39,15,0.78,0.38,0.31,0.12,0.24,0.34,29,29,29.00,29.00,0.58,0.58,2.90,4.10,0.86,12.20,0.69,0.71,8.47,2.06,0.31,0.55,0.15,0.08,0.23
337.txt,1,34,8,31,7,50,13,44,9,0.88,0.20,0.24,0.00,0.00,0.00,34,34,34.00,34.00,0.68,0.68,3.40,4.81,0.90,17.23,0.70,0.62,11.17,2.36,0.41,0.78,0.11,0.02,0.14
339.txt,1,35,6,29,3,50,6,42,3,0.84,0.07,0.17,0.05,0.05,0.15,35,35,35.00,35.00,0.70,0.70,3.50,4.95,0.91,18.63,0.69,0.71,10.71,2.31,0.36,0.60,0.12,0.07,0.19
340.txt,1,40,6,34,4,50,8,39,4,0.78,0.10,0.15,0.00,0.00,0.00,40,40,40.00,40.00,0.80,0.80,4.00,5.66,0.94,29.79,0.87,0.82,14.73,2.71,0.46,1.00,0.13,0.05,0.18
342.txt,1,38,7,34,6,50,7,45,6,0.90,0.13,0.18,0.04,0.04,0.14,38,38,38.00,38.00,0.76,0.76,3.80,5.37,0.93,24.22,0.76,0.69,12.46,2.50,0.40,0.62,0.13,0.11,0.24
343.txt,1,36,8,33,7,50,13,43,9,0.86,0.21,0.22,0.05,0.05,0.16,36,36,36.00,36.00,0.72,0.72,3.60,5.09,0.92,20.23,0.77,0.84,13.47,2.60,0.37,0.70,0.16,0.07,0.23
344.txt,1,37,7,33,6,50,11,42,7,0.84,0.17,0.19,0.05,0.05,0.16,37,37,37.00,37.00,0.74,0.74,3.70,5.23,0.92,22.07,0.79,0.80,12.80,2.53,0.38,0.82,0.14,0.05,0.19
346.txt,1,39,8,36,6,50,10,46,7,0.92,0.15,0.21,0.03,0.03,0.13,39,39,39.00,39.00,0.78,0.78,3.90,5.52,0.94,26.75,0.78,0.72,15.21,2.76,0.46,0.82,0.07,0.07,0.13